File Name:	PMMA_CN_15mm_60Kmin_4mg_R4.txt	Version: 8.3.7.3
Date:	06 Sep 2024
Operator:	KH
Test ID:	PMMA_CN_15mm_4mg_60K_R4
Sample ID:	PMMA_CN_15mm_4mg
Sample Mass (mg):	3.9800
Sample Cup Mass (mg):	182.2300
End Total Mass (mg):	0.0300
Heating Rate (C/s):	1.0000
Combuster Temperature (C):	900.0
N2 Flow Rate (cc/min):	80.0
O2 Flow Rate (cc/min):	20.0
Calibration File:	Coeff.txt
T Correction Coefficients:	0.308738730	0.013615500	0.000000000
Time Shift (s):	10.0
Pre-Test Comments:
Post-Test Comments:
Baseline Flow:	100.263
Baseline O2:	20.290
Instrument ID:	2700
@
Time (s)	Temperature (C)	N2 Flow (cc/min)	O2 Flow (cc/min)	Total Flow (cc/min)	Oxygen (%)	HRR (W/g)	Heating Rate (C/s)	Combustor Temp (C)
0.000	75.221	80.103	19.996	100.263	20.322	-13.445	0.059	900.120
0.500	75.195	80.104	19.997	100.265	20.304	-12.273	0.005	900.111
1.000	75.198	80.104	19.997	100.269	20.278	-10.361	-0.022	900.154
1.500	75.234	80.103	19.997	100.281	20.256	-8.652	0.039	900.147
2.000	75.245	80.103	19.997	100.332	20.233	-6.985	0.046	900.130
2.500	75.283	80.102	19.997	100.418	20.218	-5.904	0.050	900.127
2.999	75.317	80.103	19.997	100.524	20.203	-4.779	0.072	900.109
3.500	75.339	80.104	19.997	100.644	20.194	-4.119	0.056	900.139
4.000	75.419	80.102	19.997	100.763	20.186	-3.574	0.102	900.154
4.501	75.467	80.103	19.997	100.854	20.181	-3.251	0.128	900.121
5.001	75.520	80.103	19.997	100.919	20.178	-3.425	0.102	900.126
5.500	75.613	80.102	19.997	100.967	20.176	-4.613	0.146	900.146
5.999	75.693	80.106	19.997	101.008	20.173	-6.080	0.172	900.160
6.500	75.756	80.104	19.997	101.039	20.174	-7.958	0.143	900.131
7.000	75.901	80.103	19.996	101.062	20.170	-9.593	0.208	900.145
7.500	75.986	80.103	19.998	101.077	20.169	-11.499	0.230	900.127
8.000	76.074	80.103	19.997	101.090	20.167	-13.060	0.173	900.167
8.500	76.223	80.103	19.997	101.095	20.169	-14.010	0.237	900.180
8.999	76.365	80.102	19.996	101.098	20.167	-14.256	0.291	900.165
9.499	76.484	80.102	19.997	101.106	20.167	-14.428	0.261	900.171
10.000	76.607	80.104	19.997	101.111	20.164	-14.024	0.242	900.166
10.500	76.732	80.103	19.997	101.113	20.151	-12.627	0.248	900.145
11.000	76.882	80.104	19.996	101.121	20.131	-10.555	0.275	900.167
11.500	77.039	80.105	19.997	101.126	20.104	-7.858	0.307	900.165
12.000	77.213	80.105	19.997	101.128	20.075	-4.898	0.330	900.148
12.500	77.393	80.104	19.997	101.164	20.049	-2.186	0.354	900.162
13.000	77.579	80.103	19.998	101.270	20.029	0.002	0.367	900.164
13.500	77.787	80.102	19.998	101.409	20.016	1.584	0.394	900.155
14.000	78.031	80.104	19.998	101.559	20.007	2.786	0.452	900.123
14.500	78.279	80.103	19.997	101.714	20.008	3.273	0.492	900.133
15.000	78.563	80.102	19.997	101.846	20.009	3.823	0.532	900.123
15.500	78.852	80.105	19.997	101.916	20.013	4.057	0.573	900.166
16.001	79.172	80.104	19.998	101.947	20.020	4.108	0.609	900.144
16.500	79.468	80.105	19.998	101.966	20.027	4.045	0.616	900.118
17.000	79.797	80.106	19.998	101.971	20.037	3.662	0.625	900.139
17.500	80.115	80.103	19.998	101.955	20.045	3.458	0.647	900.142
18.001	80.524	80.103	19.998	101.915	20.049	3.355	0.726	900.136
18.501	80.902	80.103	20.000	101.873	20.058	2.888	0.788	900.115
19.000	81.261	80.103	19.999	101.830	20.067	2.281	0.738	900.138
19.500	81.658	80.104	19.999	101.785	20.073	2.066	0.756	900.151
20.000	82.064	80.103	19.999	101.744	20.079	1.718	0.803	900.128
20.500	82.502	80.100	19.999	101.708	20.085	1.534	0.844	900.138
21.001	82.908	80.101	19.999	101.669	20.090	1.391	0.844	900.131
21.500	83.337	80.100	19.999	101.626	20.096	1.113	0.834	900.141
22.000	83.762	80.101	19.998	101.588	20.100	0.958	0.854	900.168
22.500	84.188	80.102	19.998	101.550	20.103	0.823	0.851	900.124
23.000	84.596	80.102	19.998	101.510	20.107	0.554	0.834	900.135
23.501	85.048	80.101	19.997	101.470	20.107	0.639	0.860	900.117
24.000	85.540	80.100	19.998	101.439	20.116	0.098	0.945	900.139
24.500	85.979	80.100	20.000	101.406	20.117	0.156	0.932	900.127
25.000	86.448	80.103	19.998	101.386	20.121	-0.012	0.907	900.121
25.500	86.920	80.102	19.999	101.376	20.129	-0.366	0.940	900.133
26.001	87.407	80.102	19.998	101.368	20.128	-0.112	0.959	900.137
26.501	87.871	80.103	19.998	101.355	20.134	-0.359	0.952	900.131
27.000	88.362	80.103	19.998	101.343	20.138	-0.509	0.956	900.097
27.500	88.831	80.104	19.998	101.324	20.144	-0.798	0.960	900.123
28.000	89.318	80.105	19.998	101.306	20.146	-0.835	0.956	900.107
28.500	89.804	80.104	19.998	101.291	20.146	-0.804	0.972	900.103
29.000	90.324	80.105	19.998	101.276	20.153	-1.238	1.006	900.129
29.500	90.811	80.103	19.998	101.269	20.156	-1.346	1.007	900.104
30.000	91.305	80.102	19.999	101.265	20.155	-1.157	0.981	900.097
30.500	91.827	80.104	19.999	101.260	20.161	-1.501	1.016	900.099
31.000	92.325	80.102	19.999	101.252	20.161	-1.326	1.020	900.105
31.501	92.810	80.103	19.998	101.246	20.162	-1.310	0.982	900.118
32.001	93.344	80.103	19.999	101.233	20.163	-1.249	1.019	900.094
32.501	93.834	80.102	19.999	101.218	20.167	-1.310	1.025	900.081
33.001	94.365	80.105	19.998	101.203	20.166	-1.110	1.021	900.130
33.500	94.856	80.105	19.998	101.188	20.172	-1.393	1.022	900.105
34.001	95.371	80.104	20.000	101.175	20.173	-1.356	1.006	900.075
34.501	95.914	80.103	19.999	101.165	20.177	-1.537	1.059	900.110
35.000	96.428	80.102	19.999	101.153	20.175	-1.355	1.058	900.118
35.500	96.952	80.104	20.000	101.147	20.177	-1.524	1.038	900.088
36.000	97.474	80.103	20.000	101.145	20.180	-1.762	1.046	900.072
36.500	97.982	80.103	19.999	101.139	20.182	-1.887	1.030	900.078
37.000	98.499	80.101	19.999	101.130	20.182	-1.719	1.025	900.050
37.500	99.056	80.104	19.999	101.121	20.182	-1.625	1.073	900.086
38.000	99.570	80.102	20.000	101.109	20.184	-1.697	1.071	900.082
38.500	100.106	80.105	19.999	101.097	20.186	-1.774	1.050	900.105
39.000	100.654	80.105	19.999	101.089	20.191	-2.109	1.084	900.114
39.501	101.145	80.105	20.000	101.081	20.189	-1.940	1.038	900.093
40.000	101.653	80.106	19.999	101.068	20.191	-2.147	1.000	900.094
40.500	102.216	80.104	19.999	101.054	20.194	-2.285	1.072	900.102
41.000	102.734	80.103	20.000	101.041	20.191	-1.968	1.080	900.112
41.500	103.272	80.105	20.000	101.031	20.191	-1.926	1.056	900.121
42.000	103.816	80.101	20.000	101.027	20.194	-2.094	1.083	900.083
42.500	104.313	80.105	19.999	101.028	20.195	-2.155	1.040	900.081
43.000	104.878	80.103	19.999	101.032	20.196	-2.183	1.062	900.099
43.500	105.370	80.104	20.000	101.031	20.197	-2.230	1.057	900.119
44.000	105.918	80.105	20.000	101.026	20.196	-2.137	1.040	900.115
44.500	106.457	80.108	20.000	101.013	20.201	-2.369	1.086	900.099
45.001	106.973	80.107	20.000	101.005	20.199	-2.046	1.054	900.090
45.501	107.514	80.106	20.000	100.997	20.200	-2.039	1.057	900.090
46.001	108.051	80.107	20.000	100.996	20.201	-2.028	1.079	900.085
46.500	108.576	80.109	20.001	100.995	20.199	-1.979	1.062	900.050
47.000	109.091	80.109	20.001	100.999	20.202	-2.295	1.039	900.098
47.501	109.647	80.106	20.000	101.002	20.204	-2.446	1.071	900.080
48.001	110.146	80.106	20.000	100.993	20.199	-2.060	1.055	900.044
48.500	110.696	80.106	19.999	100.984	20.199	-2.012	1.050	900.082
49.000	111.277	80.105	19.999	100.979	20.201	-2.146	1.131	900.042
49.501	111.797	80.107	19.999	100.977	20.200	-1.895	1.100	900.095
50.001	112.381	80.106	19.999	100.974	20.205	-2.235	1.104	900.059
50.500	112.873	80.109	20.000	100.976	20.203	-2.109	1.077	900.069
51.000	113.381	80.108	19.999	100.975	20.209	-2.563	1.001	900.096
51.500	113.935	80.108	19.999	100.968	20.207	-2.351	1.061	900.079
52.001	114.447	80.107	19.999	100.957	20.208	-2.379	1.065	900.057
52.501	114.989	80.107	20.000	100.943	20.204	-2.058	1.054	900.064
53.001	115.559	80.107	20.000	100.937	20.206	-2.223	1.114	900.080
53.500	116.082	80.110	19.999	100.935	20.208	-2.362	1.093	900.104
54.000	116.636	80.108	19.999	100.943	20.210	-2.554	1.076	900.097
54.500	117.177	80.108	20.000	100.950	20.208	-2.447	1.094	900.065
55.001	117.672	80.110	20.000	100.955	20.213	-2.809	1.036	900.081
55.500	118.244	80.108	19.999	100.950	20.207	-2.331	1.068	900.055
56.000	118.751	80.107	20.000	100.946	20.206	-2.133	1.079	900.083
56.500	119.270	80.106	19.998	100.937	20.208	-2.212	1.026	900.089
57.001	119.811	80.108	19.998	100.928	20.208	-2.140	1.060	900.092
57.501	120.350	80.107	19.998	100.928	20.207	-2.058	1.080	900.066
58.000	120.872	80.105	19.998	100.933	20.208	-2.192	1.061	900.063
58.500	121.414	80.104	19.998	100.933	20.208	-2.224	1.064	900.060
59.000	121.912	80.107	19.998	100.927	20.208	-2.209	1.040	900.051
59.501	122.461	80.108	19.997	100.924	20.207	-2.093	1.046	900.065
60.000	122.979	80.108	19.997	100.919	20.204	-1.819	1.068	900.076
60.500	123.542	80.108	19.997	100.919	20.208	-2.116	1.082	900.042
61.000	124.063	80.107	19.996	100.921	20.206	-1.955	1.083	900.070
61.500	124.608	80.106	19.997	100.929	20.207	-1.978	1.065	900.055
62.001	125.116	80.105	19.997	100.931	20.212	-2.319	1.053	900.089
62.501	125.671	80.106	19.997	100.928	20.211	-2.314	1.063	900.051
63.000	126.195	80.107	19.998	100.920	20.213	-2.505	1.079	900.086
63.500	126.742	80.106	19.998	100.911	20.213	-2.489	1.071	900.054
64.001	127.239	80.107	19.998	100.904	20.212	-2.372	1.043	900.062
64.501	127.762	80.107	19.998	100.903	20.213	-2.325	1.020	900.032
65.001	128.312	80.105	19.998	100.906	20.212	-2.239	1.074	900.072
65.500	128.843	80.106	19.999	100.911	20.211	-2.088	1.081	900.048
66.000	129.361	80.107	19.999	100.917	20.211	-2.009	1.048	900.041
66.501	129.880	80.105	19.999	100.917	20.211	-2.072	1.036	900.012
67.002	130.392	80.104	20.000	100.910	20.206	-1.678	1.031	900.016
67.501	130.942	80.104	20.000	100.906	20.207	-1.745	1.064	900.048
68.001	131.455	80.105	19.999	100.901	20.205	-1.602	1.063	900.058
68.501	131.985	80.105	19.999	100.898	20.199	-1.182	1.043	900.046
69.001	132.531	80.104	19.999	100.900	20.202	-1.360	1.077	900.032
69.500	133.047	80.105	19.999	100.902	20.205	-1.504	1.062	900.034
70.000	133.576	80.107	19.998	100.907	20.202	-1.166	1.045	900.041
70.501	134.113	80.104	19.998	100.908	20.203	-1.202	1.065	900.027
71.002	134.602	80.107	19.997	100.904	20.197	-0.713	1.025	900.035
71.501	135.152	80.107	19.998	100.899	20.198	-0.764	1.039	900.032
72.001	135.686	80.105	19.998	100.895	20.201	-0.969	1.084	900.029
72.501	136.220	80.105	19.999	100.887	20.198	-0.681	1.068	900.029
73.001	136.748	80.104	19.998	100.882	20.197	-0.559	1.062	900.036
73.501	137.263	80.107	19.998	100.881	20.198	-0.681	1.042	900.025
74.001	137.765	80.107	19.999	100.885	20.199	-0.797	1.018	900.032
74.500	138.316	80.105	19.999	100.889	20.195	-0.472	1.054	900.041
75.000	138.836	80.106	19.999	100.888	20.193	-0.324	1.071	900.049
75.500	139.374	80.107	19.999	100.889	20.193	-0.377	1.057	900.066
76.001	139.877	80.106	19.999	100.889	20.191	-0.224	1.040	900.060
76.501	140.412	80.107	19.998	100.882	20.189	-0.037	1.039	900.053
77.001	140.920	80.109	19.999	100.875	20.191	-0.182	1.043	900.039
77.500	141.460	80.107	19.998	100.873	20.192	-0.144	1.048	900.049
78.001	142.003	80.107	19.998	100.868	20.193	-0.093	1.082	900.053
78.501	142.518	80.104	19.998	100.865	20.192	0.048	1.058	900.055
79.001	143.015	80.107	19.998	100.864	20.189	0.324	1.013	900.027
79.501	143.533	80.105	19.999	100.865	20.188	0.408	1.015	900.036
80.001	144.072	80.105	20.000	100.863	20.191	0.187	1.056	900.028
80.501	144.582	80.107	19.999	100.861	20.189	0.319	1.049	900.022
81.001	145.084	80.106	19.998	100.861	20.191	0.120	1.012	900.034
81.501	145.605	80.105	19.998	100.861	20.187	0.405	1.023	900.027
82.001	146.133	80.105	19.998	100.864	20.185	0.439	1.049	900.022
82.501	146.647	80.106	20.000	100.867	20.186	0.376	1.042	900.015
83.001	147.162	80.102	19.999	100.874	20.184	0.521	1.030	900.031
83.501	147.710	80.102	19.999	100.871	20.188	0.217	1.064	900.036
84.001	148.204	80.103	19.999	100.865	20.182	0.658	1.041	900.031
84.501	148.733	80.105	19.998	100.858	20.183	0.588	1.023	900.018
85.000	149.273	80.104	19.999	100.853	20.182	0.698	1.069	900.025
85.501	149.755	80.104	20.000	100.844	20.183	0.624	1.021	900.010
86.001	150.284	80.104	20.000	100.841	20.180	0.929	1.012	900.039
86.500	150.817	80.104	19.999	100.841	20.183	0.786	1.062	900.023
87.001	151.354	80.105	19.999	100.838	20.182	0.914	1.069	900.040
87.501	151.835	80.108	19.999	100.838	20.182	0.937	1.018	900.002
88.001	152.376	80.107	20.000	100.842	20.181	0.973	1.023	900.000
88.501	152.873	80.107	19.999	100.846	20.182	0.898	1.037	900.019
89.001	153.382	80.107	19.998	100.849	20.176	1.250	1.005	899.998
89.501	153.893	80.107	19.999	100.856	20.178	1.012	1.020	900.037
90.001	154.404	80.110	19.999	100.858	20.176	1.090	1.022	900.005
90.501	154.924	80.108	19.999	100.857	20.175	1.185	1.031	900.048
91.001	155.489	80.107	20.000	100.855	20.176	1.085	1.086	900.036
91.500	155.980	80.109	20.000	100.855	20.178	1.026	1.056	900.036
92.001	156.506	80.109	19.999	100.850	20.178	1.150	1.017	899.994
92.501	157.021	80.108	19.999	100.850	20.179	1.135	1.042	900.029
93.001	157.491	80.110	19.999	100.852	20.178	1.237	0.985	900.021
93.501	158.018	80.107	19.999	100.848	20.179	1.203	0.997	900.025
94.001	158.547	80.106	19.999	100.840	20.175	1.516	1.056	900.019
94.501	159.019	80.106	19.998	100.837	20.172	1.816	1.001	900.007
95.001	159.558	80.107	19.999	100.833	20.175	1.521	1.011	900.019
95.502	160.074	80.108	19.998	100.835	20.172	1.765	1.054	899.995
96.001	160.583	80.106	19.999	100.843	20.171	1.893	1.026	899.998
96.500	161.092	80.106	19.999	100.852	20.173	1.674	1.018	899.987
97.001	161.618	80.107	19.999	100.858	20.170	1.876	1.034	900.003
97.501	162.134	80.107	19.999	100.859	20.170	1.913	1.043	900.035
98.001	162.663	80.109	19.999	100.857	20.170	1.933	1.045	900.018
98.501	163.161	80.111	19.999	100.852	20.167	2.101	1.027	900.015
99.001	163.683	80.107	19.999	100.850	20.171	1.766	1.020	900.010
99.501	164.188	80.106	20.000	100.843	20.167	2.095	1.027	900.008
100.001	164.691	80.106	19.999	100.840	20.170	1.807	1.008	900.008
100.501	165.212	80.105	19.999	100.837	20.167	2.058	1.023	900.004
101.001	165.720	80.108	20.000	100.833	20.168	1.931	1.028	900.017
101.502	166.238	80.104	19.999	100.831	20.163	2.330	1.026	900.001
102.001	166.726	80.105	20.000	100.831	20.163	2.252	1.007	899.994
102.501	167.241	80.106	20.000	100.832	20.161	2.468	1.004	900.018
103.001	167.777	80.105	20.000	100.832	20.160	2.595	1.051	900.042
103.501	168.281	80.107	19.999	100.833	20.162	2.490	1.040	900.012
104.001	168.781	80.108	20.000	100.836	20.162	2.590	1.005	900.022
104.501	169.281	80.106	20.000	100.836	20.162	2.674	1.000	900.006
105.001	169.788	80.105	20.000	100.835	20.157	3.077	1.007	900.010
105.501	170.314	80.106	19.999	100.836	20.157	3.154	1.033	900.017
106.001	170.799	80.106	20.000	100.837	20.154	3.429	1.011	900.013
106.501	171.317	80.107	19.999	100.837	20.154	3.453	1.002	899.957
107.001	171.810	80.105	19.997	100.839	20.150	3.653	1.010	899.994
107.501	172.344	80.107	19.998	100.842	20.152	3.515	1.027	899.974
108.001	172.880	80.108	19.999	100.843	20.151	3.643	1.069	900.010
108.501	173.379	80.107	19.998	100.844	20.150	3.713	1.034	899.995
109.001	173.908	80.109	19.998	100.845	20.150	3.676	1.029	900.010
109.501	174.391	80.109	19.997	100.847	20.148	3.874	1.013	900.017
110.001	174.899	80.108	19.998	100.842	20.149	3.815	0.990	899.990
110.501	175.435	80.109	19.998	100.840	20.149	3.789	1.044	899.989
111.001	175.985	80.107	19.997	100.835	20.146	4.111	1.085	900.017
111.501	176.471	80.106	19.998	100.828	20.145	4.197	1.035	900.047
112.001	176.981	80.110	19.999	100.822	20.141	4.436	0.996	900.013
112.501	177.463	80.108	19.998	100.821	20.142	4.404	0.993	899.977
113.001	177.981	80.109	19.999	100.817	20.138	4.747	1.001	899.982
113.501	178.518	80.109	19.999	100.814	20.139	4.734	1.055	900.010
114.001	179.013	80.107	19.999	100.816	20.136	5.032	1.032	900.024
114.501	179.487	80.109	19.999	100.820	20.138	4.942	0.969	899.980
115.001	180.034	80.110	19.999	100.819	20.138	4.980	1.020	900.006
115.501	180.515	80.110	19.999	100.820	20.137	5.079	1.027	899.997
116.001	181.045	80.107	19.999	100.821	20.134	5.271	1.012	900.003
116.501	181.567	80.105	19.999	100.819	20.134	5.262	1.052	900.023
117.001	182.048	80.106	19.999	100.816	20.134	5.248	1.002	899.979
117.501	182.570	80.107	20.000	100.817	20.132	5.403	1.003	899.990
118.001	183.079	80.106	19.999	100.817	20.132	5.480	1.032	900.008
118.501	183.579	80.108	19.999	100.815	20.132	5.504	1.009	899.993
119.001	184.141	80.108	20.000	100.814	20.131	5.605	1.062	900.005
119.501	184.644	80.108	19.999	100.814	20.127	5.964	1.064	900.018
120.001	185.168	80.108	19.998	100.811	20.130	5.739	1.026	900.010
120.501	185.618	80.110	19.998	100.809	20.133	5.466	0.974	900.017
121.001	186.179	80.108	19.997	100.808	20.131	5.566	1.011	899.988
121.501	186.670	80.107	19.998	100.801	20.131	5.521	1.052	900.023
122.001	187.148	80.108	19.998	100.795	20.130	5.601	0.968	900.023
122.502	187.663	80.109	19.998	100.792	20.129	5.594	0.993	900.020
123.001	188.178	80.106	19.999	100.792	20.125	5.914	1.031	899.996
123.501	188.707	80.104	19.998	100.795	20.127	5.791	1.044	900.001
124.001	189.199	80.106	19.998	100.799	20.127	5.815	1.021	899.987
124.502	189.735	80.105	20.000	100.802	20.130	5.524	1.028	900.005
125.001	190.219	80.104	19.998	100.800	20.126	5.906	1.020	899.985
125.501	190.741	80.105	19.998	100.793	20.127	5.817	1.006	899.999
126.001	191.247	80.105	19.999	100.790	20.124	6.113	1.028	899.975
126.501	191.751	80.103	19.998	100.789	20.126	6.067	1.010	899.981
127.001	192.218	80.104	19.999	100.781	20.129	5.899	0.971	899.986
127.501	192.764	80.106	19.999	100.785	20.127	6.010	1.013	899.992
128.001	193.260	80.109	19.999	100.790	20.127	5.962	1.041	900.001
128.501	193.750	80.106	19.999	100.794	20.125	6.035	0.986	899.988
129.001	194.279	80.105	19.999	100.795	20.127	5.855	1.020	899.992
129.501	194.792	80.109	19.999	100.802	20.131	5.488	1.042	899.976
130.001	195.328	80.108	20.000	100.799	20.128	5.775	1.049	900.003
130.501	195.830	80.108	19.999	100.799	20.128	5.809	1.039	900.029
131.001	196.334	80.109	19.999	100.799	20.130	5.677	1.005	899.986
131.501	196.848	80.110	19.999	100.799	20.131	5.607	1.017	899.976
132.001	197.334	80.110	19.998	100.801	20.132	5.533	1.001	899.969
132.501	197.857	80.107	19.999	100.801	20.134	5.401	1.009	899.993
133.001	198.369	80.108	19.999	100.796	20.130	5.721	1.034	899.985
133.501	198.864	80.110	19.998	100.788	20.133	5.533	1.007	899.954
134.002	199.351	80.109	19.999	100.782	20.125	6.208	0.982	900.003
134.501	199.911	80.108	19.998	100.779	20.131	5.873	1.047	900.002
135.001	200.381	80.108	19.998	100.782	20.132	5.832	1.030	899.987
135.501	200.895	80.109	20.000	100.785	20.132	5.855	0.985	899.965
136.001	201.361	80.110	19.999	100.796	20.131	5.929	0.980	899.954
136.501	201.922	80.110	19.999	100.800	20.133	5.745	1.026	899.981
137.002	202.452	80.109	19.998	100.798	20.133	5.717	1.091	899.962
137.502	202.930	80.108	19.998	100.794	20.135	5.517	1.008	899.971
138.001	203.434	80.109	19.999	100.792	20.133	5.624	0.983	899.973
138.501	203.949	80.109	19.999	100.789	20.136	5.450	1.019	899.965
139.001	204.472	80.109	19.999	100.789	20.136	5.377	1.038	899.991
139.501	204.966	80.107	19.999	100.793	20.136	5.356	1.018	899.956
140.001	205.481	80.106	19.998	100.791	20.134	5.522	1.009	900.005
140.501	205.980	80.106	19.999	100.789	20.133	5.596	1.013	899.999
141.001	206.486	80.105	19.999	100.783	20.134	5.604	1.004	899.981
141.501	207.009	80.106	19.998	100.775	20.136	5.462	1.029	899.989
142.001	207.539	80.108	19.998	100.769	20.135	5.596	1.053	899.969
142.501	208.004	80.106	19.998	100.768	20.134	5.634	0.995	899.962
143.001	208.554	80.108	19.997	100.768	20.135	5.530	1.016	899.959
143.501	209.024	80.107	19.998	100.770	20.133	5.699	1.019	899.967
144.001	209.513	80.108	19.998	100.774	20.131	5.939	0.958	899.954
144.502	210.025	80.109	19.998	100.775	20.132	5.742	1.001	899.994
145.002	210.541	80.107	19.999	100.778	20.131	5.847	1.028	899.959
145.501	211.060	80.107	19.999	100.777	20.132	5.809	1.035	899.959
146.001	211.590	80.108	19.998	100.776	20.132	5.848	1.049	899.967
146.501	212.068	80.106	19.999	100.779	20.129	6.032	1.008	899.946
147.001	212.593	80.107	19.998	100.780	20.131	5.941	1.003	899.953
147.501	213.079	80.107	19.998	100.779	20.128	6.197	1.012	899.961
148.001	213.552	80.106	19.998	100.779	20.129	6.210	0.960	899.970
148.501	214.098	80.106	19.997	100.777	20.127	6.319	1.018	899.969
149.002	214.579	80.108	19.998	100.770	20.128	6.370	1.027	899.967
149.502	215.079	80.109	19.999	100.769	20.127	6.452	0.982	899.953
150.001	215.604	80.110	19.998	100.768	20.126	6.464	1.026	899.986
150.501	216.131	80.106	19.998	100.771	20.123	6.784	1.052	899.953
151.001	216.601	80.106	19.998	100.772	20.121	6.907	0.996	899.961
151.502	217.120	80.107	19.997	100.772	20.121	6.899	0.988	899.990
152.001	217.648	80.107	19.998	100.774	20.121	6.807	1.048	899.972
152.501	218.150	80.110	19.999	100.774	20.124	6.704	1.031	899.941
153.001	218.614	80.109	19.998	100.770	20.121	7.032	0.965	900.002
153.501	219.173	80.106	19.998	100.770	20.120	7.029	1.023	899.982
154.001	219.655	80.105	19.998	100.772	20.117	7.312	1.042	899.989
154.501	220.175	80.105	19.998	100.765	20.117	7.465	1.002	899.980
155.001	220.678	80.105	19.999	100.762	20.116	7.469	1.023	899.962
155.501	221.138	80.106	19.998	100.760	20.115	7.528	0.962	899.972
156.001	221.677	80.106	19.999	100.759	20.113	7.685	0.999	899.957
156.501	222.194	80.107	19.999	100.751	20.115	7.445	1.056	899.954
157.001	222.682	80.106	19.999	100.753	20.112	7.627	1.004	899.978
157.501	223.213	80.106	19.999	100.756	20.109	7.918	1.018	900.021
158.002	223.719	80.108	20.000	100.752	20.112	7.756	1.036	899.962
158.503	224.209	80.107	19.999	100.750	20.109	7.943	0.995	899.965
159.002	224.720	80.105	19.999	100.760	20.106	8.109	1.002	899.991
159.501	225.252	80.103	19.999	100.760	20.105	8.257	1.044	899.986
160.001	225.724	80.103	20.000	100.750	20.103	8.381	1.003	899.969
160.501	226.220	80.104	20.000	100.751	20.100	8.735	0.969	899.969
161.001	226.730	80.105	19.999	100.748	20.099	8.897	1.006	899.969
161.501	227.230	80.105	19.999	100.739	20.099	8.930	1.009	899.958
162.001	227.753	80.106	20.000	100.735	20.095	9.334	1.022	899.961
162.502	228.241	80.103	19.999	100.744	20.094	9.422	1.010	899.982
163.002	228.743	80.106	19.999	100.745	20.092	9.514	0.991	899.961
163.501	229.260	80.109	20.000	100.748	20.092	9.407	1.019	899.990
164.002	229.720	80.105	19.999	100.753	20.091	9.411	0.976	899.995
164.502	230.246	80.105	19.999	100.754	20.088	9.561	0.986	899.968
165.002	230.767	80.104	19.998	100.748	20.086	9.666	1.047	899.998
165.502	231.267	80.105	19.999	100.747	20.089	9.481	1.022	899.978
166.001	231.794	80.107	20.000	100.749	20.087	9.755	1.028	899.980
166.501	232.321	80.105	19.999	100.748	20.086	9.888	1.053	899.998
167.001	232.790	80.105	19.999	100.751	20.087	9.818	0.995	899.966
167.502	233.308	80.106	19.999	100.750	20.085	10.061	0.988	899.998
168.001	233.793	80.105	19.998	100.743	20.087	9.994	1.003	899.991
168.501	234.281	80.105	19.999	100.734	20.083	10.293	0.973	899.974
169.001	234.803	80.108	20.000	100.729	20.083	10.224	1.009	899.982
169.502	235.287	80.107	19.999	100.723	20.085	10.062	1.006	899.962
170.002	235.787	80.107	19.999	100.728	20.081	10.367	0.985	899.956
170.501	236.313	80.105	19.999	100.736	20.082	10.370	1.027	900.002
171.001	236.799	80.105	19.998	100.742	20.078	10.712	1.012	899.983
171.502	237.318	80.106	19.999	100.746	20.081	10.483	1.004	899.984
172.002	237.827	80.106	19.998	100.751	20.082	10.395	1.029	899.975
172.501	238.315	80.106	19.998	100.750	20.081	10.576	0.997	899.969
173.001	238.803	80.104	19.998	100.749	20.079	10.740	0.975	899.982
173.501	239.329	80.103	19.998	100.742	20.080	10.670	1.014	899.960
174.001	239.801	80.104	19.999	100.735	20.081	10.618	0.998	899.957
174.502	240.327	80.106	19.999	100.731	20.085	10.348	0.998	899.966
175.002	240.839	80.105	19.998	100.726	20.083	10.488	1.039	899.964
175.502	241.297	80.106	19.999	100.724	20.083	10.467	0.971	899.955
176.001	241.824	80.105	19.999	100.731	20.082	10.460	0.985	899.942
176.502	242.338	80.105	19.999	100.732	20.085	10.215	1.040	899.961
177.002	242.858	80.106	20.000	100.732	20.087	10.098	1.033	899.976
177.502	243.347	80.103	19.999	100.730	20.084	10.256	1.011	899.956
178.001	243.845	80.104	19.999	100.727	20.084	10.287	0.988	899.976
178.501	244.391	80.107	19.999	100.723	20.084	10.330	1.044	899.982
179.001	244.872	80.105	19.998	100.723	20.089	10.004	1.027	900.012
179.501	245.386	80.108	19.998	100.719	20.089	9.996	0.995	900.005
180.001	245.886	80.108	19.999	100.720	20.092	9.804	1.013	899.985
180.502	246.386	80.105	19.998	100.720	20.091	9.893	0.999	899.990
181.002	246.881	80.104	19.998	100.716	20.092	9.871	0.994	899.965
181.502	247.358	80.104	19.997	100.713	20.092	9.940	0.972	899.964
182.002	247.907	80.106	19.998	100.709	20.093	9.913	1.026	899.965
182.502	248.413	80.107	19.998	100.710	20.091	10.059	1.055	899.980
183.002	248.893	80.105	19.998	100.715	20.095	9.707	0.985	899.982
183.503	249.402	80.104	19.997	100.721	20.095	9.689	0.989	900.007
184.002	249.901	80.105	19.998	100.721	20.097	9.539	1.009	899.975
184.502	250.395	80.105	19.998	100.724	20.101	9.359	0.994	899.965
185.001	250.916	80.107	19.998	100.722	20.099	9.546	1.016	899.975
185.501	251.408	80.107	19.999	100.717	20.100	9.502	1.013	899.963
186.002	251.902	80.106	19.998	100.713	20.101	9.511	0.984	899.951
186.502	252.413	80.107	19.997	100.714	20.104	9.294	1.004	899.938
187.002	252.922	80.105	19.997	100.714	20.109	8.845	1.021	899.933
187.502	253.416	80.105	19.996	100.710	20.109	8.741	1.004	899.958
188.001	253.920	80.105	19.998	100.708	20.113	8.277	0.999	899.989
188.501	254.453	80.103	19.998	100.704	20.116	7.963	1.037	899.957
189.001	254.945	80.105	19.997	100.701	20.117	7.823	1.025	899.987
189.501	255.467	80.104	19.998	100.697	20.121	7.516	1.014	900.010
190.001	255.958	80.103	19.998	100.699	20.119	7.697	1.012	899.990
190.502	256.476	80.105	19.998	100.700	20.124	7.375	1.009	899.978
191.002	256.980	80.104	19.999	100.703	20.125	7.345	1.022	899.988
191.502	257.450	80.102	19.999	100.700	20.129	7.037	0.974	900.013
192.002	257.973	80.100	19.998	100.697	20.127	7.172	0.993	899.963
192.502	258.468	80.100	19.998	100.692	20.131	6.839	1.017	899.936
193.003	258.951	80.101	19.997	100.686	20.133	6.779	0.978	899.981
193.502	259.453	80.102	19.998	100.680	20.133	6.785	0.985	899.948
194.002	259.980	80.100	19.998	100.680	20.134	6.687	1.030	899.964
194.502	260.454	80.104	19.997	100.688	20.134	6.725	1.001	899.960
195.002	260.981	80.103	19.998	100.700	20.138	6.393	1.001	899.969
195.501	261.460	80.103	19.998	100.711	20.138	6.405	1.006	899.947
196.002	261.966	80.106	19.998	100.717	20.135	6.528	0.984	899.955
196.502	262.464	80.105	19.999	100.720	20.137	6.364	1.004	899.934
197.002	262.985	80.104	19.999	100.715	20.137	6.423	1.019	899.919
197.502	263.462	80.104	19.998	100.708	20.139	6.329	0.999	899.961
198.001	264.020	80.103	19.998	100.703	20.135	6.668	1.034	899.970
198.502	264.482	80.105	19.997	100.702	20.142	6.118	1.019	899.944
199.002	265.015	80.104	19.997	100.703	20.139	6.324	0.995	899.974
199.502	265.507	80.103	19.998	100.706	20.140	6.154	1.026	899.931
200.001	265.986	80.104	19.997	100.704	20.140	6.017	0.971	899.956
200.502	266.496	80.104	19.997	100.701	20.142	5.807	0.987	899.963
201.003	266.991	80.104	19.998	100.698	20.137	6.164	1.004	899.958
201.503	267.522	80.107	19.997	100.696	20.138	6.109	1.026	899.945
202.002	268.030	80.107	19.997	100.694	20.139	6.203	1.041	899.991
202.502	268.532	80.106	19.998	100.698	20.140	6.212	1.011	899.957
203.002	269.025	80.105	19.999	100.702	20.140	6.188	0.994	899.982
203.502	269.550	80.104	19.998	100.707	20.142	5.963	1.018	899.947
204.002	270.036	80.105	19.998	100.706	20.141	5.970	1.012	900.009
204.502	270.510	80.102	19.998	100.701	20.141	5.956	0.960	899.960
205.002	271.027	80.103	19.998	100.695	20.138	6.146	0.991	899.977
205.502	271.521	80.104	19.996	100.691	20.138	6.184	1.011	899.991
206.002	271.994	80.104	19.997	100.691	20.138	6.255	0.966	899.992
206.502	272.500	80.106	19.998	100.699	20.138	6.343	0.979	899.966
207.002	272.998	80.108	19.997	100.714	20.137	6.491	1.004	899.960
207.501	273.482	80.106	19.998	100.720	20.133	6.885	0.983	899.955
208.002	273.974	80.103	19.998	100.724	20.135	6.712	0.975	899.929
208.502	274.491	80.100	19.998	100.719	20.134	6.886	1.009	899.943
209.002	275.003	80.101	19.997	100.712	20.136	6.776	1.029	899.961
209.501	275.512	80.102	19.997	100.702	20.136	6.785	1.021	899.950
210.001	276.000	80.101	19.997	100.697	20.131	7.225	0.997	899.966
210.502	276.533	80.101	19.998	100.701	20.133	7.124	1.019	899.978
211.003	277.015	80.104	19.997	100.709	20.130	7.340	1.014	899.928
211.502	277.508	80.104	19.997	100.714	20.134	7.021	0.977	899.963
212.002	277.996	80.104	19.998	100.718	20.130	7.325	0.982	899.929
212.502	278.516	80.104	19.998	100.718	20.131	7.268	1.008	899.951
213.001	279.026	80.102	19.998	100.712	20.127	7.578	1.030	899.957
213.502	279.526	80.103	19.999	100.707	20.131	7.196	1.010	899.955
214.002	280.050	80.101	19.998	100.699	20.127	7.517	1.024	899.933
214.502	280.559	80.100	19.998	100.696	20.128	7.351	1.032	899.966
215.002	281.037	80.100	19.998	100.693	20.126	7.483	0.987	900.007
215.503	281.555	80.098	19.998	100.691	20.125	7.574	0.996	899.970
216.002	282.017	80.099	19.998	100.685	20.131	7.105	0.980	899.991
216.502	282.533	80.099	19.997	100.681	20.128	7.327	0.978	899.931
217.002	283.044	80.096	19.998	100.678	20.123	7.728	1.027	899.945
217.502	283.551	80.099	19.998	100.677	20.124	7.772	1.019	899.978
218.002	284.049	80.100	19.997	100.675	20.120	8.125	1.005	899.978
218.502	284.516	80.100	19.998	100.677	20.123	7.829	0.964	899.947
219.002	285.043	80.101	19.999	100.676	20.120	8.124	0.995	899.953
219.502	285.546	80.100	19.998	100.676	20.118	8.230	1.031	899.973
220.002	286.064	80.100	19.998	100.677	20.118	8.221	1.021	899.984
220.502	286.541	80.101	19.997	100.678	20.118	8.128	0.995	899.958
221.002	287.025	80.100	19.997	100.680	20.117	8.142	0.961	899.972
221.502	287.526	80.102	19.999	100.683	20.114	8.423	0.984	899.978
222.002	288.018	80.102	19.998	100.688	20.110	8.790	0.992	899.969
222.502	288.543	80.103	19.999	100.688	20.110	8.783	1.017	900.002
223.002	289.041	80.105	19.999	100.689	20.107	9.077	1.024	899.953
223.502	289.587	80.105	19.998	100.687	20.108	9.053	1.043	899.968
224.003	290.054	80.105	19.999	100.687	20.110	8.979	1.013	899.952
224.502	290.570	80.104	20.000	100.682	20.107	9.111	0.985	899.958
225.002	291.071	80.101	19.999	100.680	20.104	9.402	1.016	899.937
225.502	291.585	80.104	19.999	100.678	20.104	9.474	1.015	899.963
226.002	292.047	80.104	19.998	100.677	20.100	9.835	0.976	899.965
226.502	292.567	80.104	19.999	100.678	20.098	9.898	0.981	899.973
227.002	293.056	80.105	19.999	100.680	20.099	9.779	1.009	900.016
227.502	293.554	80.103	19.998	100.684	20.096	9.984	0.987	899.961
228.002	294.054	80.103	19.997	100.692	20.096	9.935	0.997	899.945
228.502	294.548	80.105	19.997	100.695	20.093	10.141	0.994	899.964
229.003	295.047	80.105	19.998	100.689	20.095	10.005	0.994	899.992
229.502	295.545	80.104	19.996	100.686	20.092	10.282	0.997	899.933
230.002	296.068	80.104	19.997	100.683	20.093	10.244	1.021	899.978
230.502	296.570	80.103	19.998	100.678	20.089	10.569	1.024	899.967
231.002	297.061	80.102	19.998	100.674	20.091	10.433	0.993	899.989
231.502	297.557	80.101	19.998	100.675	20.090	10.473	0.987	899.971
232.002	298.071	80.101	19.997	100.677	20.084	10.861	1.010	899.947
232.502	298.569	80.101	19.998	100.673	20.082	11.114	1.013	899.943
233.002	299.055	80.100	19.997	100.667	20.083	11.028	0.985	900.001
233.502	299.584	80.100	19.997	100.668	20.085	10.928	1.015	899.965
234.002	300.073	80.103	19.998	100.675	20.077	11.546	1.016	899.935
234.503	300.594	80.103	19.998	100.676	20.074	11.802	1.008	899.949
235.003	301.072	80.101	19.998	100.681	20.077	11.565	1.000	899.960
235.502	301.587	80.100	19.999	100.686	20.076	11.580	0.994	899.979
236.002	302.079	80.098	19.999	100.683	20.077	11.498	1.007	899.981
236.502	302.588	80.100	19.999	100.678	20.069	12.219	1.002	899.964
237.002	303.083	80.100	19.999	100.677	20.067	12.379	1.004	899.981
237.502	303.595	80.100	19.999	100.674	20.064	12.703	1.006	899.964
238.002	304.117	80.102	19.999	100.673	20.060	12.997	1.033	899.972
238.502	304.570	80.101	19.999	100.677	20.059	13.045	0.974	899.939
239.002	305.077	80.102	19.998	100.680	20.057	13.136	0.960	899.973
239.502	305.597	80.104	19.999	100.679	20.055	13.267	1.028	899.963
240.002	306.101	80.103	19.999	100.675	20.054	13.332	1.024	899.978
240.503	306.582	80.102	19.999	100.674	20.051	13.507	0.984	899.966
241.002	307.111	80.101	20.000	100.672	20.045	13.941	1.011	899.990
241.502	307.617	80.101	20.000	100.671	20.043	14.170	1.035	899.979
242.002	308.105	80.105	19.999	100.672	20.039	14.441	0.994	899.997
242.502	308.591	80.104	19.998	100.676	20.036	14.690	0.974	899.986
243.002	309.095	80.101	19.997	100.676	20.032	15.083	0.990	899.949
243.502	309.593	80.103	19.998	100.673	20.033	15.060	1.001	899.976
244.002	310.102	80.101	19.998	100.668	20.030	15.335	1.007	899.978
244.503	310.598	80.102	19.997	100.664	20.027	15.510	1.005	899.989
245.003	311.094	80.104	19.998	100.661	20.024	15.773	0.992	899.988
245.503	311.587	80.103	19.998	100.662	20.017	16.339	0.989	900.012
246.002	312.116	80.104	19.998	100.665	20.015	16.525	1.022	899.982
246.503	312.583	80.102	19.998	100.671	20.009	16.890	0.996	899.987
247.002	313.116	80.102	19.999	100.675	20.007	17.001	1.000	900.013
247.502	313.603	80.103	19.998	100.678	20.000	17.411	1.019	899.980
248.003	314.091	80.101	19.997	100.678	19.995	17.842	0.974	899.962
248.503	314.621	80.101	19.997	100.677	19.990	18.132	1.019	899.982
249.002	315.066	80.103	19.997	100.675	19.985	18.424	0.976	899.970
249.503	315.592	80.101	19.998	100.674	19.977	19.055	0.970	899.976
250.003	316.058	80.101	19.996	100.673	19.975	19.334	0.992	899.947
250.502	316.593	80.101	19.997	100.668	19.966	20.102	1.002	899.984
251.002	317.106	80.102	19.998	100.665	19.961	20.516	1.048	899.973
251.502	317.564	80.101	19.997	100.664	19.959	20.681	0.972	899.964
252.002	318.057	80.099	19.997	100.664	19.951	21.262	0.952	899.953
252.502	318.567	80.099	19.998	100.665	19.943	21.844	1.003	899.950
253.002	319.094	80.100	19.997	100.666	19.936	22.255	1.037	899.988
253.502	319.539	80.100	19.997	100.667	19.927	22.856	0.972	899.944
254.002	320.075	80.103	19.997	100.669	19.921	23.241	0.982	899.959
254.502	320.587	80.103	19.998	100.675	19.914	23.733	1.048	899.977
255.002	321.097	80.101	19.997	100.680	19.906	24.357	1.021	899.970
255.503	321.625	80.102	19.998	100.685	19.901	24.847	1.037	899.980
256.003	322.088	80.103	19.998	100.693	19.890	25.664	0.991	899.985
256.502	322.609	80.103	19.999	100.694	19.885	26.157	0.985	899.994
257.002	323.088	80.105	19.998	100.690	19.873	27.129	1.001	900.015
257.502	323.577	80.104	19.998	100.684	19.865	27.765	0.968	899.992
258.002	324.073	80.104	20.000	100.680	19.854	28.600	0.984	899.983
258.502	324.578	80.104	19.999	100.676	19.842	29.517	1.001	899.976
259.002	325.083	80.102	19.999	100.675	19.831	30.382	1.010	899.954
259.503	325.561	80.105	19.999	100.681	19.821	31.149	0.983	899.969
260.003	326.073	80.106	19.998	100.688	19.811	31.942	0.990	899.959
260.503	326.592	80.106	19.999	100.697	19.795	33.224	1.031	899.995
261.003	327.067	80.107	19.998	100.703	19.784	34.077	0.995	899.958
261.502	327.571	80.105	19.999	100.709	19.772	35.041	0.979	900.006
262.002	328.106	80.105	19.999	100.708	19.763	35.740	1.039	899.988
262.503	328.568	80.105	19.998	100.707	19.746	37.013	0.997	900.002
263.003	329.068	80.103	19.999	100.703	19.736	37.696	0.963	899.949
263.502	329.577	80.105	19.999	100.701	19.720	38.878	1.010	900.009
264.002	330.064	80.106	19.998	100.697	19.705	40.090	0.995	900.007
264.502	330.592	80.104	19.998	100.694	19.694	40.947	1.015	900.011
265.002	331.104	80.106	19.998	100.695	19.677	42.250	1.041	899.973
265.502	331.588	80.105	19.998	100.698	19.659	43.698	0.996	899.963
266.002	332.080	80.102	19.999	100.700	19.646	44.752	0.975	900.001
266.503	332.597	80.104	19.997	100.700	19.630	45.893	1.009	899.985
267.003	333.097	80.105	19.996	100.700	19.609	47.502	1.018	899.967
267.502	333.594	80.105	19.997	100.697	19.596	48.353	0.998	899.998
268.002	334.097	80.105	19.997	100.691	19.584	49.211	1.000	899.982
268.502	334.588	80.103	19.997	100.690	19.566	50.626	0.994	899.977
269.003	335.089	80.105	19.998	100.695	19.548	52.021	0.992	899.966
269.503	335.618	80.105	19.999	100.697	19.532	53.325	1.030	899.949
270.003	336.091	80.102	19.998	100.700	19.513	54.837	1.001	899.962
270.503	336.594	80.103	19.998	100.708	19.495	56.278	0.976	899.989
271.003	337.111	80.103	19.998	100.709	19.477	57.735	1.021	900.006
271.502	337.599	80.101	19.998	100.704	19.458	59.241	1.005	899.997
272.003	338.076	80.102	19.998	100.705	19.444	60.309	0.965	899.978
272.502	338.590	80.104	19.998	100.703	19.416	62.468	0.991	900.002
273.002	339.077	80.104	19.999	100.700	19.397	63.966	1.000	900.003
273.503	339.575	80.104	19.998	100.702	19.377	65.429	0.984	899.995
274.003	340.086	80.104	19.998	100.708	19.356	67.057	1.010	900.005
274.502	340.587	80.102	19.998	100.714	19.341	68.272	1.012	899.978
275.003	341.099	80.101	19.999	100.723	19.320	69.981	1.012	899.999
275.503	341.588	80.102	19.998	100.728	19.299	71.639	1.000	900.018
276.003	342.078	80.105	19.998	100.728	19.274	73.621	0.979	899.981
276.503	342.609	80.104	19.998	100.726	19.254	75.153	1.021	900.007
277.003	343.079	80.105	19.998	100.721	19.230	77.025	1.001	900.030
277.503	343.592	80.106	19.998	100.715	19.210	78.525	0.983	899.986
278.003	344.091	80.105	19.998	100.713	19.186	80.342	1.012	900.031
278.503	344.596	80.103	19.999	100.712	19.164	82.007	1.004	899.987
279.003	345.102	80.103	19.998	100.711	19.143	83.549	1.012	900.031
279.502	345.576	80.101	19.998	100.715	19.119	85.443	0.980	899.978
280.002	346.094	80.103	19.999	100.713	19.095	87.295	0.992	900.008
280.502	346.573	80.101	19.999	100.715	19.072	89.095	0.997	900.007
281.002	347.109	80.101	19.999	100.718	19.046	91.188	1.015	900.022
281.503	347.599	80.103	19.998	100.719	19.022	93.071	1.025	899.985
282.003	348.085	80.101	19.996	100.714	18.998	94.938	0.976	900.000
282.502	348.583	80.102	19.997	100.713	18.973	96.848	0.985	900.002
283.002	349.068	80.106	19.997	100.707	18.947	98.866	0.982	899.987
283.503	349.601	80.105	19.996	100.704	18.921	100.859	1.017	900.011
284.003	350.071	80.104	19.997	100.705	18.897	102.646	1.003	900.011
284.503	350.596	80.101	19.997	100.706	18.871	104.695	0.996	900.017
285.003	351.080	80.103	19.997	100.712	18.847	106.637	1.010	899.954
285.503	351.565	80.105	19.997	100.717	18.820	108.750	0.969	900.005
286.003	352.069	80.102	19.997	100.720	18.798	110.429	0.988	899.979
286.503	352.581	80.104	19.997	100.724	18.773	112.362	1.015	899.981
287.004	353.080	80.103	19.997	100.726	18.746	114.374	1.010	900.023
287.503	353.567	80.100	19.996	100.723	18.720	116.405	0.986	899.993
288.003	354.089	80.102	19.997	100.721	18.696	118.198	1.010	900.000
288.502	354.556	80.102	19.997	100.716	18.668	120.361	0.989	900.012
289.003	355.030	80.101	19.997	100.713	18.641	122.512	0.940	899.972
289.503	355.588	80.102	19.997	100.712	18.612	124.799	1.031	899.956
290.003	356.061	80.100	19.998	100.716	18.587	126.740	1.032	900.001
290.503	356.551	80.101	19.997	100.719	18.560	128.788	0.964	900.019
291.002	357.059	80.102	19.998	100.722	18.534	130.828	0.999	899.969
291.503	357.550	80.100	19.998	100.721	18.510	132.690	0.999	900.041
292.003	358.039	80.101	19.997	100.719	18.476	135.300	0.980	899.983
292.503	358.553	80.102	19.997	100.713	18.457	136.844	1.002	899.957
293.003	359.065	80.100	19.997	100.713	18.429	138.989	1.025	899.992
293.503	359.527	80.103	19.998	100.714	18.404	140.949	0.975	900.001
294.003	360.059	80.103	19.999	100.717	18.378	142.856	0.995	899.954
294.503	360.527	80.102	19.998	100.722	18.353	144.809	0.999	900.001
295.004	361.068	80.101	19.998	100.726	18.323	147.061	1.008	899.999
295.504	361.566	80.102	19.998	100.724	18.302	148.667	1.039	899.948
296.003	362.059	80.103	19.997	100.724	18.275	150.758	0.992	899.995
296.503	362.541	80.102	19.998	100.720	18.248	152.727	0.976	899.964
297.003	363.036	80.100	19.999	100.717	18.222	154.666	0.976	900.027
297.503	363.540	80.102	19.998	100.718	18.197	156.623	0.999	899.989
298.003	364.081	80.101	19.998	100.719	18.176	158.188	1.044	899.986
298.504	364.559	80.101	19.998	100.716	18.146	160.505	1.018	899.964
299.004	365.015	80.102	19.998	100.716	18.119	162.676	0.934	899.982
299.503	365.545	80.104	19.998	100.716	18.093	164.804	0.987	899.980
300.003	366.057	80.104	19.997	100.713	18.067	166.858	1.044	899.983
300.502	366.549	80.103	19.997	100.714	18.044	168.661	1.004	899.982
301.002	367.032	80.103	19.997	100.717	18.019	170.590	0.974	899.991
301.502	367.527	80.104	19.996	100.720	17.997	172.275	0.977	899.983
302.003	368.047	80.105	19.997	100.721	17.973	174.200	1.015	899.986
302.503	368.560	80.103	19.997	100.725	17.946	176.140	1.034	899.976
303.003	369.058	80.104	19.997	100.724	17.919	178.185	1.010	899.987
303.503	369.552	80.103	19.997	100.729	17.886	180.748	0.992	899.986
304.003	370.081	80.106	19.997	100.736	17.867	182.209	1.023	899.992
304.503	370.537	80.106	19.998	100.739	17.847	183.720	0.984	899.985
305.004	371.072	80.105	19.999	100.740	17.827	185.146	0.991	900.012
305.503	371.543	80.104	19.997	100.743	17.802	187.013	1.007	900.007
306.003	372.047	80.104	19.997	100.738	17.779	188.647	0.976	900.001
306.503	372.544	80.104	19.997	100.730	17.762	189.980	1.001	899.994
307.003	373.083	80.104	19.998	100.720	17.744	191.187	1.036	900.008
307.503	373.569	80.104	19.998	100.716	17.723	192.742	1.025	899.991
308.003	374.076	80.102	19.999	100.716	17.696	194.727	0.993	900.012
308.503	374.574	80.102	19.999	100.720	17.675	196.464	1.005	900.015
309.003	375.074	80.099	19.999	100.717	17.651	198.186	0.998	900.014
309.503	375.577	80.102	19.998	100.721	17.628	199.790	1.003	900.056
310.003	376.049	80.104	19.998	100.728	17.609	201.183	0.975	899.994
310.503	376.575	80.102	19.999	100.727	17.583	203.046	0.997	900.017
311.004	377.071	80.100	19.998	100.726	17.555	205.028	1.021	900.025
311.503	377.568	80.099	19.998	100.731	17.521	207.458	0.995	900.022
312.003	378.066	80.100	19.999	100.734	17.492	209.605	0.997	900.038
312.503	378.561	80.103	19.998	100.734	17.477	210.694	0.993	900.032
313.003	379.070	80.101	19.999	100.747	17.462	211.624	1.004	900.042
313.503	379.542	80.101	20.000	100.755	17.449	212.199	0.981	900.039
314.003	380.038	80.104	20.000	100.758	17.431	213.145	0.967	900.038
314.503	380.540	80.101	19.999	100.770	17.392	215.859	0.997	900.034
315.004	381.048	80.104	19.998	100.777	17.337	219.839	1.011	900.052
315.503	381.516	80.106	19.998	100.771	17.298	222.741	0.977	900.016
316.003	382.044	80.105	19.998	100.768	17.272	224.450	0.994	900.028
316.504	382.510	80.104	19.998	100.782	17.251	225.921	0.993	900.039
317.003	383.020	80.104	19.999	100.795	17.224	228.095	0.978	900.077
317.503	383.492	80.102	20.000	100.802	17.192	230.560	0.983	900.045
318.003	384.000	80.102	19.999	100.814	17.151	233.227	0.979	900.042
318.503	384.504	80.100	19.999	100.830	17.091	237.302	1.012	900.036
319.002	385.021	80.104	19.999	100.839	17.015	243.069	1.021	900.037
319.503	385.491	80.104	19.999	100.843	16.941	248.650	0.987	900.013
320.003	385.981	80.103	19.998	100.855	16.877	253.452	0.959	900.017
320.504	386.515	80.105	19.998	100.872	16.830	257.272	1.024	900.035
321.004	387.002	80.107	19.998	100.908	16.785	261.071	1.022	900.060
321.503	387.522	80.103	19.998	100.945	16.725	265.899	1.008	900.052
322.003	388.000	80.103	19.998	100.976	16.662	270.930	0.996	900.047
322.504	388.505	80.102	19.996	100.996	16.618	274.604	0.982	900.039
323.004	388.975	80.103	19.998	101.001	16.569	278.491	0.976	900.025
323.503	389.448	80.105	19.998	101.007	16.481	285.276	0.944	900.055
324.003	389.958	80.103	19.997	101.015	16.369	294.222	0.983	900.031
324.503	390.426	80.104	19.998	101.008	16.272	302.303	0.978	900.025
325.003	390.948	80.104	19.998	101.023	16.195	308.758	0.990	900.057
325.503	391.439	80.102	19.998	101.078	16.145	313.108	1.013	900.043
326.003	391.941	80.103	19.998	101.103	16.114	315.749	0.993	900.044
326.503	392.426	80.104	19.998	101.108	16.087	318.151	0.986	900.028
327.004	392.942	80.103	19.999	101.134	16.032	322.492	1.001	900.035
327.503	393.414	80.102	19.999	101.132	15.963	327.670	0.990	900.062
328.003	393.915	80.103	19.998	101.080	15.906	331.877	0.973	900.044
328.503	394.403	80.104	19.999	101.054	15.855	335.816	0.988	900.022
329.003	394.893	80.102	19.999	101.045	15.819	338.656	0.978	900.025
329.504	395.452	80.101	19.998	101.022	15.789	341.105	1.049	900.056
330.004	395.931	80.103	19.999	101.011	15.768	342.688	1.038	900.048
330.503	396.410	80.102	19.999	101.015	15.752	343.885	0.958	900.042
331.003	396.926	80.100	19.998	100.995	15.725	345.881	0.995	900.056
331.503	397.390	80.100	19.998	100.949	15.688	348.587	0.980	900.046
332.003	397.908	80.101	19.998	100.895	15.651	351.361	0.982	900.066
332.503	398.414	80.101	19.999	100.833	15.626	353.245	1.025	900.049
333.003	398.900	80.102	19.999	100.788	15.594	355.769	0.993	900.055
333.503	399.384	80.101	19.999	100.759	15.547	359.413	0.970	900.051
334.003	399.900	80.102	19.999	100.752	15.505	362.690	0.999	900.085
334.503	400.394	80.104	19.999	100.754	15.464	365.829	1.009	900.057
335.003	400.891	80.102	19.998	100.774	15.429	368.461	0.991	900.071
335.504	401.386	80.104	19.999	100.769	15.400	370.555	0.991	900.090
336.004	401.880	80.103	19.999	100.755	15.369	372.864	0.988	900.080
336.504	402.379	80.103	19.998	100.741	15.343	374.790	0.994	900.063
337.004	402.874	80.105	19.999	100.736	15.332	375.596	0.995	900.084
337.504	403.407	80.106	19.998	100.732	15.328	375.858	1.028	900.103
338.004	403.887	80.104	19.999	100.745	15.317	376.601	1.012	900.055
338.504	404.380	80.103	19.999	100.756	15.308	377.219	0.973	900.098
339.004	404.854	80.100	19.998	100.764	15.293	378.361	0.968	900.068
339.503	405.389	80.102	19.999	100.771	15.270	380.058	1.010	900.079
340.003	405.873	80.099	19.999	100.761	15.242	382.224	1.019	900.068
340.503	406.371	80.099	19.998	100.746	15.225	383.701	0.982	900.085
341.003	406.882	80.102	19.999	100.740	15.211	384.870	1.009	900.068
341.503	407.355	80.101	20.000	100.736	15.206	385.522	0.984	900.097
342.003	407.901	80.101	19.999	100.734	15.203	385.931	1.019	900.114
342.503	408.404	80.103	19.999	100.742	15.200	386.389	1.049	900.083
343.003	408.882	80.102	19.999	100.751	15.201	386.424	0.981	900.090
343.503	409.364	80.101	19.999	100.754	15.204	386.375	0.961	900.091
344.003	409.905	80.101	20.000	100.756	15.210	386.115	1.024	900.095
344.503	410.382	80.100	19.999	100.760	15.218	385.652	1.017	900.100
345.004	410.892	80.101	19.999	100.764	15.226	385.212	0.986	900.093
345.504	411.375	80.100	20.000	100.769	15.239	384.354	0.993	900.058
346.003	411.882	80.102	19.999	100.777	15.254	383.440	0.991	900.091
346.503	412.423	80.102	20.000	100.781	15.282	381.487	1.049	900.092
347.003	412.922	80.100	20.000	100.783	15.310	379.511	1.039	900.100
347.504	413.454	80.101	19.999	100.775	15.349	376.784	1.029	900.096
348.004	413.936	80.103	19.998	100.756	15.388	373.905	1.014	900.103
348.504	414.428	80.101	19.998	100.735	15.438	370.216	0.975	900.074
349.003	414.990	80.102	19.998	100.716	15.492	366.187	1.055	900.092
349.503	415.466	80.100	19.998	100.693	15.551	361.794	1.038	900.111
350.003	415.954	80.098	19.998	100.677	15.615	356.923	0.964	900.127
350.503	416.464	80.101	19.999	100.668	15.680	351.971	0.997	900.115
351.004	416.958	80.098	19.998	100.651	15.751	346.543	1.004	900.140
351.504	417.449	80.098	19.998	100.635	15.826	340.800	0.985	900.125
352.003	417.974	80.101	19.998	100.623	15.908	334.486	1.016	900.109
352.503	418.480	80.102	19.998	100.608	15.995	327.717	1.031	900.079
353.003	419.003	80.102	19.997	100.588	16.083	320.890	1.029	900.097
353.503	419.512	80.103	19.998	100.575	16.173	313.827	1.032	900.112
354.003	420.027	80.101	19.998	100.558	16.265	306.649	1.024	900.132
354.503	420.489	80.103	19.998	100.539	16.362	299.041	0.978	900.099
355.003	421.060	80.101	19.998	100.525	16.457	291.512	1.032	900.126
355.504	421.560	80.100	19.998	100.518	16.554	283.867	1.070	900.139
356.004	422.039	80.101	19.999	100.513	16.655	275.865	0.979	900.134
356.504	422.561	80.100	19.999	100.510	16.751	268.184	1.002	900.143
357.004	423.075	80.100	19.999	100.507	16.851	260.214	1.036	900.149
357.504	423.562	80.101	19.999	100.507	16.949	252.387	1.001	900.121
358.003	424.089	80.100	20.000	100.509	17.046	244.695	1.014	900.119
358.503	424.609	80.102	20.000	100.509	17.145	236.736	1.046	900.147
359.004	425.080	80.102	19.999	100.517	17.241	229.019	0.991	900.145
359.504	425.613	80.101	19.999	100.532	17.338	221.288	1.003	900.139
360.004	426.135	80.099	19.998	100.548	17.435	213.550	1.055	900.151
360.504	426.625	80.098	19.999	100.561	17.527	206.192	1.013	900.134
361.004	427.124	80.100	19.998	100.580	17.620	198.613	0.989	900.139
361.504	427.663	80.101	19.998	100.595	17.711	191.342	1.038	900.147
362.003	428.168	80.099	19.999	100.614	17.803	184.006	1.045	900.146
362.503	428.678	80.099	19.997	100.634	17.889	177.088	1.016	900.130
363.004	429.164	80.100	19.998	100.657	17.977	170.051	0.995	900.146
363.504	429.646	80.102	19.999	100.684	18.061	163.216	0.967	900.143
364.004	430.202	80.104	19.999	100.715	18.144	156.566	1.038	900.174
364.504	430.696	80.103	19.998	100.742	18.227	149.976	1.051	900.125
365.003	431.210	80.101	19.997	100.767	18.309	143.486	1.008	900.155
365.504	431.710	80.101	19.997	100.790	18.384	137.462	1.012	900.154
366.004	432.201	80.100	19.999	100.818	18.461	131.389	0.991	900.140
366.503	432.751	80.101	19.998	100.843	18.534	125.685	1.042	900.142
367.003	433.247	80.102	19.998	100.865	18.607	120.018	1.046	900.151
367.503	433.744	80.101	19.998	100.891	18.674	114.714	0.993	900.134
368.003	434.263	80.103	19.997	100.917	18.743	109.175	1.017	900.148
368.503	434.750	80.103	19.996	100.940	18.808	104.029	1.005	900.169
369.004	435.240	80.101	19.998	100.963	18.873	98.971	0.976	900.154
369.503	435.748	80.102	19.998	100.983	18.934	94.250	0.998	900.157
370.003	436.250	80.104	19.998	101.000	18.993	89.583	1.009	900.157
370.504	436.748	80.103	19.998	101.022	19.046	85.514	1.000	900.141
371.004	437.240	80.102	19.998	101.043	19.100	81.439	0.991	900.134
371.504	437.748	80.102	19.998	101.061	19.150	77.615	0.999	900.174
372.004	438.225	80.101	19.997	101.075	19.202	73.589	0.985	900.149
372.504	438.738	80.103	19.997	101.087	19.250	69.890	0.990	900.158
373.004	439.240	80.102	19.997	101.096	19.296	66.438	1.016	900.148
373.504	439.727	80.103	19.998	101.102	19.343	62.834	0.989	900.155
374.004	440.254	80.104	19.998	101.103	19.386	59.566	1.014	900.153
374.504	440.738	80.104	19.999	101.106	19.424	56.769	1.011	900.151
375.004	441.248	80.106	19.999	101.113	19.463	53.961	0.994	900.187
375.504	441.775	80.104	19.998	101.122	19.500	51.279	1.036	900.190
376.004	442.248	80.105	19.997	101.126	19.538	48.411	1.000	900.190
376.504	442.750	80.103	19.996	101.131	19.573	45.819	0.977	900.169
377.003	443.269	80.103	19.997	101.133	19.608	43.258	1.021	900.183
377.503	443.732	80.105	19.997	101.131	19.638	41.119	0.982	900.189
378.003	444.219	80.102	19.997	101.120	19.674	38.450	0.949	900.209
378.504	444.731	80.101	19.998	101.113	19.697	36.777	0.998	900.177
379.004	445.244	80.102	19.998	101.109	19.723	34.983	1.026	900.198
379.503	445.783	80.101	19.998	101.111	19.751	33.064	1.052	900.192
380.004	446.262	80.101	19.999	101.104	19.775	31.383	1.018	900.186
380.504	446.761	80.103	19.999	101.096	19.800	29.628	0.979	900.187
381.003	447.246	80.104	19.998	101.087	19.824	27.903	0.984	900.210
381.503	447.741	80.104	19.998	101.078	19.843	26.638	0.980	900.152
382.003	448.248	80.104	19.998	101.062	19.864	25.174	1.002	900.184
382.504	448.714	80.101	19.998	101.051	19.887	23.484	0.972	900.203
383.004	449.235	80.103	19.998	101.040	19.902	22.506	0.987	900.166
383.504	449.732	80.101	19.998	101.029	19.920	21.315	1.018	900.205
384.004	450.237	80.101	19.998	101.016	19.940	20.009	1.003	900.178
384.504	450.727	80.103	19.999	101.004	19.957	18.754	0.995	900.168
385.004	451.221	80.103	19.998	100.994	19.973	17.667	0.983	900.181
385.504	451.720	80.104	19.999	100.985	19.990	16.328	0.992	900.214
386.004	452.179	80.106	20.000	100.975	20.010	14.859	0.958	900.210
386.504	452.711	80.104	20.000	100.959	20.022	13.958	0.992	900.232
387.004	453.195	80.102	19.999	100.940	20.038	12.795	1.015	900.176
387.504	453.698	80.103	19.999	100.924	20.053	11.857	0.987	900.159
388.004	454.228	80.101	19.999	100.912	20.065	11.088	1.035	900.182
388.503	454.708	80.102	19.999	100.898	20.081	10.032	1.010	900.191
389.003	455.200	80.099	19.999	100.887	20.094	9.182	0.972	900.196
389.503	455.689	80.101	19.999	100.880	20.106	8.337	0.981	900.198
390.003	456.200	80.102	19.998	100.867	20.121	7.167	1.000	900.206
390.503	456.687	80.101	19.997	100.849	20.132	6.417	0.998	900.206
391.003	457.192	80.103	19.998	100.831	20.144	5.479	0.992	900.212
391.504	457.709	80.104	19.999	100.819	20.156	4.601	1.021	900.199
392.004	458.180	80.103	19.998	100.814	20.167	3.732	0.988	900.194
392.504	458.681	80.105	19.998	100.809	20.179	2.919	0.972	900.177
393.004	459.187	80.105	19.999	100.808	20.189	2.184	1.006	900.206
393.504	459.703	80.104	19.999	100.807	20.197	1.576	1.023	900.193
394.004	460.195	80.105	19.999	100.799	20.206	0.956	1.010	900.206
394.503	460.672	80.103	19.998	100.789	20.214	0.249	0.969	900.199
395.004	461.191	80.104	19.999	100.774	20.217	0.039	0.995	900.210
395.504	461.678	80.104	19.999	100.760	20.224	-0.491	1.006	900.196
396.004	462.207	80.103	19.998	100.746	20.231	-1.014	1.016	900.228
396.504	462.694	80.107	19.999	100.737	20.241	-1.730	1.016	900.228
397.004	463.195	80.108	20.000	100.731	20.247	-2.092	0.989	900.230
397.503	463.699	80.105	19.998	100.735	20.253	-2.482	1.005	900.235
398.004	464.201	80.104	19.999	100.731	20.257	-2.768	1.005	900.218
398.505	464.720	80.104	19.998	100.727	20.263	-3.079	1.021	900.233
399.004	465.223	80.106	19.998	100.725	20.263	-2.974	1.023	900.215
399.504	465.677	80.106	19.998	100.720	20.269	-3.410	0.957	900.246
400.004	466.158	80.104	19.997	100.713	20.271	-3.565	0.935	900.217
400.504	466.679	80.105	19.998	100.713	20.276	-3.885	1.003	900.221
401.003	467.172	80.105	19.998	100.712	20.278	-3.939	1.014	900.246
401.504	467.676	80.104	19.998	100.709	20.280	-4.145	0.996	900.208
402.004	468.183	80.107	19.998	100.710	20.283	-4.455	1.011	900.215
402.503	468.663	80.107	19.999	100.708	20.282	-4.315	0.987	900.216
403.003	469.179	80.107	19.998	100.708	20.281	-4.170	0.995	900.204
403.504	469.686	80.105	19.999	100.706	20.283	-4.378	1.023	900.221
404.004	470.185	80.106	19.998	100.704	20.287	-4.563	1.007	900.239
404.503	470.673	80.107	19.998	100.694	20.288	-4.597	0.987	900.267
405.004	471.181	80.106	19.998	100.691	20.286	-4.329	0.996	900.230
405.504	471.660	80.103	19.998	100.686	20.287	-4.305	0.987	900.230
406.004	472.191	80.106	19.997	100.676	20.287	-4.274	1.010	900.216
406.504	472.688	80.105	19.998	100.668	20.292	-4.619	1.028	900.248
407.004	473.190	80.106	19.997	100.667	20.287	-4.165	0.998	900.260
407.504	473.676	80.107	19.998	100.665	20.290	-4.387	0.988	900.238
408.004	474.159	80.109	19.998	100.658	20.291	-4.461	0.969	900.247
408.504	474.655	80.109	19.998	100.662	20.288	-4.185	0.979	900.238
409.004	475.152	80.108	19.998	100.666	20.291	-4.404	0.994	900.241
409.504	475.683	80.107	19.998	100.664	20.287	-3.955	1.028	900.263
410.004	476.164	80.107	19.998	100.661	20.290	-4.130	1.011	900.279
410.504	476.648	80.106	19.998	100.660	20.290	-4.044	0.966	900.223
411.003	477.162	80.105	19.998	100.656	20.290	-4.019	0.998	900.249
411.504	477.662	80.106	19.998	100.652	20.291	-4.087	1.013	900.262
412.004	478.112	80.106	19.998	100.647	20.295	-4.287	0.950	900.232
412.504	478.648	80.106	19.998	100.638	20.294	-4.232	0.986	900.238
413.004	479.131	80.107	19.998	100.634	20.294	-4.337	1.019	900.265
413.504	479.628	80.105	19.999	100.630	20.296	-4.508	0.980	900.250
414.004	480.146	80.104	19.999	100.628	20.295	-4.384	1.014	900.247
414.505	480.628	80.104	19.998	100.625	20.296	-4.382	0.999	900.272
415.005	481.138	80.103	19.998	100.626	20.296	-4.442	0.992	900.287
415.504	481.623	80.104	19.998	100.624	20.297	-4.545	0.996	900.252
416.004	482.120	80.104	19.998	100.620	20.292	-4.066	0.982	900.277
416.504	482.636	80.104	19.998	100.616	20.295	-4.279	1.013	900.281
417.004	483.120	80.106	19.998	100.610	20.296	-4.308	1.000	900.256
417.504	483.635	80.104	19.999	100.602	20.296	-4.337	0.999	900.258
418.004	484.145	80.106	19.998	100.597	20.298	-4.444	1.025	900.280
418.504	484.645	80.109	19.997	100.596	20.298	-4.360	1.010	900.271
419.004	485.104	80.107	19.999	100.595	20.299	-4.414	0.959	900.247
419.504	485.642	80.107	19.998	100.595	20.295	-4.153	0.998	900.291
420.003	486.118	80.105	19.998	100.597	20.298	-4.493	1.014	900.262
420.504	486.643	80.105	19.998	100.601	20.298	-4.517	1.000	900.277
421.004	487.131	80.108	19.996	100.599	20.298	-4.564	1.013	900.269
421.504	487.648	80.107	19.998	100.595	20.300	-4.736	1.004	900.259
422.005	488.162	80.106	19.998	100.596	20.304	-5.017	1.031	900.290
422.504	488.651	80.107	19.997	100.595	20.299	-4.613	1.004	900.283
423.004	489.164	80.109	19.998	100.593	20.299	-4.574	1.002	900.298
423.504	489.655	80.109	19.998	100.593	20.302	-4.753	1.003	900.291
424.004	490.157	80.110	19.998	100.592	20.304	-4.806	0.992	900.281
424.504	490.643	80.107	19.999	100.588	20.303	-4.802	0.987	900.311
425.005	491.147	80.107	19.999	100.586	20.304	-4.868	0.990	900.299
425.504	491.657	80.105	19.998	100.583	20.303	-4.780	1.015	900.282
426.003	492.151	80.106	19.998	100.580	20.305	-4.968	1.005	900.325
426.504	492.668	80.107	19.998	100.579	20.305	-5.055	1.011	900.296
427.004	493.157	80.105	19.999	100.585	20.304	-4.986	1.005	900.348
427.504	493.619	80.104	19.998	100.588	20.304	-4.952	0.951	900.294
428.004	494.149	80.105	19.998	100.590	20.301	-4.703	0.992	900.312
428.505	494.641	80.103	19.997	100.595	20.303	-4.833	1.022	900.306
429.004	495.124	80.105	19.997	100.596	20.304	-4.830	0.975	900.321
429.504	495.633	80.106	19.997	100.593	20.302	-4.565	0.993	900.300
430.004	496.136	80.105	19.999	100.589	20.302	-4.540	1.013	900.312
430.504	496.633	80.104	19.999	100.588	20.306	-4.869	1.000	900.324
431.004	497.126	80.104	19.998	100.579	20.305	-4.700	0.990	900.309
431.504	497.639	80.103	19.998	100.579	20.305	-4.614	1.006	900.337
432.004	498.134	80.105	19.997	100.580	20.307	-4.761	1.008	900.330
432.504	498.616	80.103	19.998	100.582	20.307	-4.810	0.976	900.310
433.004	499.148	80.104	19.998	100.584	20.307	-4.887	1.013	900.321
433.505	499.654	80.105	19.998	100.589	20.307	-4.907	1.038	900.326
434.004	500.121	80.103	19.999	100.591	20.309	-5.112	0.974	900.305
434.504	500.643	80.105	19.999	100.588	20.309	-5.150	0.989	900.331
435.004	501.121	80.107	19.998	100.585	20.309	-5.119	0.999	900.312
435.504	501.617	80.104	19.999	100.584	20.308	-5.179	0.974	900.325
436.005	502.133	80.101	19.999	100.583	20.309	-5.192	1.012	900.335
436.504	502.636	80.100	19.999	100.579	20.309	-5.194	1.020	900.360
437.004	503.127	80.102	19.999	100.574	20.308	-5.043	0.994	900.347
437.504	503.621	80.102	19.999	100.571	20.307	-4.955	0.984	900.342
438.004	504.130	80.103	19.998	100.566	20.305	-4.724	1.003	900.349
438.504	504.617	80.104	19.999	100.563	20.305	-4.720	0.996	900.356
439.004	505.128	80.104	19.998	100.562	20.304	-4.652	0.998	900.345
439.504	505.629	80.103	19.998	100.564	20.305	-4.743	1.012	900.371
440.004	506.123	80.105	19.998	100.563	20.308	-4.979	0.994	900.355
440.505	506.599	80.105	19.998	100.567	20.309	-5.077	0.969	900.359
441.004	507.105	80.104	19.998	100.570	20.306	-4.921	0.983	900.341
441.504	507.592	80.104	19.999	100.573	20.309	-5.079	0.993	900.381
442.004	508.108	80.103	19.998	100.575	20.310	-5.168	1.002	900.372
442.504	508.600	80.105	19.998	100.580	20.308	-5.033	1.009	900.358
443.004	509.083	80.106	19.997	100.582	20.309	-5.135	0.977	900.366
443.504	509.579	80.105	19.998	100.578	20.310	-5.195	0.979	900.370
444.004	510.083	80.107	19.998	100.578	20.310	-5.187	0.999	900.374
444.504	510.575	80.106	19.998	100.575	20.308	-4.998	0.995	900.361
445.004	511.097	80.107	19.998	100.571	20.309	-5.077	1.014	900.389
445.504	511.598	80.108	19.998	100.564	20.309	-5.030	1.024	900.352
446.004	512.115	80.107	19.998	100.569	20.309	-5.032	1.018	900.389
446.504	512.611	80.106	19.998	100.570	20.309	-4.961	1.013	900.376
447.004	513.125	80.104	19.999	100.571	20.310	-5.013	1.009	900.337
447.505	513.614	80.108	19.999	100.570	20.315	-5.385	1.002	900.358
448.005	514.133	80.109	19.999	100.572	20.315	-5.368	1.009	900.375
448.505	514.615	80.107	19.999	100.571	20.312	-5.117	1.001	900.364
449.005	515.104	80.104	19.999	100.570	20.314	-5.240	0.971	900.368
449.505	515.584	80.106	19.999	100.571	20.313	-5.232	0.969	900.370
450.005	516.122	80.106	19.999	100.575	20.315	-5.361	1.018	900.378
450.504	516.633	80.109	19.999	100.573	20.312	-5.108	1.049	900.397
451.005	517.111	80.108	19.999	100.572	20.313	-5.268	0.989	900.402
451.505	517.630	80.107	19.999	100.572	20.313	-5.292	0.997	900.414
452.004	518.100	80.107	20.000	100.570	20.313	-5.225	0.990	900.367
452.504	518.608	80.104	19.999	100.567	20.314	-5.244	0.978	900.383
453.004	519.119	80.102	19.999	100.566	20.315	-5.268	1.018	900.392
453.505	519.623	80.105	19.998	100.565	20.313	-5.099	1.015	900.402
454.005	520.106	80.103	19.997	100.559	20.314	-5.162	0.987	900.422
454.505	520.593	80.103	19.998	100.557	20.311	-4.917	0.970	900.419
455.004	521.104	80.102	19.999	100.560	20.314	-5.173	0.998	900.414
455.504	521.620	80.101	19.997	100.559	20.312	-5.142	1.027	900.434
456.005	522.100	80.103	19.998	100.557	20.311	-5.130	0.997	900.433
456.504	522.620	80.106	19.998	100.561	20.311	-5.119	1.000	900.421
457.004	523.109	80.104	19.996	100.562	20.311	-5.092	1.009	900.464
457.504	523.597	80.105	19.997	100.557	20.315	-5.367	0.977	900.434
458.004	524.124	80.106	19.998	100.558	20.311	-5.090	1.014	900.429
458.504	524.628	80.106	19.998	100.562	20.314	-5.227	1.031	900.442
459.004	525.083	80.107	19.998	100.565	20.314	-5.261	0.959	900.455
459.505	525.620	80.105	19.998	100.560	20.312	-5.055	0.991	900.416
460.005	526.120	80.105	19.998	100.555	20.313	-5.120	1.037	900.422
460.505	526.611	80.105	19.998	100.551	20.317	-5.451	0.991	900.448
461.004	527.090	80.103	19.998	100.547	20.317	-5.478	0.971	900.435
461.504	527.617	80.105	19.998	100.546	20.314	-5.330	1.007	900.443
462.004	528.120	80.107	19.999	100.550	20.315	-5.523	1.030	900.472
462.504	528.604	80.107	19.998	100.557	20.318	-5.756	0.987	900.445
463.004	529.097	80.106	19.998	100.563	20.318	-5.678	0.976	900.442
463.505	529.600	80.106	19.999	100.562	20.319	-5.694	0.996	900.451
464.005	530.104	80.107	19.999	100.562	20.317	-5.547	1.007	900.456
464.505	530.576	80.107	19.998	100.563	20.317	-5.526	0.976	900.468
465.005	531.131	80.106	19.998	100.561	20.312	-5.088	1.027	900.452
465.505	531.605	80.107	19.997	100.558	20.314	-5.279	1.029	900.449
466.005	532.091	80.108	19.998	100.556	20.314	-5.275	0.959	900.487
466.505	532.594	80.105	19.998	100.552	20.317	-5.557	0.989	900.491
467.005	533.110	80.106	19.998	100.552	20.317	-5.526	1.018	900.453
467.505	533.600	80.107	19.999	100.553	20.318	-5.586	1.006	900.447
468.005	534.089	80.106	19.999	100.555	20.320	-5.718	0.980	900.458
468.504	534.627	80.105	19.999	100.560	20.321	-5.733	1.029	900.478
469.004	535.123	80.105	20.000	100.563	20.320	-5.737	1.034	900.460
469.504	535.613	80.105	20.001	100.567	20.320	-5.757	0.985	900.476
470.005	536.131	80.106	20.000	100.569	20.319	-5.668	1.008	900.462
470.505	536.616	80.105	19.999	100.565	20.320	-5.801	1.003	900.499
471.005	537.108	80.106	19.998	100.560	20.318	-5.651	0.977	900.475
471.505	537.591	80.106	19.999	100.558	20.320	-5.857	0.975	900.477
472.005	538.092	80.107	19.999	100.554	20.319	-5.804	0.985	900.494
472.504	538.589	80.108	20.000	100.554	20.320	-5.975	0.999	900.465
473.004	539.104	80.108	20.000	100.559	20.320	-5.962	1.012	900.489
473.504	539.598	80.107	20.000	100.559	20.321	-6.048	1.008	900.490
474.004	540.076	80.106	19.999	100.560	20.318	-5.700	0.972	900.513
474.505	540.574	80.103	20.000	100.558	20.319	-5.738	0.976	900.505
475.005	541.053	80.106	19.999	100.555	20.318	-5.621	0.977	900.481
475.505	541.554	80.107	19.999	100.552	20.319	-5.640	0.980	900.488
476.005	542.100	80.106	19.998	100.556	20.315	-5.349	1.046	900.529
476.505	542.577	80.108	19.998	100.556	20.316	-5.437	1.023	900.516
477.005	543.100	80.106	19.998	100.558	20.317	-5.515	1.001	900.526
477.504	543.605	80.108	19.999	100.560	20.322	-5.870	1.028	900.507
478.005	544.104	80.111	19.998	100.561	20.317	-5.558	1.003	900.506
478.505	544.597	80.110	20.000	100.562	20.316	-5.393	0.992	900.543
479.005	545.093	80.110	19.999	100.567	20.319	-5.621	0.990	900.495
479.504	545.586	80.110	19.999	100.570	20.321	-5.699	0.989	900.514
480.004	546.097	80.108	19.999	100.574	20.318	-5.408	1.003	900.518
480.505	546.602	80.110	19.999	100.575	20.318	-5.520	1.015	900.520
481.005	547.106	80.109	19.998	100.572	20.321	-5.749	1.010	900.535
481.504	547.582	80.108	19.998	100.565	20.318	-5.607	0.980	900.539
482.005	548.099	80.110	19.999	100.561	20.320	-5.832	0.992	900.551
482.505	548.579	80.108	19.999	100.554	20.316	-5.622	0.997	900.528
483.005	549.084	80.109	20.000	100.555	20.318	-5.773	0.984	900.509
483.505	549.594	80.111	19.998	100.558	20.317	-5.688	1.015	900.505
484.005	550.077	80.110	19.998	100.562	20.318	-5.671	0.993	900.518
484.504	550.576	80.109	19.998	100.558	20.318	-5.655	0.983	900.506
485.005	551.076	80.108	19.998	100.559	20.318	-5.557	0.998	900.535
485.505	551.587	80.107	19.999	100.556	20.320	-5.654	1.011	900.541
486.005	552.074	80.109	20.000	100.554	20.319	-5.585	0.999	900.554
486.505	552.553	80.109	19.999	100.551	20.320	-5.632	0.964	900.521
487.006	553.069	80.107	19.999	100.548	20.318	-5.510	0.995	900.526
487.505	553.559	80.109	19.998	100.548	20.317	-5.411	1.007	900.535
488.005	554.063	80.108	19.998	100.550	20.318	-5.484	0.994	900.539
488.505	554.560	80.107	19.998	100.554	20.320	-5.688	1.002	900.530
489.004	555.078	80.110	19.998	100.558	20.321	-5.710	1.016	900.542
489.504	555.576	80.107	19.998	100.570	20.322	-5.814	1.015	900.517
490.005	556.074	80.107	19.998	100.574	20.322	-5.821	0.996	900.558
490.505	556.559	80.108	19.997	100.572	20.325	-6.050	0.984	900.542
491.004	557.069	80.106	19.998	100.568	20.323	-5.877	0.994	900.560
491.505	557.596	80.107	19.999	100.564	20.320	-5.700	1.035	900.555
492.005	558.035	80.105	19.998	100.558	20.318	-5.525	0.966	900.551
492.505	558.567	80.108	19.998	100.554	20.319	-5.580	0.971	900.547
493.005	559.058	80.109	19.998	100.550	20.321	-5.746	1.024	900.576
493.505	559.572	80.108	19.998	100.551	20.318	-5.512	1.006	900.585
494.004	560.083	80.109	19.998	100.551	20.319	-5.526	1.025	900.538
494.505	560.574	80.110	19.998	100.548	20.321	-5.693	1.002	900.553
495.005	561.064	80.109	19.998	100.550	20.318	-5.480	0.981	900.553
495.504	561.556	80.106	19.998	100.555	20.321	-5.772	0.982	900.530
496.005	562.058	80.105	19.998	100.552	20.323	-5.983	0.993	900.584
496.505	562.556	80.106	19.999	100.551	20.326	-6.224	1.000	900.562
497.005	563.061	80.107	19.999	100.551	20.324	-6.032	1.003	900.548
497.505	563.577	80.104	19.999	100.551	20.321	-5.816	1.021	900.587
498.004	564.082	80.106	19.999	100.550	20.319	-5.689	1.021	900.565
498.504	564.576	80.105	19.998	100.553	20.321	-5.817	0.999	900.562
499.004	565.078	80.103	19.998	100.555	20.322	-5.809	0.997	900.566
499.504	565.566	80.105	19.999	100.555	20.320	-5.676	0.990	900.538
500.005	566.083	80.107	19.997	100.553	20.319	-5.633	1.004	900.619
500.505	566.585	80.107	19.998	100.550	20.319	-5.616	1.019	900.568
501.005	567.085	80.106	19.999	100.549	20.321	-5.775	1.002	900.569
501.505	567.551	80.105	19.998	100.549	20.319	-5.600	0.966	900.563
502.005	568.063	80.106	19.998	100.548	20.323	-5.938	0.978	900.566
502.504	568.548	80.107	19.999	100.551	20.322	-5.826	0.997	900.592
503.004	569.056	80.105	19.999	100.555	20.323	-5.836	0.993	900.576
503.504	569.571	80.107	19.999	100.555	20.322	-5.729	1.023	900.570
504.005	570.059	80.107	19.999	100.556	20.320	-5.526	1.003	900.575
504.505	570.571	80.106	19.998	100.556	20.323	-5.771	1.000	900.592
505.004	571.081	80.108	19.999	100.558	20.322	-5.665	1.021	900.559
505.505	571.565	80.108	19.999	100.557	20.324	-5.888	0.994	900.587
506.005	572.056	80.107	19.999	100.554	20.323	-5.822	0.975	900.575
506.505	572.568	80.107	19.999	100.551	20.323	-5.861	1.003	900.597
507.005	573.048	80.107	19.998	100.554	20.323	-5.858	0.992	900.605
507.505	573.562	80.108	19.998	100.551	20.324	-5.855	0.995	900.569
508.004	574.051	80.109	20.000	100.553	20.323	-5.704	1.003	900.583
508.505	574.540	80.106	19.999	100.554	20.319	-5.362	0.977	900.610
509.005	575.064	80.108	19.999	100.557	20.321	-5.515	1.013	900.591
509.505	575.565	80.109	19.998	100.554	20.320	-5.427	1.025	900.589
510.005	576.062	80.106	19.997	100.551	20.321	-5.517	0.998	900.586
510.505	576.574	80.108	19.998	100.544	20.320	-5.527	1.009	900.619
511.005	577.090	80.107	19.997	100.542	20.322	-5.758	1.028	900.615
511.505	577.576	80.107	19.998	100.539	20.318	-5.516	1.002	900.623
512.005	578.075	80.107	19.999	100.541	20.321	-5.666	0.985	900.596
512.505	578.578	80.107	19.998	100.543	20.323	-5.840	1.002	900.626
513.005	579.058	80.107	19.998	100.548	20.321	-5.693	0.984	900.608
513.505	579.575	80.107	19.998	100.550	20.324	-5.857	0.997	900.578
514.005	580.068	80.106	19.998	100.551	20.322	-5.664	1.010	900.620
514.505	580.591	80.107	19.998	100.547	20.322	-5.684	1.017	900.594
515.005	581.069	80.106	19.996	100.545	20.325	-5.981	1.000	900.570
515.505	581.578	80.109	19.997	100.538	20.320	-5.601	0.987	900.625
516.005	582.081	80.110	19.998	100.532	20.321	-5.695	1.012	900.619
516.505	582.609	80.110	19.997	100.531	20.322	-5.874	1.030	900.636
517.006	583.099	80.108	19.996	100.535	20.321	-5.844	1.018	900.615
517.505	583.571	80.107	19.997	100.539	20.323	-6.019	0.963	900.630
518.005	584.057	80.108	19.997	100.545	20.324	-6.121	0.958	900.608
518.505	584.575	80.110	19.998	100.554	20.323	-6.018	1.005	900.602
519.004	585.066	80.107	19.998	100.553	20.324	-6.063	1.009	900.609
519.505	585.590	80.106	19.997	100.548	20.321	-5.694	1.014	900.633
520.005	586.080	80.107	19.998	100.547	20.322	-5.669	1.014	900.638
520.505	586.590	80.107	19.998	100.547	20.323	-5.770	1.000	900.626
521.005	587.074	80.107	19.997	100.541	20.325	-5.910	0.994	900.643
521.505	587.582	80.106	19.998	100.542	20.323	-5.733	0.993	900.639
522.005	588.077	80.107	19.998	100.545	20.323	-5.823	1.004	900.640
522.505	588.567	80.107	19.997	100.545	20.324	-5.927	0.984	900.642
523.005	589.080	80.107	19.998	100.546	20.325	-6.016	1.003	900.651
523.505	589.563	80.106	19.998	100.549	20.323	-5.891	0.996	900.647
524.005	590.081	80.107	19.998	100.557	20.326	-6.102	1.000	900.647
524.505	590.576	80.106	19.999	100.560	20.322	-5.765	1.013	900.650
525.005	591.057	80.105	19.998	100.560	20.323	-5.839	0.976	900.647
525.505	591.570	80.107	19.998	100.561	20.321	-5.664	0.995	900.655
526.005	592.084	80.104	19.998	100.560	20.319	-5.598	1.028	900.658
526.505	592.563	80.105	19.997	100.551	20.320	-5.545	0.993	900.662
527.006	593.059	80.106	19.998	100.546	20.321	-5.627	0.974	900.684
527.505	593.557	80.104	19.997	100.542	20.322	-5.703	0.994	900.681
528.005	594.059	80.105	19.997	100.539	0.000	0.000	1.001	900.671
528.505	594.549	80.105	19.998	100.538	0.000	0.000	0.993	900.692
529.005	595.061	80.105	19.998	100.544	0.000	0.000	1.001	900.677
529.505	595.555	80.106	19.997	100.550	0.000	0.000	1.005	900.695
530.005	596.050	80.106	19.999	100.551	0.000	0.000	0.989	900.693
530.505	596.548	80.104	19.998	100.550	0.000	0.000	0.993	900.671
531.005	597.059	80.106	19.998	100.551	0.000	0.000	1.009	900.673
531.505	597.519	80.104	19.998	100.547	0.000	0.000	0.971	900.666
532.005	598.024	80.108	19.997	100.545	0.000	0.000	0.963	900.679
532.506	598.567	80.108	19.998	100.549	0.000	0.000	1.048	900.678
533.006	599.054	80.106	19.998	100.549	0.000	0.000	1.031	900.678
533.505	599.571	80.106	19.997	100.551	0.000	0.000	1.004	900.727
534.005	600.067	80.105	19.999	100.547	0.000	0.000	1.012	900.686
534.505	600.568	80.106	19.999	100.543	0.000	0.000	0.997	900.716
535.005	601.064	80.106	19.998	100.543	0.000	0.000	0.997	900.719
535.505	601.526	80.103	19.999	100.544	0.000	0.000	0.957	900.674
536.006	602.058	80.106	20.000	100.541	0.000	0.000	0.994	900.688
536.505	602.537	80.105	19.999	100.544	0.000	0.000	1.012	900.723
537.005	603.042	80.103	19.998	100.544	0.000	0.000	0.984	900.712
537.506	603.568	80.105	19.997	100.537	0.000	0.000	1.031	900.718
