File Name:	PMMA_CN_15mm_60Kmin_4mg_R2.txt	Version: 8.3.7.3
Date:	07 Aug 2024
Operator:	KH
Test ID:	PMMA_CN_15mm_4mg_60K_R2
Sample ID:	PMMA_CN_15mm_4mg
Sample Mass (mg):	4.1000
Sample Cup Mass (mg):	182.1400
End Total Mass (mg):	0.0100
Heating Rate (C/s):	1.0000
Combuster Temperature (C):	900.0
N2 Flow Rate (cc/min):	80.0
O2 Flow Rate (cc/min):	20.0
Calibration File:	Coeff.txt
T Correction Coefficients:	0.308738730	0.013615500	0.000000000
Time Shift (s):	10.0
Pre-Test Comments:
Post-Test Comments:
Baseline Flow:	99.813
Baseline O2:	20.442
Instrument ID:	2700
@
Time (s)	Temperature (C)	N2 Flow (cc/min)	O2 Flow (cc/min)	Total Flow (cc/min)	Oxygen (%)	HRR (W/g)	Heating Rate (C/s)	Combustor Temp (C)
0.000	75.214	80.020	19.977	99.813	20.444	-12.046	0.014	898.785
0.500	75.215	80.023	19.976	99.811	20.428	-10.946	0.003	898.805
1.000	75.208	80.021	19.977	99.806	20.406	-9.391	-0.006	898.781
1.500	75.226	80.020	19.976	99.814	20.382	-7.625	0.010	898.775
2.000	75.238	80.019	19.976	99.860	20.357	-5.900	0.030	898.804
2.499	75.293	80.017	19.977	99.958	20.345	-5.093	0.067	898.826
2.999	75.294	80.018	19.976	100.091	20.332	-4.172	0.055	898.792
3.499	75.350	80.017	19.975	100.249	20.323	-3.481	0.058	898.803
4.000	75.366	80.017	19.978	100.404	20.316	-3.100	0.073	898.787
4.500	75.428	80.019	19.977	100.521	20.306	-2.436	0.078	898.763
5.000	75.480	80.017	19.976	100.585	20.304	-2.662	0.114	898.797
5.500	75.581	80.017	19.975	100.619	20.301	-3.341	0.153	898.796
6.000	75.665	80.021	19.977	100.628	20.300	-4.800	0.186	898.776
6.499	75.701	80.019	19.977	100.622	20.300	-6.778	0.121	898.777
7.000	75.849	80.019	19.978	100.621	20.293	-8.363	0.183	898.771
7.500	75.915	80.019	19.977	100.628	20.295	-10.828	0.214	898.779
8.000	76.035	80.017	19.977	100.638	20.294	-12.659	0.186	898.796
8.500	76.151	80.019	19.977	100.645	20.292	-13.804	0.236	898.764
9.000	76.249	80.018	19.977	100.657	20.298	-14.816	0.214	898.763
9.500	76.384	80.016	19.978	100.664	20.293	-14.388	0.232	898.736
10.000	76.536	80.018	19.979	100.670	20.294	-14.068	0.287	898.753
10.500	76.693	80.016	19.977	100.672	20.282	-12.522	0.309	898.764
11.000	76.818	80.016	19.978	100.674	20.260	-10.123	0.283	898.739
11.500	76.961	80.016	19.977	100.682	20.230	-7.203	0.268	898.759
12.000	77.111	80.016	19.978	100.691	20.200	-4.206	0.293	898.765
12.500	77.311	80.014	19.978	100.722	20.170	-1.334	0.350	898.749
13.000	77.493	80.015	19.977	100.800	20.152	0.521	0.383	898.755
13.500	77.702	80.015	19.977	100.927	20.134	2.346	0.391	898.755
14.000	77.948	80.016	19.977	101.084	20.130	3.185	0.454	898.754
14.501	78.151	80.015	19.977	101.267	20.128	3.767	0.449	898.765
15.001	78.435	80.015	19.978	101.432	20.127	4.175	0.487	898.764
15.500	78.738	80.016	19.977	101.545	20.131	4.314	0.588	898.778
16.000	79.069	80.016	19.977	101.603	20.140	4.024	0.634	898.758
16.500	79.357	80.017	19.977	101.615	20.150	3.642	0.619	898.734
17.000	79.710	80.017	19.976	101.589	20.157	3.526	0.640	898.734
17.500	80.043	80.016	19.976	101.544	20.163	3.394	0.685	898.757
18.000	80.387	80.015	19.978	101.495	20.169	3.428	0.678	898.747
18.500	80.746	80.014	19.977	101.447	20.177	3.176	0.703	898.736
19.000	81.147	80.015	19.977	101.399	20.183	3.125	0.760	898.736
19.500	81.515	80.018	19.978	101.355	20.190	3.059	0.769	898.761
20.000	81.939	80.016	19.976	101.314	20.193	3.230	0.791	898.729
20.500	82.344	80.015	19.977	101.284	20.203	2.816	0.829	898.721
21.001	82.758	80.016	19.978	101.250	20.209	2.703	0.819	898.751
21.500	83.161	80.014	19.977	101.219	20.214	2.605	0.817	898.729
22.000	83.596	80.016	19.977	101.191	20.219	2.569	0.837	898.730
22.501	83.984	80.019	19.977	101.166	20.219	2.861	0.823	898.745
23.000	84.452	80.018	19.977	101.132	20.228	2.477	0.856	898.729
23.501	84.930	80.017	19.977	101.105	20.233	2.304	0.946	898.734
24.000	85.349	80.014	19.977	101.082	20.233	2.416	0.898	898.705
24.500	85.807	80.014	19.977	101.054	20.241	1.914	0.877	898.710
25.000	86.254	80.015	19.978	101.024	20.244	1.706	0.904	898.687
25.500	86.737	80.014	19.977	100.997	20.249	1.318	0.930	898.753
26.000	87.220	80.014	19.977	100.965	20.250	1.222	0.966	898.717
26.500	87.693	80.016	19.978	100.932	20.255	0.949	0.956	898.726
27.000	88.190	80.015	19.977	100.906	20.259	0.753	0.970	898.736
27.500	88.678	80.018	19.978	100.879	20.266	0.433	0.985	898.743
28.000	89.183	80.018	19.977	100.852	20.269	0.360	0.993	898.726
28.500	89.643	80.017	19.976	100.831	20.270	0.477	0.965	898.742
29.001	90.177	80.017	19.978	100.811	20.274	0.302	0.993	898.714
29.501	90.621	80.016	19.978	100.791	20.276	0.232	0.978	898.730
30.000	91.119	80.017	19.976	100.769	20.278	0.094	0.943	898.718
30.500	91.602	80.016	19.978	100.753	20.279	0.102	0.980	898.695
31.001	92.107	80.014	19.977	100.737	20.279	0.178	0.989	898.716
31.500	92.632	80.016	19.978	100.726	20.281	0.063	1.031	898.699
32.000	93.155	80.016	19.979	100.724	20.283	0.015	1.047	898.695
32.500	93.678	80.017	19.979	100.729	20.290	-0.332	1.045	898.719
33.001	94.159	80.018	19.979	100.733	20.289	-0.154	1.004	898.687
33.501	94.686	80.018	19.979	100.733	20.291	-0.155	1.008	898.703
34.000	95.188	80.019	19.977	100.725	20.290	-0.037	1.030	898.705
34.500	95.734	80.018	19.977	100.712	20.294	-0.210	1.048	898.684
35.000	96.220	80.016	19.977	100.693	20.298	-0.473	1.031	898.724
35.501	96.767	80.015	19.976	100.679	20.302	-0.713	1.032	898.687
36.001	97.275	80.016	19.977	100.668	20.301	-0.487	1.056	898.649
36.500	97.824	80.014	19.978	100.663	20.309	-1.001	1.059	898.695
37.000	98.320	80.016	19.977	100.658	20.307	-0.774	1.046	898.681
37.500	98.853	80.017	19.979	100.658	20.306	-0.618	1.028	898.670
38.000	99.387	80.016	19.980	100.654	20.304	-0.435	1.066	898.658
38.500	99.885	80.019	19.978	100.649	20.304	-0.434	1.032	898.692
39.000	100.432	80.018	19.977	100.642	20.307	-0.692	1.045	898.651
39.500	100.945	80.018	19.977	100.633	20.310	-0.871	1.060	898.663
40.001	101.502	80.014	19.977	100.622	20.310	-0.888	1.070	898.693
40.501	102.030	80.015	19.979	100.615	20.314	-1.008	1.085	898.673
41.000	102.554	80.016	19.978	100.607	20.316	-1.096	1.052	898.676
41.500	103.069	80.015	19.979	100.600	20.315	-0.938	1.039	898.654
42.000	103.615	80.015	19.978	100.596	20.315	-0.952	1.061	898.660
42.500	104.146	80.016	19.977	100.593	20.316	-0.995	1.078	898.663
43.000	104.687	80.015	19.977	100.585	20.317	-0.997	1.071	898.696
43.500	105.225	80.014	19.978	100.576	20.320	-1.166	1.078	898.693
44.001	105.738	80.016	19.977	100.568	20.318	-0.983	1.051	898.659
44.501	106.277	80.016	19.976	100.560	20.320	-1.015	1.052	898.681
45.000	106.803	80.017	19.978	100.559	20.319	-0.871	1.065	898.669
45.500	107.346	80.017	19.978	100.558	20.321	-0.948	1.068	898.685
46.001	107.896	80.017	19.978	100.562	20.321	-0.881	1.093	898.662
46.501	108.406	80.018	19.978	100.561	20.323	-0.987	1.061	898.648
47.000	108.956	80.016	19.977	100.560	20.323	-0.993	1.060	898.671
47.500	109.462	80.016	19.978	100.554	20.322	-0.849	1.056	898.658
48.000	110.000	80.018	19.977	100.544	20.327	-1.097	1.044	898.648
48.500	110.546	80.016	19.978	100.538	20.325	-0.883	1.083	898.656
49.001	111.100	80.016	19.979	100.537	20.326	-0.942	1.100	898.625
49.501	111.600	80.017	19.976	100.536	20.326	-0.898	1.054	898.656
50.001	112.144	80.015	19.978	100.531	20.328	-1.062	1.044	898.656
50.501	112.666	80.015	19.976	100.530	20.329	-1.027	1.066	898.627
51.000	113.229	80.015	19.977	100.525	20.330	-1.120	1.085	898.682
51.501	113.737	80.014	19.978	100.519	20.327	-0.933	1.070	898.651
52.001	114.308	80.016	19.977	100.512	20.330	-1.165	1.079	898.662
52.500	114.821	80.013	19.977	100.509	20.333	-1.378	1.086	898.634
53.000	115.398	80.015	19.978	100.505	20.332	-1.384	1.090	898.632
53.500	115.910	80.015	19.977	100.498	20.334	-1.504	1.088	898.654
54.001	116.439	80.015	19.978	100.497	20.337	-1.849	1.041	898.673
54.500	116.986	80.015	19.979	100.494	20.333	-1.531	1.077	898.633
55.000	117.508	80.018	19.979	100.489	20.337	-1.869	1.069	898.648
55.500	118.056	80.016	19.979	100.484	20.333	-1.557	1.070	898.640
56.000	118.611	80.018	19.978	100.480	20.331	-1.387	1.103	898.671
56.500	119.118	80.015	19.977	100.476	20.331	-1.288	1.062	898.621
57.000	119.644	80.017	19.979	100.473	20.334	-1.438	1.033	898.644
57.500	120.179	80.019	19.974	100.472	20.332	-1.195	1.060	898.648
58.000	120.735	80.014	19.978	100.472	20.331	-0.978	1.092	898.667
58.500	121.251	80.016	19.978	100.472	20.332	-0.954	1.072	898.661
59.000	121.776	80.016	19.976	100.470	20.334	-1.071	1.040	898.635
59.500	122.320	80.016	19.977	100.473	20.330	-0.831	1.068	898.663
60.001	122.848	80.018	19.978	100.473	20.330	-0.893	1.072	898.650
60.501	123.387	80.019	19.977	100.478	20.334	-1.298	1.068	898.656
61.000	123.888	80.019	19.978	100.481	20.330	-1.073	1.040	898.634
61.501	124.448	80.019	19.977	100.483	20.330	-1.146	1.061	898.648
62.001	124.996	80.018	19.977	100.483	20.333	-1.368	1.109	898.661
62.500	125.537	80.018	19.979	100.484	20.333	-1.325	1.089	898.647
63.000	126.056	80.018	19.977	100.485	20.337	-1.479	1.060	898.668
63.501	126.561	80.018	19.977	100.484	20.332	-0.972	1.023	898.626
64.001	127.100	80.019	19.978	100.476	20.332	-0.909	1.044	898.652
64.501	127.641	80.018	19.978	100.468	20.333	-0.916	1.080	898.656
65.000	128.124	80.019	19.979	100.459	20.330	-0.614	1.024	898.648
65.500	128.684	80.020	19.979	100.451	20.330	-0.701	1.042	898.611
66.001	129.165	80.018	19.975	100.445	20.331	-0.772	1.041	898.629
66.501	129.749	80.018	19.974	100.444	20.328	-0.625	1.066	898.650
67.000	130.275	80.018	19.980	100.447	20.329	-0.727	1.110	898.666
67.501	130.807	80.017	19.977	100.455	20.328	-0.647	1.058	898.663
68.001	131.317	80.017	19.977	100.463	20.330	-0.765	1.042	898.693
68.500	131.866	80.020	19.980	100.471	20.329	-0.728	1.058	898.646
69.001	132.392	80.018	19.978	100.474	20.329	-0.667	1.074	898.659
69.501	132.930	80.018	19.976	100.471	20.326	-0.328	1.064	898.676
70.001	133.450	80.017	19.979	100.463	20.326	-0.350	1.058	898.647
70.501	133.944	80.017	19.978	100.452	20.325	-0.302	1.014	898.668
71.001	134.485	80.018	19.977	100.445	20.328	-0.496	1.035	898.656
71.501	135.011	80.018	19.977	100.440	20.322	-0.007	1.066	898.668
72.001	135.543	80.017	19.978	100.434	20.324	-0.106	1.058	898.659
72.501	136.071	80.016	19.976	100.436	20.323	-0.084	1.061	898.641
73.001	136.602	80.017	19.978	100.439	20.322	-0.007	1.059	898.650
73.501	137.135	80.020	19.978	100.442	20.319	0.337	1.064	898.675
74.001	137.663	80.021	19.978	100.448	20.318	0.354	1.061	898.693
74.501	138.171	80.020	19.976	100.454	20.318	0.426	1.035	898.714
75.001	138.664	80.022	19.980	100.449	20.315	0.626	1.001	898.694
75.501	139.218	80.022	19.979	100.445	20.317	0.535	1.047	898.684
76.002	139.757	80.021	19.978	100.443	20.316	0.684	1.093	898.663
76.501	140.256	80.022	19.978	100.437	20.314	0.751	1.039	898.676
77.001	140.796	80.022	19.977	100.434	20.314	0.751	1.039	898.672
77.501	141.320	80.020	19.978	100.438	20.311	1.028	1.063	898.697
78.002	141.837	80.019	19.977	100.442	20.312	1.018	1.041	898.675
78.501	142.360	80.019	19.976	100.435	20.311	1.041	1.041	898.659
79.001	142.892	80.020	19.979	100.432	20.310	1.130	1.056	898.663
79.500	143.413	80.020	19.976	100.431	20.311	1.071	1.053	898.687
80.001	143.925	80.020	19.979	100.433	20.313	0.863	1.033	898.703
80.501	144.425	80.020	19.977	100.431	20.309	1.184	1.012	898.663
81.001	144.971	80.020	19.980	100.430	20.311	1.109	1.046	898.690
81.501	145.491	80.019	19.977	100.429	20.307	1.443	1.067	898.663
82.001	146.036	80.021	19.978	100.427	20.307	1.445	1.064	898.679
82.501	146.521	80.021	19.978	100.422	20.307	1.383	1.029	898.675
83.001	147.060	80.021	19.979	100.418	20.304	1.627	1.024	898.681
83.501	147.564	80.019	19.978	100.421	20.306	1.446	1.043	898.664
84.001	148.092	80.019	19.976	100.423	20.303	1.599	1.032	898.695
84.501	148.585	80.021	19.978	100.423	20.306	1.298	1.021	898.666
85.001	149.106	80.019	19.978	100.419	20.305	1.387	1.014	898.671
85.501	149.633	80.019	19.978	100.417	20.307	1.333	1.048	898.688
86.001	150.186	80.021	19.978	100.416	20.306	1.513	1.080	898.697
86.501	150.681	80.019	19.979	100.415	20.306	1.500	1.047	898.666
87.001	151.214	80.022	19.979	100.414	20.303	1.786	1.028	898.680
87.502	151.694	80.023	19.981	100.421	20.303	1.824	1.013	898.682
88.001	152.202	80.020	19.980	100.420	20.304	1.820	0.988	898.650
88.501	152.739	80.019	19.978	100.416	20.303	1.989	1.045	898.647
89.002	153.259	80.019	19.978	100.412	20.305	1.780	1.057	898.697
89.501	153.767	80.019	19.979	100.411	20.301	2.157	1.028	898.675
90.001	154.286	80.022	19.978	100.410	20.300	2.207	1.027	898.660
90.501	154.836	80.020	19.978	100.416	20.299	2.301	1.069	898.689
91.001	155.303	80.020	19.979	100.422	20.298	2.261	1.018	898.669
91.501	155.831	80.022	19.977	100.427	20.296	2.445	0.995	898.663
92.001	156.351	80.022	19.979	100.429	20.298	2.368	1.047	898.688
92.502	156.873	80.022	19.978	100.425	20.300	2.156	1.041	898.668
93.002	157.360	80.021	19.979	100.418	20.298	2.292	1.009	898.683
93.502	157.907	80.019	19.980	100.413	20.298	2.231	1.035	898.674
94.002	158.413	80.020	19.978	100.409	20.297	2.371	1.054	898.664
94.501	158.908	80.017	19.978	100.405	20.298	2.340	1.002	898.653
95.001	159.434	80.016	19.979	100.402	20.298	2.317	1.020	898.675
95.501	159.941	80.017	19.979	100.398	20.296	2.444	1.032	898.700
96.002	160.432	80.017	19.978	100.397	20.294	2.621	0.998	898.667
96.501	160.945	80.018	19.978	100.396	20.293	2.689	1.004	898.669
97.001	161.498	80.018	19.979	100.395	20.293	2.717	1.067	898.701
97.501	161.998	80.020	19.977	100.394	20.292	2.695	1.054	898.658
98.001	162.501	80.021	19.977	100.398	20.292	2.702	1.002	898.680
98.502	163.029	80.020	19.978	100.403	20.291	2.814	1.029	898.675
99.002	163.550	80.018	19.978	100.401	20.291	2.794	1.049	898.682
99.502	164.047	80.016	19.978	100.398	20.295	2.477	1.018	898.664
100.002	164.559	80.017	19.978	100.399	20.290	2.872	1.009	898.672
100.502	165.058	80.017	19.979	100.400	20.290	2.951	1.010	898.693
101.003	165.578	80.018	19.977	100.401	20.283	3.428	1.020	898.720
101.502	166.107	80.017	19.978	100.401	20.286	3.316	1.051	898.688
102.001	166.596	80.019	19.976	100.401	20.285	3.396	1.018	898.682
102.501	167.131	80.019	19.977	100.398	20.284	3.545	1.023	898.707
103.002	167.622	80.017	19.977	100.400	20.284	3.588	1.027	898.671
103.501	168.154	80.019	19.977	100.397	20.281	3.820	1.023	898.709
104.001	168.653	80.020	19.977	100.397	20.280	3.913	1.031	898.693
104.501	169.120	80.019	19.979	100.403	20.281	3.859	0.966	898.732
105.001	169.657	80.019	19.978	100.408	20.279	3.944	1.005	898.686
105.501	170.198	80.018	19.979	100.402	20.280	3.895	1.078	898.701
106.001	170.706	80.017	19.977	100.400	20.278	4.107	1.049	898.652
106.501	171.256	80.018	19.977	100.402	20.280	3.914	1.057	898.719
107.002	171.745	80.018	19.977	100.400	20.278	4.036	1.038	898.713
107.501	172.217	80.021	19.978	100.401	20.278	4.010	0.962	898.715
108.001	172.743	80.021	19.977	100.398	20.273	4.377	0.997	898.706
108.502	173.239	80.020	19.978	100.399	20.272	4.467	1.022	898.743
109.001	173.768	80.021	19.978	100.392	20.270	4.608	1.025	898.712
109.502	174.262	80.019	19.977	100.388	20.268	4.866	1.022	898.692
110.002	174.772	80.017	19.978	100.383	20.272	4.658	1.004	898.703
110.502	175.289	80.016	19.978	100.386	20.268	4.958	1.027	898.702
111.001	175.772	80.015	19.977	100.383	20.267	5.086	1.001	898.675
111.501	176.331	80.016	19.977	100.385	20.268	4.965	1.042	898.696
112.001	176.813	80.015	19.977	100.384	20.265	5.226	1.041	898.676
112.501	177.320	80.015	19.977	100.382	20.264	5.375	0.990	898.723
113.001	177.816	80.018	19.977	100.379	20.262	5.506	1.003	898.714
113.501	178.333	80.018	19.976	100.381	20.261	5.536	1.013	898.686
114.002	178.850	80.018	19.978	100.385	20.255	5.982	1.034	898.703
114.501	179.376	80.020	19.978	100.389	20.258	5.811	1.043	898.694
115.001	179.897	80.020	19.976	100.390	20.259	5.789	1.047	898.720
115.502	180.408	80.019	19.977	100.391	20.256	5.994	1.032	898.715
116.001	180.929	80.016	19.978	100.387	20.259	5.836	1.032	898.737
116.501	181.395	80.015	19.977	100.382	20.254	6.195	0.986	898.713
117.002	181.944	80.018	19.977	100.377	20.255	6.161	1.014	898.710
117.502	182.457	80.018	19.977	100.373	20.254	6.224	1.062	898.696
118.002	182.970	80.016	19.978	100.371	20.254	6.246	1.027	898.733
118.501	183.445	80.018	19.978	100.371	20.250	6.506	0.988	898.691
119.002	183.960	80.017	19.977	100.373	20.249	6.607	0.990	898.721
119.502	184.475	80.019	19.978	100.369	20.249	6.686	1.030	898.719
120.001	185.050	80.021	19.977	100.367	20.251	6.511	1.090	898.754
120.502	185.534	80.020	19.978	100.366	20.249	6.620	1.059	898.724
121.002	186.030	80.020	19.978	100.368	20.251	6.384	0.980	898.729
121.502	186.536	80.020	19.979	100.367	20.247	6.787	1.001	898.717
122.002	187.047	80.018	19.977	100.369	20.248	6.735	1.016	898.722
122.502	187.552	80.019	19.977	100.364	20.247	6.780	1.017	898.754
123.001	188.070	80.020	19.976	100.360	20.245	6.956	1.023	898.745
123.502	188.566	80.019	19.977	100.358	20.246	7.005	1.013	898.762
124.002	189.043	80.022	19.978	100.358	20.242	7.294	0.973	898.767
124.502	189.581	80.018	19.977	100.359	20.243	7.218	1.016	898.727
125.002	190.082	80.017	19.977	100.362	20.242	7.290	1.039	898.719
125.502	190.593	80.019	19.978	100.360	20.245	7.089	1.012	898.716
126.002	191.076	80.018	19.977	100.358	20.246	6.970	0.994	898.720
126.501	191.625	80.016	19.978	100.356	20.241	7.363	1.031	898.743
127.002	192.091	80.018	19.979	100.352	20.244	7.191	1.015	898.755
127.502	192.626	80.019	19.979	100.353	20.245	7.061	1.001	898.740
128.002	193.169	80.022	19.979	100.360	20.245	6.992	1.078	898.765
128.502	193.651	80.019	19.978	100.361	20.243	7.168	1.025	898.750
129.002	194.159	80.020	19.978	100.356	20.247	6.853	0.991	898.768
129.501	194.670	80.022	19.978	100.357	20.244	7.093	1.020	898.755
130.001	195.192	80.018	19.978	100.355	20.244	7.016	1.033	898.759
130.502	195.705	80.020	19.979	100.348	20.249	6.670	1.033	898.747
131.002	196.228	80.021	19.979	100.345	20.247	6.798	1.036	898.767
131.502	196.692	80.019	19.978	100.347	20.246	6.917	0.987	898.784
132.002	197.235	80.019	19.977	100.348	20.248	6.716	1.006	898.766
132.502	197.730	80.018	19.978	100.347	20.245	6.918	1.039	898.791
133.002	198.239	80.021	19.977	100.348	20.247	6.818	1.005	898.765
133.501	198.755	80.019	19.978	100.346	20.246	6.935	1.025	898.760
134.002	199.261	80.018	19.977	100.345	20.246	6.946	1.021	898.778
134.502	199.763	80.021	19.978	100.343	20.248	6.830	1.008	898.752
135.001	200.258	80.022	19.978	100.346	20.246	7.036	0.998	898.771
135.501	200.806	80.020	19.977	100.351	20.247	7.044	1.043	898.773
136.001	201.251	80.020	19.976	100.353	20.245	7.152	0.994	898.773
136.501	201.803	80.020	19.978	100.355	20.243	7.361	0.997	898.762
137.001	202.294	80.019	19.977	100.352	20.248	6.886	1.043	898.787
137.501	202.787	80.020	19.978	100.354	20.247	6.952	0.984	898.807
138.002	203.324	80.019	19.979	100.353	20.251	6.537	1.029	898.785
138.502	203.849	80.020	19.979	100.354	20.245	7.031	1.063	898.786
139.002	204.322	80.020	19.977	100.354	20.251	6.594	0.998	898.790
139.502	204.855	80.020	19.978	100.357	20.253	6.436	1.006	898.807
140.002	205.334	80.022	19.978	100.355	20.251	6.581	1.012	898.827
140.502	205.872	80.021	19.978	100.352	20.252	6.560	1.017	898.785
141.002	206.363	80.020	19.978	100.352	20.250	6.695	1.030	898.819
141.501	206.884	80.020	19.978	100.350	20.254	6.451	1.012	898.794
142.001	207.405	80.021	19.979	100.346	20.254	6.386	1.041	898.820
142.502	207.909	80.021	19.978	100.340	20.254	6.330	1.024	898.804
143.002	208.408	80.020	19.978	100.337	20.255	6.276	1.003	898.791
143.502	208.924	80.020	19.979	100.337	20.257	6.148	1.015	898.809
144.002	209.410	80.021	19.980	100.337	20.252	6.497	1.002	898.830
144.502	209.903	80.021	19.979	100.345	20.250	6.702	0.978	898.806
145.002	210.442	80.018	19.978	100.350	20.251	6.650	1.032	898.797
145.502	210.924	80.019	19.978	100.353	20.254	6.499	1.021	898.850
146.002	211.431	80.018	19.978	100.351	20.252	6.650	0.989	898.805
146.502	211.973	80.018	19.978	100.348	20.252	6.617	1.049	898.868
147.002	212.436	80.020	19.978	100.344	20.250	6.770	1.005	898.840
147.502	212.967	80.021	19.979	100.347	20.248	6.849	0.993	898.831
148.002	213.457	80.020	19.978	100.345	20.247	6.877	1.021	898.877
148.502	213.999	80.017	19.978	100.346	20.245	7.046	1.033	898.841
149.002	214.504	80.017	19.979	100.347	20.244	7.145	1.047	898.810
149.502	215.005	80.021	19.979	100.345	20.243	7.299	1.005	898.855
150.003	215.495	80.021	19.978	100.347	20.242	7.321	0.991	898.848
150.502	216.008	80.020	19.977	100.353	20.244	7.188	1.004	898.874
151.002	216.489	80.021	19.977	100.352	20.240	7.561	0.994	898.857
151.502	216.981	80.019	19.977	100.350	20.240	7.654	0.973	898.859
152.002	217.511	80.018	19.979	100.348	20.239	7.706	1.022	898.840
152.502	218.058	80.021	19.977	100.339	20.238	7.726	1.077	898.828
153.002	218.525	80.020	19.979	100.335	20.237	7.801	1.013	898.884
153.503	219.036	80.018	19.978	100.337	20.239	7.593	0.978	898.853
154.003	219.549	80.017	19.976	100.342	20.236	7.815	1.026	898.894
154.502	220.072	80.016	19.977	100.345	20.235	7.798	1.036	898.884
155.002	220.555	80.021	19.979	100.348	20.233	7.968	1.005	898.908
155.502	221.069	80.018	19.978	100.349	20.231	8.163	0.996	898.868
156.003	221.546	80.018	19.977	100.349	20.229	8.318	0.991	898.854
156.503	222.041	80.019	19.977	100.343	20.228	8.362	0.972	898.853
157.003	222.588	80.020	19.977	100.343	20.226	8.507	1.043	898.873
157.503	223.057	80.021	19.978	100.344	20.226	8.589	1.017	898.861
158.002	223.550	80.020	19.977	100.339	20.222	8.876	0.962	898.834
158.502	224.064	80.019	19.977	100.336	20.221	8.965	1.008	898.844
159.002	224.559	80.017	19.977	100.335	20.219	9.149	1.009	898.848
159.502	225.071	80.016	19.977	100.337	20.220	9.218	1.007	898.865
160.002	225.591	80.017	19.977	100.336	20.218	9.460	1.032	898.876
160.502	226.103	80.020	19.978	100.338	20.218	9.493	1.032	898.883
161.002	226.588	80.019	19.978	100.343	20.217	9.614	0.996	898.853
161.502	227.078	80.017	19.979	100.346	20.213	9.916	0.975	898.884
162.002	227.602	80.021	19.977	100.347	20.210	10.089	1.015	898.895
162.502	228.114	80.019	19.978	100.345	20.210	10.052	1.035	898.925
163.003	228.636	80.021	19.979	100.344	20.209	10.038	1.033	898.927
163.502	229.126	80.022	19.978	100.344	20.211	9.938	1.013	898.917
164.002	229.647	80.020	19.977	100.345	20.208	10.134	1.012	898.906
164.502	230.130	80.018	19.978	100.344	20.202	10.589	1.004	898.911
165.002	230.633	80.017	19.977	100.345	20.207	10.163	0.986	898.899
165.502	231.124	80.021	19.979	100.344	20.205	10.350	0.994	898.899
166.002	231.647	80.020	19.980	100.341	20.203	10.530	1.013	898.900
166.502	232.152	80.017	19.978	100.335	20.201	10.711	1.027	898.892
167.003	232.637	80.019	19.979	100.327	20.197	11.049	0.990	898.938
167.502	233.147	80.019	19.978	100.321	20.195	11.200	0.995	898.949
168.002	233.680	80.017	19.978	100.317	20.196	11.140	1.043	898.924
168.502	234.164	80.018	19.978	100.314	20.196	11.169	1.017	898.903
169.003	234.671	80.019	19.978	100.317	20.196	11.272	0.991	898.917
169.502	235.159	80.020	19.979	100.320	20.195	11.349	0.995	898.928
170.002	235.655	80.018	19.978	100.327	20.195	11.309	0.985	898.914
170.502	236.167	80.019	19.978	100.329	20.195	11.348	1.008	898.978
171.003	236.674	80.021	19.979	100.330	20.195	11.379	1.018	898.940
171.502	237.160	80.023	19.980	100.329	20.194	11.468	0.993	898.948
172.002	237.667	80.019	19.979	100.329	20.192	11.500	0.994	898.916
172.502	238.154	80.020	19.979	100.328	20.191	11.606	0.994	898.945
173.002	238.703	80.021	19.979	100.327	20.190	11.719	1.036	898.957
173.502	239.224	80.017	19.978	100.326	20.190	11.730	1.070	898.966
174.002	239.688	80.018	19.979	100.325	20.189	11.762	0.985	898.944
174.503	240.207	80.019	19.979	100.323	20.193	11.425	0.982	898.935
175.003	240.711	80.019	19.980	100.320	20.194	11.371	1.023	898.965
175.502	241.205	80.018	19.981	100.318	20.189	11.743	0.998	898.963
176.002	241.691	80.017	19.980	100.318	20.190	11.680	0.981	898.950
176.502	242.200	80.017	19.981	100.312	20.188	11.909	0.994	899.000
177.003	242.690	80.019	19.980	100.311	20.188	11.921	0.997	898.952
177.503	243.214	80.018	19.981	100.311	20.191	11.765	1.014	898.961
178.002	243.702	80.020	19.981	100.311	20.189	11.901	1.014	898.986
178.502	244.229	80.022	19.980	100.310	20.191	11.803	1.015	898.976
179.002	244.745	80.019	19.979	100.314	20.191	11.736	1.043	898.981
179.502	245.199	80.020	19.980	100.316	20.190	11.792	0.970	898.992
180.002	245.742	80.019	19.980	100.312	20.192	11.603	0.998	899.010
180.502	246.246	80.019	19.980	100.310	20.191	11.701	1.047	898.982
181.002	246.736	80.019	19.980	100.313	20.194	11.526	0.994	898.982
181.502	247.251	80.017	19.979	100.315	20.196	11.407	1.005	898.973
182.002	247.722	80.020	19.979	100.316	20.197	11.320	0.985	898.980
182.503	248.217	80.021	19.980	100.318	20.197	11.363	0.965	898.973
183.003	248.734	80.018	19.980	100.320	20.198	11.244	1.013	898.964
183.503	249.214	80.018	19.980	100.315	20.201	10.967	0.998	899.006
184.003	249.718	80.019	19.979	100.309	20.200	11.091	0.983	898.973
184.504	250.246	80.019	19.978	100.302	20.201	11.036	1.030	899.013
185.004	250.725	80.022	19.979	100.303	20.205	10.602	1.007	898.973
185.503	251.262	80.019	19.978	100.302	20.205	10.608	1.018	898.987
186.002	251.742	80.019	19.978	100.304	20.208	10.437	1.017	899.010
186.503	252.278	80.021	19.980	100.308	20.208	10.516	1.014	899.025
187.004	252.778	80.019	19.978	100.311	20.214	10.055	1.035	899.026
187.503	253.281	80.019	19.978	100.309	20.216	9.911	1.004	899.017
188.003	253.761	80.018	19.978	100.307	20.217	9.901	0.983	899.010
188.503	254.285	80.017	19.979	100.306	20.220	9.656	1.004	898.997
189.003	254.764	80.018	19.978	100.304	20.220	9.703	1.004	899.021
189.503	255.276	80.019	19.977	100.299	20.222	9.549	0.992	899.000
190.003	255.758	80.019	19.979	100.298	20.218	9.727	0.994	899.030
190.503	256.243	80.019	19.978	100.301	20.225	9.157	0.965	899.016
191.003	256.756	80.019	19.979	100.305	20.224	9.224	0.999	899.040
191.503	257.313	80.016	19.976	100.305	20.229	8.862	1.071	899.040
192.003	257.796	80.018	19.979	100.308	20.229	8.773	1.039	899.047
192.503	258.301	80.018	19.979	100.310	20.230	8.694	0.988	899.049
193.003	258.815	80.021	19.977	100.308	20.234	8.486	1.020	899.063
193.502	259.308	80.020	19.980	100.304	20.238	8.266	1.007	899.045
194.003	259.796	80.018	19.979	100.302	20.241	8.024	0.980	899.036
194.503	260.330	80.019	19.980	100.301	20.240	8.102	1.023	899.027
195.002	260.836	80.016	19.978	100.298	20.243	7.808	1.040	899.037
195.503	261.310	80.016	19.979	100.297	20.245	7.673	0.979	899.078
196.003	261.815	80.017	19.978	100.297	20.243	7.701	0.979	899.105
196.503	262.317	80.017	19.979	100.298	20.246	7.412	1.007	899.067
197.003	262.838	80.018	19.979	100.298	20.246	7.378	1.023	899.082
197.503	263.336	80.017	19.979	100.302	20.244	7.622	1.021	899.074
198.002	263.867	80.016	19.980	100.307	20.247	7.478	1.028	899.071
198.503	264.387	80.019	19.979	100.307	20.245	7.665	1.049	899.099
199.004	264.856	80.019	19.980	100.310	20.248	7.398	0.988	899.103
199.503	265.332	80.019	19.980	100.314	20.247	7.560	0.946	899.094
200.003	265.805	80.017	19.980	100.310	20.247	7.548	0.950	899.068
200.503	266.332	80.017	19.978	100.303	20.244	7.699	1.000	899.063
201.003	266.825	80.018	19.979	100.299	20.244	7.656	1.020	899.092
201.503	267.350	80.021	19.977	100.297	20.241	7.816	1.018	899.071
202.003	267.858	80.021	19.979	100.299	20.242	7.784	1.032	899.108
202.504	268.353	80.020	19.978	100.306	20.244	7.663	1.003	899.102
203.004	268.871	80.019	19.977	100.311	20.245	7.617	1.013	899.084
203.503	269.381	80.020	19.979	100.317	20.243	7.822	1.028	899.119
204.003	269.860	80.023	19.978	100.322	20.242	7.967	0.989	899.138
204.503	270.349	80.021	19.979	100.318	20.245	7.720	0.968	899.142
205.003	270.873	80.020	19.979	100.313	20.245	7.732	1.013	899.115
205.503	271.359	80.021	19.979	100.309	20.242	7.924	1.010	899.135
206.003	271.855	80.019	19.978	100.306	20.243	7.825	0.982	899.147
206.503	272.356	80.021	19.979	100.303	20.241	7.959	0.997	899.134
207.003	272.835	80.022	19.978	100.303	20.240	8.060	0.980	899.148
207.503	273.358	80.020	19.978	100.305	20.240	8.040	1.002	899.130
208.003	273.831	80.020	19.978	100.312	20.238	8.254	0.997	899.159
208.502	274.378	80.019	19.978	100.316	20.238	8.289	1.021	899.157
209.002	274.842	80.019	19.979	100.315	20.239	8.284	1.010	899.150
209.502	275.335	80.019	19.978	100.317	20.237	8.401	0.956	899.147
210.003	275.844	80.017	19.978	100.312	20.236	8.490	1.002	899.140
210.503	276.332	80.020	19.979	100.306	20.233	8.738	0.996	899.158
211.003	276.833	80.020	19.979	100.301	20.236	8.597	0.989	899.148
211.503	277.330	80.020	19.978	100.300	20.234	8.739	0.999	899.156
212.003	277.823	80.020	19.978	100.297	20.235	8.667	0.990	899.183
212.503	278.330	80.021	19.978	100.301	20.235	8.591	1.000	899.185
213.003	278.838	80.019	19.979	100.304	20.234	8.688	1.016	899.167
213.503	279.343	80.020	19.979	100.306	20.232	8.855	1.013	899.166
214.003	279.856	80.019	19.978	100.306	20.231	8.844	1.017	899.188
214.504	280.337	80.020	19.979	100.305	20.232	8.785	0.993	899.187
215.004	280.845	80.020	19.979	100.303	20.229	9.092	0.990	899.157
215.503	281.342	80.018	19.978	100.300	20.228	9.162	1.005	899.173
216.003	281.893	80.021	19.979	100.298	20.226	9.324	1.047	899.192
216.504	282.365	80.020	19.979	100.295	20.223	9.592	1.023	899.176
217.003	282.852	80.021	19.979	100.293	20.226	9.395	0.960	899.213
217.503	283.344	80.024	19.978	100.292	20.224	9.567	0.979	899.212
218.003	283.831	80.024	19.978	100.291	20.223	9.591	0.979	899.176
218.503	284.355	80.023	19.979	100.289	20.219	9.883	1.010	899.206
219.004	284.839	80.024	19.978	100.288	20.221	9.687	1.007	899.214
219.504	285.324	80.024	19.979	100.291	20.218	9.910	0.970	899.217
220.003	285.857	80.024	19.978	100.291	20.216	10.045	1.019	899.214
220.502	286.340	80.024	19.977	100.290	20.217	9.979	1.017	899.233
221.002	286.854	80.023	19.979	100.292	20.217	10.014	0.997	899.214
221.503	287.335	80.022	19.977	100.297	20.213	10.377	0.994	899.217
222.004	287.841	80.019	19.980	100.296	20.214	10.355	0.987	899.250
222.503	288.362	80.021	19.977	100.288	20.213	10.416	1.028	899.255
223.003	288.875	80.021	19.979	100.288	20.213	10.403	1.034	899.258
223.504	289.352	80.022	19.978	100.289	20.214	10.314	0.990	899.256
224.003	289.849	80.021	19.978	100.284	20.215	10.228	0.975	899.240
224.503	290.349	80.020	19.978	100.283	20.211	10.480	0.998	899.249
225.003	290.863	80.021	19.979	100.286	20.209	10.571	1.014	899.250
225.503	291.361	80.020	19.977	100.288	20.210	10.513	1.011	899.275
226.003	291.856	80.020	19.977	100.289	20.203	11.091	0.993	899.274
226.503	292.344	80.020	19.978	100.293	20.204	10.963	0.983	899.269
227.004	292.854	80.022	19.980	100.294	20.203	11.038	0.998	899.298
227.503	293.345	80.021	19.980	100.294	20.201	11.223	1.002	899.274
228.003	293.871	80.020	19.979	100.291	20.198	11.563	1.017	899.282
228.503	294.359	80.021	19.979	100.287	20.199	11.520	1.012	899.269
229.004	294.876	80.021	19.979	100.281	20.197	11.752	1.004	899.310
229.503	295.338	80.023	19.979	100.279	20.195	12.016	0.979	899.274
230.003	295.828	80.022	19.979	100.282	20.189	12.586	0.952	899.278
230.504	296.352	80.022	19.978	100.284	20.188	12.630	1.013	899.297
231.004	296.848	80.023	19.978	100.288	20.188	12.562	1.020	899.277
231.504	297.365	80.023	19.979	100.290	20.184	12.762	1.013	899.327
232.004	297.870	80.022	19.979	100.292	20.184	12.670	1.022	899.302
232.503	298.373	80.024	19.978	100.294	20.185	12.566	1.009	899.329
233.003	298.870	80.020	19.979	100.291	20.182	12.670	1.001	899.320
233.503	299.345	80.021	19.979	100.288	20.184	12.515	0.971	899.296
234.004	299.884	80.025	19.979	100.290	20.180	12.872	1.013	899.315
234.504	300.392	80.022	19.979	100.291	20.180	12.907	1.047	899.346
235.003	300.874	80.020	19.979	100.283	20.180	12.942	0.990	899.317
235.503	301.390	80.017	19.980	100.280	20.175	13.315	0.999	899.318
236.003	301.875	80.017	19.979	100.277	20.173	13.487	1.002	899.317
236.503	302.356	80.020	19.979	100.268	20.169	13.830	0.966	899.319
237.003	302.865	80.018	19.980	100.259	20.167	13.981	0.990	899.307
237.504	303.371	80.018	19.979	100.256	20.164	14.278	1.015	899.307
238.003	303.840	80.021	19.980	100.259	20.161	14.479	0.975	899.309
238.503	304.377	80.017	19.979	100.265	20.160	14.572	1.006	899.331
239.003	304.882	80.020	19.978	100.273	20.155	14.949	1.041	899.343
239.503	305.370	80.022	19.979	100.281	20.157	14.838	0.993	899.343
240.003	305.855	80.021	19.977	100.285	20.152	15.210	0.973	899.322
240.503	306.347	80.018	19.978	100.288	20.148	15.449	0.976	899.327
241.003	306.828	80.018	19.980	100.287	20.148	15.474	0.974	899.354
241.503	307.367	80.020	19.978	100.286	20.146	15.662	1.021	899.342
242.003	307.854	80.021	19.977	100.281	20.143	15.882	1.025	899.354
242.504	308.374	80.019	19.980	100.281	20.138	16.201	1.007	899.335
243.003	308.892	80.018	19.976	100.277	20.138	16.183	1.038	899.404
243.503	309.380	80.018	19.978	100.273	20.136	16.331	1.006	899.407
244.003	309.866	80.016	19.979	100.273	20.131	16.634	0.974	899.371
244.503	310.358	80.017	19.976	100.276	20.129	16.772	0.978	899.378
245.004	310.889	80.019	19.978	100.272	20.119	17.541	1.023	899.395
245.503	311.372	80.021	19.977	100.271	20.122	17.346	1.014	899.387
246.003	311.875	80.020	19.977	100.271	20.121	17.457	0.986	899.418
246.504	312.380	80.020	19.979	100.271	20.113	18.021	1.008	899.403
247.004	312.902	80.021	19.978	100.268	20.114	17.957	1.027	899.426
247.503	313.391	80.019	19.978	100.269	20.105	18.671	1.011	899.411
248.003	313.860	80.018	19.978	100.271	20.100	18.988	0.958	899.431
248.503	314.358	80.019	19.978	100.270	20.095	19.227	0.967	899.404
249.003	314.871	80.019	19.978	100.268	20.094	19.246	1.010	899.416
249.504	315.349	80.018	19.978	100.270	20.089	19.591	0.990	899.401
250.004	315.867	80.019	19.979	100.273	20.086	19.818	0.996	899.460
250.503	316.391	80.020	19.980	100.273	20.078	20.380	1.042	899.451
251.004	316.866	80.019	19.978	100.277	20.075	20.660	0.999	899.444
251.504	317.364	80.016	19.980	100.281	20.066	21.308	0.973	899.446
252.004	317.849	80.016	19.980	100.284	20.065	21.319	0.983	899.485
252.504	318.364	80.018	19.981	100.281	20.055	22.021	1.001	899.450
253.004	318.841	80.017	19.978	100.279	20.047	22.645	0.992	899.457
253.504	319.350	80.016	19.980	100.275	20.036	23.471	0.986	899.445
254.003	319.837	80.018	19.978	100.273	20.034	23.610	0.996	899.481
254.503	320.355	80.018	19.978	100.275	20.023	24.423	1.004	899.442
255.004	320.834	80.020	19.979	100.278	20.016	25.051	0.996	899.467
255.504	321.347	80.020	19.979	100.284	20.010	25.511	0.992	899.477
256.004	321.840	80.019	19.979	100.290	20.003	25.962	1.007	899.496
256.503	322.350	80.020	19.978	100.293	19.990	26.959	1.004	899.468
257.003	322.828	80.017	19.979	100.294	19.983	27.489	0.987	899.496
257.504	323.336	80.017	19.979	100.296	19.977	27.940	0.986	899.480
258.003	323.851	80.019	19.980	100.296	19.969	28.497	1.024	899.504
258.503	324.347	80.020	19.981	100.293	19.958	29.358	1.012	899.530
259.003	324.836	80.017	19.980	100.298	19.945	30.353	0.984	899.524
259.503	325.324	80.021	19.979	100.302	19.934	31.200	0.977	899.522
260.004	325.873	80.020	19.979	100.305	19.921	32.147	1.038	899.514
260.503	326.327	80.021	19.980	100.305	19.911	32.865	1.003	899.556
261.003	326.821	80.022	19.980	100.307	19.896	34.031	0.948	899.521
261.503	327.378	80.022	19.981	100.303	19.887	34.678	1.051	899.554
262.004	327.865	80.021	19.980	100.299	19.875	35.579	1.044	899.557
262.503	328.367	80.019	19.981	100.297	19.859	36.817	0.988	899.517
263.004	328.846	80.019	19.980	100.299	19.845	37.910	0.980	899.565
263.504	329.337	80.021	19.980	100.303	19.832	38.880	0.970	899.560
264.004	329.849	80.020	19.979	100.305	19.818	39.995	1.003	899.553
264.504	330.333	80.020	19.978	100.302	19.806	40.866	0.996	899.568
265.004	330.863	80.022	19.979	100.304	19.789	42.069	1.014	899.588
265.503	331.331	80.021	19.979	100.305	19.774	43.191	0.998	899.559
266.004	331.840	80.020	19.977	100.304	19.759	44.284	0.976	899.560
266.504	332.346	80.022	19.981	100.302	19.741	45.636	1.015	899.561
267.003	332.858	80.020	19.979	100.303	19.726	46.724	1.018	899.558
267.503	333.358	80.020	19.979	100.304	19.712	47.815	1.012	899.575
268.004	333.848	80.020	19.978	100.304	19.695	49.063	0.990	899.617
268.504	334.361	80.019	19.979	100.304	19.678	50.397	1.003	899.584
269.004	334.848	80.021	19.979	100.307	19.665	51.419	1.000	899.565
269.504	335.331	80.017	19.980	100.305	19.642	53.191	0.970	899.575
270.004	335.848	80.019	19.982	100.303	19.624	54.578	1.000	899.556
270.503	336.305	80.020	19.979	100.302	19.606	55.879	0.975	899.571
271.003	336.860	80.018	19.979	100.302	19.588	57.199	1.011	899.588
271.504	337.328	80.019	19.978	100.297	19.570	58.584	1.022	899.602
272.004	337.849	80.021	19.985	100.301	19.548	60.194	0.989	899.580
272.504	338.325	80.021	19.978	100.304	19.532	61.364	0.997	899.604
273.004	338.808	80.020	19.982	100.306	19.505	63.451	0.959	899.593
273.504	339.328	80.020	19.977	100.307	19.488	64.747	1.003	899.581
274.003	339.840	80.021	19.981	100.314	19.466	66.448	1.032	899.599
274.503	340.318	80.022	19.979	100.314	19.450	67.619	0.990	899.609
275.003	340.797	80.019	19.977	100.311	19.422	69.742	0.958	899.632
275.503	341.318	80.021	19.977	100.309	19.403	71.143	1.000	899.631
276.004	341.820	80.020	19.979	100.308	19.381	72.836	1.022	899.616
276.504	342.340	80.020	19.980	100.303	19.360	74.395	1.022	899.626
277.003	342.820	80.022	19.979	100.300	19.341	75.852	1.000	899.649
277.504	343.346	80.023	19.980	100.301	19.313	77.963	1.006	899.656
278.004	343.819	80.021	19.979	100.303	19.292	79.639	0.999	899.633
278.504	344.328	80.021	19.980	100.304	19.268	81.397	0.982	899.638
279.004	344.835	80.019	19.979	100.305	19.242	83.395	1.017	899.651
279.504	345.321	80.019	19.980	100.306	19.220	85.061	0.993	899.649
280.004	345.795	80.020	19.978	100.308	19.195	86.949	0.960	899.658
280.504	346.323	80.018	19.979	100.306	19.170	88.816	1.002	899.677
281.004	346.822	80.018	19.980	100.303	19.148	90.437	1.026	899.662
281.504	347.334	80.019	19.979	100.302	19.123	92.255	1.011	899.668
282.004	347.838	80.021	19.979	100.303	19.097	94.220	1.017	899.649
282.504	348.307	80.019	19.979	100.301	19.071	96.162	0.973	899.676
283.004	348.861	80.022	19.981	100.303	19.047	97.881	1.023	899.694
283.503	349.335	80.020	19.979	100.303	19.021	99.888	1.028	899.687
284.004	349.812	80.018	19.979	100.301	18.996	101.783	0.951	899.655
284.504	350.328	80.018	19.979	100.296	18.967	103.911	0.993	899.693
285.003	350.803	80.020	19.978	100.296	18.945	105.546	0.991	899.690
285.504	351.320	80.018	19.980	100.291	18.916	107.634	0.992	899.693
286.004	351.837	80.016	19.978	100.292	18.885	109.921	1.033	899.695
286.504	352.322	80.019	19.979	100.295	18.862	111.656	1.003	899.709
287.004	352.777	80.020	19.979	100.295	18.832	113.841	0.941	899.725
287.503	353.334	80.019	19.980	100.291	18.810	115.534	1.011	899.684
288.004	353.783	80.021	19.976	100.294	18.779	117.903	1.005	899.715
288.504	354.305	80.020	19.980	100.292	18.753	119.898	0.972	899.692
289.003	354.831	80.018	19.980	100.295	18.725	122.089	1.048	899.725
289.504	355.299	80.017	19.978	100.298	18.694	124.417	0.994	899.716
290.004	355.772	80.016	19.980	100.303	18.669	126.323	0.941	899.751
290.503	356.258	80.017	19.977	100.302	18.642	128.372	0.959	899.739
291.003	356.774	80.016	19.977	100.300	18.614	130.516	1.002	899.736
291.504	357.285	80.015	19.978	100.296	18.592	132.072	1.027	899.735
292.004	357.786	80.019	19.978	100.301	18.560	134.453	1.012	899.736
292.504	358.290	80.018	19.979	100.303	18.536	136.280	1.005	899.708
293.004	358.770	80.020	19.977	100.307	18.506	138.561	0.984	899.770
293.504	359.288	80.021	19.976	100.313	18.472	141.037	0.999	899.766
294.004	359.784	80.020	19.979	100.314	18.452	142.552	1.014	899.766
294.504	360.274	80.019	19.979	100.311	18.422	144.792	0.986	899.732
295.003	360.765	80.019	19.979	100.307	18.389	147.208	0.981	899.773
295.503	361.270	80.018	19.977	100.305	18.371	148.528	0.996	899.735
296.003	361.767	80.021	19.977	100.300	18.340	150.775	1.002	899.730
296.504	362.258	80.019	19.978	100.296	18.314	152.785	0.988	899.791
297.004	362.739	80.016	19.980	100.293	18.286	154.909	0.972	899.737
297.504	363.257	80.018	19.977	100.291	18.263	156.616	0.999	899.744
298.004	363.736	80.017	19.979	100.288	18.237	158.617	0.996	899.755
298.504	364.294	80.016	19.978	100.289	18.207	160.845	1.036	899.759
299.004	364.786	80.018	19.975	100.294	18.181	162.837	1.051	899.786
299.504	365.248	80.017	19.979	100.293	18.157	164.545	0.954	899.757
300.004	365.770	80.017	19.979	100.292	18.128	166.738	0.982	899.785
300.504	366.270	80.019	19.979	100.291	18.102	168.694	1.022	899.789
301.004	366.787	80.018	19.978	100.292	18.075	170.771	1.017	899.795
301.504	367.267	80.020	19.982	100.290	18.048	172.795	0.997	899.809
302.004	367.770	80.018	19.977	100.292	18.023	174.546	0.984	899.816
302.504	368.266	80.018	19.980	100.296	17.999	176.266	0.999	899.822
303.004	368.774	80.020	19.979	100.301	17.971	178.286	1.004	899.828
303.504	369.271	80.018	19.977	100.301	17.953	179.591	1.005	899.801
304.004	369.757	80.019	19.979	100.300	17.929	181.250	0.983	899.859
304.504	370.280	80.020	19.979	100.295	17.910	182.562	1.010	899.845
305.004	370.772	80.019	19.976	100.292	17.891	183.879	1.015	899.818
305.504	371.262	80.018	19.978	100.289	17.875	185.014	0.981	899.826
306.004	371.761	80.017	19.979	100.291	17.852	186.749	0.988	899.837
306.505	372.227	80.017	19.978	100.291	17.830	188.293	0.965	899.801
307.005	372.734	80.019	19.978	100.294	17.808	189.922	0.974	899.834
307.504	373.249	80.015	19.978	100.294	17.768	192.850	1.022	899.831
308.005	373.758	80.016	19.979	100.289	17.731	195.571	1.023	899.821
308.505	374.276	80.017	19.975	100.283	17.710	197.069	1.027	899.844
309.005	374.757	80.016	19.978	100.286	17.690	198.423	0.999	899.851
309.504	375.253	80.017	19.977	100.291	17.671	199.671	0.978	899.855
310.004	375.737	80.020	19.979	100.300	17.646	201.368	0.980	899.836
310.504	376.253	80.018	19.978	100.311	17.607	204.134	1.000	899.842
311.004	376.755	80.018	19.979	100.316	17.580	206.040	1.018	899.878
311.504	377.249	80.016	19.977	100.322	17.569	206.875	0.996	899.854
312.005	377.758	80.019	19.979	100.328	17.561	207.229	1.003	899.867
312.505	378.233	80.019	19.977	100.334	17.541	208.496	0.983	899.838
313.005	378.763	80.018	19.975	100.339	17.502	211.216	1.005	899.848
313.505	379.240	80.018	19.978	100.345	17.434	216.129	1.007	899.881
314.005	379.728	80.018	19.976	100.345	17.377	220.363	0.966	899.876
314.505	380.218	80.017	19.976	100.344	17.336	223.436	0.979	899.874
315.004	380.737	80.019	19.978	100.344	17.303	226.006	1.009	899.888
315.505	381.233	80.020	19.976	100.351	17.274	228.361	1.014	899.906
316.005	381.730	80.017	19.978	100.364	17.242	230.792	0.994	899.893
316.504	382.247	80.018	19.978	100.372	17.203	233.681	1.015	899.867
317.004	382.713	80.017	19.978	100.386	17.166	236.114	0.983	899.879
317.504	383.202	80.018	19.979	100.396	17.114	239.488	0.955	899.891
318.005	383.706	80.019	19.976	100.407	17.064	242.889	0.992	899.910
318.504	384.178	80.017	19.978	100.413	17.024	245.407	0.976	899.937
319.004	384.712	80.019	19.976	100.420	16.973	248.879	1.006	899.887
319.505	385.191	80.017	19.978	100.434	16.924	252.546	1.013	899.912
320.004	385.707	80.017	19.979	100.456	16.882	255.875	0.995	899.946
320.504	386.200	80.020	19.978	100.469	16.852	257.871	1.009	899.919
321.005	386.677	80.019	19.976	100.485	16.810	260.625	0.968	899.951
321.505	387.160	80.018	19.978	100.489	16.796	261.521	0.960	899.909
322.005	387.677	80.015	19.977	100.475	16.731	266.116	1.001	899.929
322.505	388.144	80.014	19.978	100.452	16.643	272.387	0.984	899.921
323.004	388.628	80.016	19.978	100.435	16.539	280.064	0.951	899.962
323.505	389.149	80.016	19.978	100.429	16.435	288.364	1.005	899.952
324.005	389.676	80.015	19.978	100.442	16.342	296.086	1.048	899.961
324.505	390.153	80.016	19.977	100.484	16.267	302.453	1.005	899.987
325.004	390.635	80.016	19.978	100.527	16.224	306.531	0.959	899.962
325.504	391.156	80.015	19.976	100.558	16.193	309.324	1.002	899.981
326.005	391.655	80.016	19.977	100.596	16.122	314.808	1.020	899.963
326.504	392.142	80.017	19.979	100.619	16.001	323.848	0.986	899.959
327.004	392.625	80.016	19.973	100.594	15.892	332.005	0.969	899.995
327.505	393.116	80.014	19.980	100.568	15.802	338.770	0.974	899.984
328.005	393.610	80.014	19.978	100.604	15.731	344.195	0.985	899.978
328.505	394.075	80.016	19.978	100.623	15.684	347.958	0.959	899.989
329.005	394.570	80.015	19.977	100.646	15.657	350.098	0.961	900.020
329.504	395.103	80.014	19.978	100.694	15.641	351.402	1.028	899.990
330.005	395.601	80.017	19.979	100.721	15.627	352.384	1.029	900.047
330.505	396.079	80.013	19.977	100.675	15.618	352.916	0.976	900.042
331.005	396.618	80.015	19.979	100.605	15.595	354.202	1.018	899.978
331.505	397.053	80.018	19.977	100.525	15.560	356.582	0.974	900.059
332.005	397.605	80.017	19.981	100.437	15.521	359.406	0.988	900.009
332.505	398.117	80.016	19.977	100.363	15.484	362.072	1.064	900.038
333.004	398.565	80.013	19.977	100.331	15.458	363.977	0.959	900.056
333.505	399.070	80.012	19.982	100.324	15.441	365.280	0.953	900.015
334.005	399.558	80.015	19.983	100.323	15.413	367.313	0.993	900.033
334.505	400.093	80.014	19.975	100.319	15.375	370.097	1.023	900.033
335.004	400.569	80.015	19.977	100.308	15.338	372.772	1.012	900.030
335.505	401.059	80.016	19.981	100.262	15.303	375.187	0.965	900.024
336.005	401.575	80.015	19.979	100.230	15.280	376.787	1.005	900.023
336.505	402.041	80.016	19.978	100.218	15.251	378.928	0.982	900.049
337.004	402.539	80.017	19.978	100.216	15.227	380.701	0.965	900.074
337.504	403.055	80.016	19.977	100.231	15.207	382.148	1.014	900.064
338.005	403.540	80.016	19.977	100.267	15.195	382.902	1.000	900.053
338.504	404.055	80.015	19.977	100.294	15.181	383.972	1.000	900.046
339.004	404.562	80.015	19.979	100.305	15.165	385.140	1.022	900.043
339.505	405.052	80.017	19.977	100.311	15.145	386.541	0.997	900.043
340.005	405.541	80.017	19.979	100.308	15.118	388.597	0.980	900.028
340.504	406.023	80.016	19.978	100.299	15.098	390.160	0.971	900.080
341.005	406.536	80.017	19.979	100.291	15.081	391.593	0.994	900.062
341.505	407.061	80.016	19.977	100.293	15.069	392.582	1.038	900.076
342.004	407.565	80.018	19.978	100.302	15.067	392.901	1.030	900.094
342.504	408.095	80.020	19.978	100.312	15.069	392.825	1.033	900.066
343.005	408.565	80.019	19.980	100.325	15.074	392.603	0.999	900.098
343.505	409.055	80.016	19.975	100.328	15.081	392.177	0.961	900.100
344.004	409.575	80.017	19.977	100.324	15.082	392.234	1.011	900.083
344.505	410.094	80.018	19.979	100.324	15.093	391.484	1.039	900.097
345.004	410.568	80.020	19.979	100.330	15.107	390.564	0.993	900.112
345.504	411.084	80.014	19.977	100.333	15.125	389.340	0.989	900.099
346.004	411.567	80.016	19.977	100.338	15.158	387.067	0.999	900.125
346.504	412.094	80.017	19.979	100.340	15.189	384.900	1.010	900.114
347.004	412.586	80.016	19.976	100.335	15.223	382.495	1.019	900.117
347.505	413.107	80.016	19.978	100.326	15.258	379.961	1.013	900.132
348.005	413.598	80.018	19.975	100.312	15.302	376.818	1.013	900.157
348.505	414.124	80.016	19.977	100.297	15.351	373.295	1.017	900.137
349.005	414.570	80.016	19.966	100.284	15.404	369.412	0.971	900.135
349.506	415.139	80.017	19.974	100.272	15.453	365.900	1.015	900.177
350.005	415.634	80.018	19.978	100.262	15.519	361.090	1.064	900.150
350.505	416.133	80.019	19.977	100.249	15.579	356.594	0.994	900.143
351.005	416.658	80.017	19.980	100.240	15.648	351.517	1.024	900.142
351.505	417.159	80.018	19.976	100.232	15.724	345.923	1.026	900.159
352.005	417.663	80.018	19.978	100.222	15.803	339.978	1.005	900.172
352.505	418.162	80.017	19.977	100.213	15.881	334.080	1.003	900.165
353.005	418.630	80.018	19.978	100.205	15.964	327.753	0.967	900.160
353.504	419.166	80.018	19.979	100.192	16.049	321.298	1.004	900.189
354.005	419.674	80.018	19.977	100.185	16.142	314.123	1.044	900.175
354.505	420.192	80.017	19.976	100.180	16.236	306.884	1.027	900.206
355.005	420.724	80.017	19.978	100.170	16.333	299.470	1.050	900.176
355.505	421.238	80.017	19.979	100.168	16.425	292.418	1.045	900.184
356.005	421.751	80.017	19.977	100.168	16.526	284.699	1.025	900.182
356.506	422.226	80.015	19.974	100.164	16.626	277.078	0.987	900.183
357.005	422.719	80.017	19.979	100.159	16.726	269.504	0.969	900.187
357.505	423.236	80.016	19.976	100.160	16.827	261.888	1.011	900.197
358.005	423.765	80.015	19.979	100.161	16.932	253.939	1.047	900.188
358.504	424.263	80.018	19.977	100.167	17.026	246.653	1.027	900.198
359.005	424.757	80.016	19.978	100.175	17.131	238.655	0.991	900.223
359.505	425.287	80.016	19.978	100.192	17.231	230.994	1.024	900.157
360.005	425.797	80.017	19.978	100.209	17.322	223.938	1.040	900.196
360.505	426.323	80.017	19.979	100.226	17.434	215.226	1.036	900.198
361.005	426.820	80.020	19.977	100.252	17.526	207.993	1.022	900.217
361.505	427.305	80.018	19.978	100.282	17.625	200.261	0.982	900.238
362.005	427.807	80.017	19.977	100.309	17.717	193.031	0.988	900.225
362.505	428.346	80.017	19.980	100.335	17.808	185.960	1.041	900.246
363.005	428.854	80.017	19.989	100.358	17.908	178.178	1.047	900.247
363.505	429.386	80.016	19.979	100.378	17.999	171.049	1.040	900.236
364.005	429.886	80.018	19.980	100.397	18.087	164.291	1.032	900.258
364.505	430.379	80.017	19.974	100.409	18.172	157.729	0.993	900.274
365.005	430.876	80.016	19.979	100.424	18.260	150.987	0.990	900.241
365.505	431.397	80.016	19.980	100.443	18.344	144.483	1.018	900.243
366.005	431.904	80.016	19.978	100.462	18.423	138.417	1.027	900.258
366.505	432.397	80.019	19.979	100.481	18.505	132.202	0.999	900.261
367.005	432.909	80.019	19.980	100.507	18.586	126.010	1.006	900.290
367.505	433.430	80.018	19.981	100.535	18.659	120.458	1.033	900.324
368.005	433.911	80.017	19.978	100.563	18.734	114.800	1.002	900.280
368.505	434.433	80.018	19.972	100.592	18.805	109.452	1.003	900.281
369.005	434.912	80.016	19.979	100.625	18.876	104.097	1.000	900.309
369.505	435.439	80.018	19.974	100.652	18.942	99.133	1.006	900.300
370.006	435.955	80.017	19.979	100.677	19.000	94.753	1.044	900.229
370.505	436.446	80.018	19.974	100.701	19.064	89.995	1.008	900.291
371.005	436.955	80.015	19.970	100.722	19.121	85.661	1.000	900.330
371.505	437.435	80.014	19.983	100.732	19.182	81.100	0.988	900.311
372.005	437.942	80.017	19.987	100.747	19.230	77.533	0.987	900.317
372.505	438.464	80.016	19.977	100.760	19.279	73.966	1.029	900.296
373.005	438.949	80.015	19.982	100.774	19.339	69.531	1.007	900.355
373.505	439.460	80.017	19.979	100.782	19.380	66.532	0.996	900.324
374.005	439.946	80.016	19.985	100.792	19.438	62.257	0.996	900.357
374.505	440.455	80.017	19.977	100.798	19.483	59.077	0.995	900.305
375.005	440.981	80.019	19.979	100.803	19.525	56.163	1.036	900.334
375.505	441.464	80.017	19.978	100.800	19.561	53.660	1.009	900.354
376.005	441.982	80.016	19.978	100.798	19.601	50.757	1.000	900.331
376.505	442.490	80.016	19.979	100.799	19.638	48.126	1.027	900.330
377.005	442.960	80.016	19.976	100.802	19.678	45.307	0.979	900.319
377.505	443.482	80.016	19.978	100.801	19.707	43.226	0.991	900.342
378.005	443.975	80.014	19.979	100.800	19.727	41.755	1.014	900.345
378.505	444.452	80.014	19.978	100.800	19.776	38.239	0.970	900.389
379.005	444.977	80.017	19.979	100.793	19.797	36.826	1.002	900.370
379.505	445.487	80.015	19.977	100.786	19.840	33.830	1.034	900.347
380.005	446.022	80.017	19.979	100.780	19.862	32.380	1.046	900.345
380.505	446.474	80.017	19.987	100.772	19.889	30.621	0.988	900.391
381.005	446.993	80.017	19.982	100.765	19.911	29.247	0.971	900.404
381.505	447.506	80.017	19.980	100.757	19.931	27.860	1.031	900.366
382.005	447.978	80.015	19.980	100.738	19.941	27.374	0.985	900.374
382.506	448.503	80.015	19.977	100.720	19.981	24.518	0.998	900.381
383.005	448.994	80.017	19.980	100.705	19.994	23.662	1.016	900.419
383.505	449.495	80.017	19.981	100.692	20.030	21.102	0.991	900.360
384.006	449.963	80.016	19.976	100.679	20.041	20.458	0.969	900.409
384.506	450.494	80.016	19.985	100.673	20.046	20.349	0.999	900.421
385.005	450.987	80.016	19.970	100.667	20.064	19.179	1.024	900.399
385.505	451.490	80.019	19.984	100.659	20.089	17.415	0.997	900.384
386.005	451.980	80.020	19.977	100.647	20.102	16.714	0.994	900.432
386.505	452.481	80.018	19.971	100.633	20.112	16.101	0.991	900.395
387.005	452.981	80.016	19.972	100.615	20.117	15.911	1.001	900.422
387.505	453.513	80.015	19.978	100.594	20.134	14.791	1.032	900.398
388.005	454.079	80.019	19.978	100.574	20.170	12.196	1.098	900.363
388.505	454.485	80.019	19.980	100.555	20.178	11.698	0.972	900.418
389.005	455.025	80.015	19.980	100.543	20.179	11.800	0.946	900.374
389.506	455.457	80.014	19.977	100.529	20.196	10.684	0.971	900.460
390.006	455.980	80.017	19.978	100.518	20.197	10.702	0.954	900.420
390.506	456.449	80.014	19.977	100.508	20.212	9.659	0.993	900.461
391.005	456.998	80.017	19.975	100.496	20.217	9.360	1.019	900.449
391.506	457.492	80.018	19.979	100.477	20.238	7.876	1.043	900.460
392.006	458.032	80.018	19.978	100.463	20.247	7.256	1.034	900.368
392.505	458.465	80.013	19.974	100.452	20.246	7.350	0.973	900.494
393.006	458.983	80.013	19.977	100.438	20.251	7.076	0.951	900.472
393.505	459.384	80.014	19.976	100.422	20.279	5.087	0.919	900.535
394.005	459.946	80.014	19.976	100.413	20.279	5.091	0.962	900.492
394.505	460.523	80.015	19.978	100.402	20.288	4.567	1.138	900.455
395.006	460.997	80.014	19.976	100.387	20.301	3.657	1.051	900.437
395.506	461.456	80.016	19.976	100.377	20.310	2.997	0.934	900.490
396.006	461.974	80.014	19.978	100.373	20.342	0.601	0.978	900.467
396.505	462.468	80.016	19.975	100.360	20.318	2.416	1.012	900.435
397.005	463.002	80.019	19.978	100.350	20.333	1.365	1.027	900.434
397.506	463.516	80.017	19.980	100.344	20.332	1.441	1.047	900.421
398.005	463.921	80.015	19.976	100.336	20.350	0.022	0.919	900.507
398.505	464.441	80.014	19.976	100.329	20.352	-0.093	0.925	900.525
399.006	464.959	80.019	19.979	100.327	20.361	-0.779	1.038	900.517
399.506	465.442	80.016	19.976	100.325	20.371	-1.554	1.001	900.517
400.006	465.982	80.016	19.978	100.318	20.371	-1.462	1.024	900.501
400.505	466.482	80.017	19.976	100.310	20.372	-1.508	1.041	900.499
401.006	466.965	80.016	19.978	100.304	20.381	-2.148	0.983	900.506
401.505	467.432	80.015	19.978	100.300	20.387	-2.563	0.949	900.497
402.006	467.966	80.017	19.976	100.293	20.386	-2.452	1.000	900.537
402.506	468.465	80.015	19.978	100.290	20.387	-2.576	1.033	900.489
403.005	468.967	80.014	19.977	100.290	20.392	-2.978	1.001	900.493
403.505	469.432	80.016	19.979	100.285	20.396	-3.284	0.966	900.576
404.006	469.936	80.016	19.976	100.281	20.393	-2.880	0.969	900.531
404.506	470.411	80.016	19.978	100.282	20.388	-2.471	0.980	900.557
405.006	470.911	80.015	19.976	100.283	20.405	-3.689	0.975	900.586
405.506	471.383	80.014	19.979	100.282	20.389	-2.457	0.971	900.586
406.007	471.803	80.014	19.975	100.284	20.399	-3.068	0.892	900.667
406.506	472.418	80.017	19.976	100.284	20.403	-3.239	1.036	900.559
407.006	472.886	80.015	19.976	100.282	20.403	-3.194	1.083	900.583
407.506	473.366	80.016	19.975	100.277	20.399	-2.839	0.948	900.599
408.006	473.845	80.016	19.977	100.273	20.411	-3.692	0.959	900.591
408.506	474.372	80.017	19.977	100.274	20.405	-3.187	1.007	900.600
409.006	474.857	80.016	19.975	100.268	20.410	-3.522	1.012	900.605
409.506	475.343	80.016	19.978	100.268	20.396	-2.478	0.969	900.589
410.007	475.863	80.020	19.978	100.270	20.415	-3.877	1.007	900.563
410.506	476.366	80.017	19.977	100.274	20.406	-3.239	1.024	900.598
411.006	476.874	80.017	19.978	100.268	20.421	-4.227	1.010	900.592
411.506	477.360	80.017	19.977	100.263	20.396	-2.317	0.995	900.555
412.006	477.867	80.017	19.978	100.257	20.406	-3.046	0.994	900.576
412.506	478.375	80.019	19.975	100.252	20.408	-3.189	1.015	900.616
413.006	478.852	80.019	19.976	100.244	20.409	-3.247	0.985	900.605
413.505	479.346	80.018	19.976	100.238	20.402	-2.637	0.971	900.580
414.005	479.886	80.019	19.978	100.232	20.398	-2.317	1.034	900.596
414.506	480.363	80.015	19.975	100.230	20.413	-3.467	1.017	900.580
415.006	480.810	80.019	19.976	100.221	20.412	-3.308	0.924	900.601
415.506	481.367	80.017	19.977	100.219	20.415	-3.597	1.004	900.574
416.006	481.847	80.013	19.977	100.217	20.411	-3.213	1.036	900.626
416.506	482.332	80.016	19.978	100.215	20.409	-3.067	0.966	900.637
417.006	482.838	80.016	19.977	100.213	20.416	-3.599	0.992	900.653
417.505	483.373	80.016	19.978	100.217	20.410	-3.170	1.041	900.628
418.005	483.809	80.013	19.978	100.212	20.414	-3.400	0.972	900.676
418.505	484.338	80.015	19.974	100.206	20.414	-3.389	0.965	900.661
419.006	484.807	80.017	19.978	100.207	20.413	-3.301	0.998	900.632
419.505	485.334	80.016	19.977	100.204	20.423	-4.028	0.995	900.614
420.006	485.770	80.014	19.977	100.199	20.412	-3.219	0.962	900.700
420.506	486.320	80.014	19.976	100.199	20.399	-2.295	0.986	900.663
421.006	486.776	80.014	19.974	100.201	20.410	-3.110	1.006	900.690
421.507	487.319	80.015	19.983	100.195	20.420	-3.812	0.999	900.609
422.006	487.830	80.016	19.971	100.193	20.420	-3.670	1.055	900.679
422.506	488.296	80.017	19.978	100.193	20.409	-2.740	0.978	900.660
423.006	488.797	80.016	19.977	100.190	20.412	-2.953	0.967	900.677
423.507	489.323	80.018	19.978	100.191	20.412	-2.887	1.026	900.666
424.006	489.854	80.022	19.977	100.190	20.422	-3.668	1.057	900.643
424.506	490.276	80.018	19.978	100.188	20.417	-3.345	0.954	900.731
425.006	490.825	80.017	19.977	100.188	20.428	-4.313	0.971	900.719
425.506	491.298	80.016	19.976	100.182	20.425	-4.123	1.021	900.709
426.006	491.833	80.018	19.975	100.181	20.417	-3.470	1.008	900.715
426.506	492.289	80.019	19.975	100.186	20.420	-3.743	0.991	900.701
427.006	492.775	80.018	19.979	100.185	20.409	-2.947	0.942	900.699
427.506	493.326	80.018	19.987	100.186	20.422	-3.899	1.037	900.704
428.006	493.789	80.017	19.973	100.192	20.424	-4.101	1.014	900.715
428.506	494.313	80.018	19.979	100.190	20.407	-2.756	0.987	900.727
429.006	494.813	80.018	19.979	100.181	20.425	-4.111	1.025	900.714
429.506	495.280	80.019	19.978	100.172	20.410	-2.952	0.967	900.748
430.006	495.826	80.018	19.977	100.163	20.426	-4.139	1.012	900.729
430.506	496.342	80.016	19.980	100.162	20.443	-5.413	1.062	900.709
431.006	496.803	80.018	19.977	100.158	20.438	-4.997	0.977	900.747
431.506	497.289	80.020	19.979	100.162	20.432	-4.453	0.947	900.750
432.006	497.772	80.018	19.980	100.173	20.409	-2.717	0.969	900.773
432.507	498.312	80.017	19.978	100.178	20.422	-3.746	1.023	900.751
433.007	498.822	80.020	19.977	100.175	20.412	-3.034	1.050	900.732
433.506	499.265	80.016	19.976	100.182	20.418	-3.476	0.952	900.806
434.007	499.763	80.020	19.980	100.180	20.421	-3.663	0.941	900.788
434.507	500.279	80.018	19.975	100.180	20.409	-2.840	1.015	900.775
435.006	500.737	80.020	19.979	100.182	20.424	-3.919	0.975	900.826
435.506	501.262	80.018	19.981	100.183	20.415	-3.207	0.983	900.800
436.006	501.776	80.018	19.979	100.178	20.419	-3.482	1.039	900.761
436.506	502.207	80.013	19.976	100.180	20.417	-3.333	0.945	900.846
437.006	502.792	80.017	19.977	100.177	20.420	-3.636	1.016	900.816
437.506	503.290	80.018	19.977	100.170	20.415	-3.234	1.083	900.788
438.006	503.754	80.016	19.982	100.172	20.424	-3.969	0.961	900.826
438.507	504.291	80.017	19.978	100.170	20.431	-4.470	1.002	900.772
439.006	504.744	80.016	19.981	100.164	20.426	-4.099	0.991	900.853
439.506	505.337	80.019	19.982	100.165	20.426	-4.025	1.045	900.763
440.006	505.746	80.019	19.979	100.171	20.422	-3.703	1.002	900.854
440.506	506.186	80.016	19.975	100.170	20.426	-3.972	0.849	900.919
441.006	506.703	80.014	19.977	100.172	20.413	-3.005	0.957	900.866
441.506	507.208	80.018	19.981	100.173	20.418	-3.360	1.023	900.855
442.006	507.761	80.016	19.977	100.175	20.419	-3.415	1.059	900.815
442.506	508.238	80.020	19.978	100.170	20.430	-4.242	1.029	900.866
443.006	508.776	80.019	19.976	100.165	20.422	-3.678	1.014	900.840
443.506	509.220	80.018	19.980	100.165	20.427	-4.032	0.983	900.871
444.006	509.733	80.018	19.977	100.172	20.421	-3.583	0.957	900.876
444.506	510.265	80.017	19.978	100.168	20.416	-3.100	1.044	900.835
445.006	510.720	80.018	19.977	100.170	20.438	-4.722	0.988	900.886
445.506	511.239	80.019	19.977	100.174	20.401	-1.922	0.974	900.852
446.006	511.728	80.017	19.978	100.174	20.419	-3.230	1.006	900.916
446.507	512.249	80.020	19.977	100.170	20.425	-3.619	1.010	900.792
447.006	512.722	80.016	19.976	100.169	20.421	-3.289	0.995	900.886
447.506	513.226	80.016	19.977	100.168	20.423	-3.452	0.978	900.895
448.006	513.683	80.018	19.977	100.162	20.416	-2.963	0.961	900.886
448.506	514.194	80.013	19.976	100.161	20.422	-3.354	0.967	900.960
449.006	514.725	80.017	19.980	100.160	20.431	-3.931	1.041	900.897
449.506	515.243	80.015	19.975	100.162	20.423	-3.424	1.049	900.940
450.006	515.720	80.013	19.972	100.163	20.424	-3.565	0.995	900.881
450.506	516.218	80.015	19.978	100.164	20.420	-3.220	0.975	900.915
451.006	516.756	80.018	19.979	100.163	20.407	-2.212	1.036	900.886
451.506	517.227	80.016	19.981	100.160	20.421	-3.273	1.009	900.932
452.006	517.751	80.015	19.978	100.152	20.440	-4.662	0.995	900.924
452.506	518.230	80.013	19.977	100.148	20.426	-3.626	1.003	900.963
453.006	518.764	80.015	19.980	100.148	20.421	-3.161	1.014	900.943
453.506	519.214	80.016	19.975	100.149	20.435	-4.213	0.984	900.972
454.006	519.707	80.013	19.978	100.146	20.425	-3.397	0.942	900.955
454.506	520.250	80.016	19.978	100.144	20.423	-3.233	1.036	900.926
455.007	520.655	80.015	19.976	100.144	20.422	-3.190	0.947	900.986
455.507	521.324	80.016	19.978	100.144	20.421	-3.102	1.075	900.890
456.006	521.726	80.015	19.976	100.138	20.422	-3.278	1.071	900.989
456.507	522.242	80.016	19.978	100.137	20.420	-3.134	0.918	900.972
457.006	522.700	80.012	19.977	100.142	20.421	-3.334	0.975	900.979
457.506	523.207	80.014	19.978	100.144	20.422	-3.492	0.965	901.004
458.006	523.747	80.014	19.980	100.139	20.425	-3.848	1.047	900.927
458.506	524.234	80.013	19.979	100.142	20.420	-3.537	1.027	900.985
459.006	524.688	80.011	19.974	100.143	20.418	-3.337	0.942	901.003
459.506	525.262	80.010	19.974	100.137	20.438	-4.796	1.027	901.001
460.006	525.735	80.013	19.983	100.134	20.429	-4.079	1.046	900.973
460.506	526.257	80.013	19.975	100.134	20.440	-4.942	0.996	901.023
461.006	526.748	80.011	19.978	100.132	20.428	-3.895	1.014	900.956
461.506	527.204	80.015	19.978	100.128	20.417	-2.995	0.948	900.981
462.006	527.660	80.015	19.975	100.130	20.421	-3.275	0.912	901.080
462.506	528.212	80.015	19.975	100.127	20.424	-3.536	1.007	901.009
463.006	528.742	80.016	19.980	100.128	20.422	-3.331	1.081	901.006
463.506	529.140	80.009	19.978	100.135	20.426	-3.635	0.928	901.080
464.006	529.699	80.014	19.978	100.143	20.433	-4.160	0.958	901.012
464.506	530.215	80.014	19.979	100.149	20.436	-4.440	1.075	901.051
465.006	530.692	80.013	19.975	100.156	20.426	-3.732	0.993	901.027
465.506	531.197	80.015	19.990	100.165	20.411	-2.610	0.982	901.055
466.006	531.692	80.015	19.986	100.166	20.405	-2.124	1.000	901.050
466.506	532.207	80.014	19.982	100.166	20.422	-3.400	1.010	900.995
467.007	532.716	80.017	19.988	100.159	20.423	-3.495	1.024	900.997
467.506	533.196	80.018	19.979	100.153	20.423	-3.545	0.989	901.065
468.006	533.731	80.019	19.978	100.148	20.425	-3.732	1.014	901.033
468.506	534.209	80.015	19.978	100.142	20.418	-3.273	1.013	901.009
469.006	534.711	80.016	19.987	100.141	20.432	-4.313	0.980	901.046
469.507	535.163	80.017	19.975	100.141	20.426	-3.857	0.954	901.089
470.006	535.687	80.015	19.975	100.143	20.428	-3.941	0.977	901.082
470.506	536.152	80.014	19.979	100.137	20.423	-3.466	0.989	901.128
471.006	536.649	80.017	19.973	100.138	20.418	-3.005	0.962	901.058
471.506	537.186	80.019	19.983	100.140	20.428	-3.613	1.034	901.032
472.006	537.677	80.017	19.973	100.144	20.425	-3.331	1.028	901.056
472.506	538.172	80.016	19.979	100.148	20.418	-2.835	0.986	901.042
473.006	538.688	80.016	19.980	100.147	20.428	-3.521	1.011	901.062
473.506	539.179	80.014	19.977	100.146	20.413	-2.394	1.007	901.083
474.007	539.684	80.017	19.978	100.143	20.419	-2.846	0.995	901.082
474.506	540.158	80.016	19.980	100.148	20.432	-3.929	0.979	901.120
475.006	540.644	80.015	19.977	100.149	20.432	-4.091	0.961	901.122
475.507	541.232	80.016	19.981	100.154	20.404	-1.947	1.074	901.029
476.006	541.728	80.014	19.978	100.159	20.422	-3.237	1.084	901.028
476.506	542.172	80.016	19.977	100.160	20.434	-4.160	0.940	901.087
477.006	542.715	80.017	19.975	100.152	20.416	-2.839	0.987	901.116
477.506	543.195	80.017	19.979	100.146	20.424	-3.429	1.023	901.135
478.006	543.673	80.018	19.979	100.140	20.431	-3.799	0.957	901.132
478.507	544.209	80.015	19.982	100.132	20.419	-2.867	1.013	901.103
479.006	544.656	80.013	19.977	100.128	20.429	-3.725	0.983	901.139
479.507	545.153	80.013	19.975	100.124	20.428	-3.592	0.944	901.160
480.007	545.669	80.012	19.980	100.122	20.429	-3.709	1.013	901.170
480.507	546.189	80.015	19.980	100.120	20.424	-3.230	1.037	901.166
481.006	546.724	80.015	19.978	100.122	20.431	-3.817	1.055	901.135
481.507	547.185	80.015	19.977	100.124	20.425	-3.456	0.995	901.160
482.007	547.669	80.016	19.980	100.133	20.408	-2.206	0.945	901.124
482.507	548.168	80.012	19.978	100.142	20.422	-3.263	0.984	901.157
483.006	548.623	80.013	19.980	100.142	20.423	-3.318	0.954	901.178
483.507	549.187	80.013	19.977	100.134	20.430	-3.876	1.019	901.170
484.007	549.674	80.013	19.978	100.134	20.434	-4.272	1.051	901.184
484.507	550.127	80.009	19.976	100.134	20.425	-3.697	0.940	901.237
485.007	550.615	80.011	19.977	100.128	20.439	-4.719	0.941	901.222
485.507	551.222	80.015	19.978	100.127	20.428	-3.835	1.094	901.086
486.007	551.671	80.014	19.977	100.128	20.431	-4.049	1.056	901.175
486.507	552.141	80.013	19.978	100.128	20.436	-4.479	0.920	901.178
487.007	552.713	80.017	19.978	100.123	20.426	-3.554	1.042	901.091
487.507	553.184	80.019	19.981	100.124	20.433	-4.012	1.043	901.172
488.006	553.634	80.014	19.977	100.126	20.428	-3.748	0.922	901.232
488.507	554.196	80.019	19.981	100.131	20.427	-3.704	1.013	901.159
489.006	554.642	80.017	19.980	100.133	20.422	-3.327	1.007	901.212
489.507	555.153	80.016	19.977	100.133	20.431	-4.004	0.956	901.190
490.007	555.605	80.014	19.980	100.129	20.427	-3.754	0.962	901.190
490.507	556.164	80.015	19.979	100.134	20.423	-3.532	1.011	901.209
491.007	556.615	80.015	19.978	100.138	20.440	-4.709	1.011	901.234
491.507	557.149	80.017	19.980	100.145	20.431	-3.986	0.986	901.218
492.007	557.699	80.017	19.978	100.153	20.428	-3.718	1.083	901.173
492.507	558.174	80.019	19.980	100.151	20.429	-3.796	1.025	901.182
493.007	558.646	80.019	19.979	100.145	20.425	-3.422	0.947	901.246
493.506	559.144	80.020	19.980	100.142	20.431	-3.808	0.970	901.229
494.007	559.607	80.019	19.977	100.138	20.421	-3.079	0.961	901.312
494.507	560.133	80.018	19.977	100.129	20.434	-4.086	0.988	901.261
495.007	560.610	80.019	19.979	100.131	20.426	-3.474	1.004	901.262
495.507	561.147	80.018	19.978	100.141	20.430	-3.779	1.015	901.256
496.007	561.608	80.012	19.976	100.143	20.430	-3.775	0.997	901.284
496.507	562.142	80.017	19.979	100.137	20.429	-3.681	0.995	901.301
497.007	562.624	80.017	19.984	100.142	20.425	-3.361	1.017	901.264
497.507	563.112	80.015	19.979	100.146	20.428	-3.523	0.970	901.289
498.006	563.630	80.017	19.980	100.142	20.434	-3.956	1.006	901.269
498.506	564.144	80.017	19.977	100.138	20.428	-3.498	1.032	901.274
499.006	564.662	80.017	19.988	100.141	20.428	-3.542	1.032	901.274
499.507	565.140	80.019	19.981	100.134	20.434	-4.037	0.996	901.284
500.007	565.660	80.018	19.975	100.131	20.429	-3.662	0.998	901.283
500.506	566.144	80.018	19.980	100.126	20.428	-3.599	1.003	901.282
501.007	566.618	80.017	19.986	100.124	20.429	-3.672	0.958	901.368
501.507	567.105	80.016	19.984	100.124	20.429	-3.596	0.961	901.313
502.007	567.611	80.018	19.969	100.130	20.429	-3.571	0.993	901.295
502.507	568.112	80.016	19.981	100.131	20.442	-4.574	1.006	901.353
503.007	568.613	80.015	19.976	100.131	20.424	-3.245	1.002	901.344
503.508	569.112	80.015	19.981	100.130	20.432	-3.880	1.000	901.334
504.007	569.665	80.018	19.982	100.129	20.429	-3.698	1.052	901.307
504.507	570.076	80.015	19.978	100.123	20.428	-3.549	0.964	901.354
505.007	570.599	80.020	19.974	100.119	20.432	-3.833	0.933	901.322
505.507	571.123	80.017	19.978	100.118	20.436	-4.088	1.047	901.321
506.007	571.644	80.016	19.974	100.123	20.436	-4.071	1.045	901.368
506.507	572.116	80.014	19.979	100.124	20.437	-4.216	0.994	901.348
507.007	572.630	80.013	19.977	100.126	20.433	-3.963	0.987	901.328
507.507	573.118	80.013	19.981	100.129	20.431	-3.808	1.002	901.342
508.007	573.593	80.012	19.975	100.129	20.425	-3.299	0.962	901.341
508.507	574.130	80.013	19.984	100.122	20.431	-3.788	1.012	901.319
509.006	574.654	80.016	19.982	100.119	20.429	-3.598	1.061	901.330
509.507	575.092	80.013	19.973	100.119	20.425	-3.226	0.961	901.365
510.007	575.619	80.014	19.975	100.122	20.428	-3.491	0.964	901.330
510.507	576.122	80.016	19.971	100.124	20.428	-3.578	1.031	901.345
511.007	576.625	80.017	19.975	100.127	20.425	-3.360	1.006	901.384
511.507	577.104	80.017	19.981	100.129	20.431	-3.934	0.982	901.394
512.007	577.605	80.016	19.980	100.123	20.429	-3.893	0.981	901.357
512.507	578.068	80.014	19.977	100.117	20.425	-3.631	0.964	901.448
513.007	578.651	80.020	19.979	100.116	20.432	-4.163	1.045	901.361
513.507	579.108	80.016	19.978	100.120	20.431	-4.105	1.040	901.401
514.007	579.638	80.017	19.973	100.125	20.435	-4.387	0.987	901.389
514.507	580.112	80.018	19.974	100.132	20.427	-3.681	1.004	901.374
515.007	580.643	80.015	19.987	100.130	20.432	-3.977	1.005	901.406
515.507	581.115	80.018	19.974	100.123	20.426	-3.491	1.004	901.411
516.007	581.633	80.019	19.987	100.121	20.428	-3.687	0.990	901.379
516.507	582.149	80.017	19.980	100.116	20.432	-4.026	1.034	901.431
517.007	582.635	80.017	19.975	100.113	20.426	-3.658	1.002	901.412
517.507	583.148	80.016	19.979	100.120	20.435	-4.383	0.999	901.394
518.007	583.645	80.017	19.982	100.130	20.427	-3.809	1.010	901.419
518.507	584.125	80.020	19.980	100.128	20.428	-3.825	0.977	901.412
519.007	584.644	80.019	19.980	100.138	20.430	-3.928	1.000	901.403
519.507	585.154	80.017	19.981	100.146	20.429	-3.844	1.029	901.401
520.007	585.628	80.018	19.977	100.147	20.429	-3.742	0.983	901.433
520.507	586.128	80.016	19.975	100.149	20.427	-3.519	0.974	901.433
521.007	586.641	80.018	19.977	100.152	20.431	-3.802	1.013	901.417
521.507	587.104	80.017	19.971	100.142	20.427	-3.508	0.976	901.439
522.007	587.644	80.016	19.982	100.133	20.425	-3.315	1.002	901.442
522.507	588.109	80.017	19.977	100.130	20.432	-3.766	1.005	901.452
523.007	588.609	80.014	19.973	100.129	20.430	-3.531	0.965	901.431
523.507	589.124	80.015	19.984	100.133	20.429	-3.503	1.015	901.448
524.007	589.580	80.017	19.972	100.138	20.431	-3.739	0.971	901.419
524.507	590.133	80.018	19.977	100.145	20.431	-3.769	1.009	901.403
525.007	590.565	80.017	19.975	100.148	20.430	-3.729	0.985	901.441
525.507	591.123	80.018	19.966	100.147	20.433	-4.062	0.989	901.419
526.007	591.605	80.015	19.978	100.139	20.434	-4.168	1.039	901.462
526.507	592.084	80.016	19.976	100.136	20.430	-3.897	0.961	901.478
527.007	592.603	80.016	19.983	100.133	20.432	-3.969	0.998	901.442
527.507	593.097	80.017	19.976	100.130	20.434	-4.035	1.013	901.486
528.007	593.621	80.015	19.982	100.126	20.433	-3.987	1.018	901.463
528.508	594.117	80.014	19.981	100.127	0.000	0.000	1.019	901.465
529.008	594.612	80.015	19.975	100.124	0.000	0.000	0.990	901.468
529.508	595.138	80.016	19.978	100.116	0.000	0.000	1.023	901.484
530.007	595.614	80.016	19.977	100.112	0.000	0.000	1.003	901.488
530.507	596.085	80.017	19.980	100.113	0.000	0.000	0.947	901.465
531.007	596.612	80.015	19.982	100.112	0.000	0.000	0.998	901.453
531.507	597.137	80.016	19.980	100.119	0.000	0.000	1.052	901.482
532.007	597.606	80.017	19.972	100.127	0.000	0.000	0.994	901.442
532.507	598.107	80.017	19.985	100.130	0.000	0.000	0.970	901.487
533.008	598.605	80.016	19.985	100.133	0.000	0.000	0.998	901.482
533.508	599.126	80.015	19.978	100.137	0.000	0.000	1.019	901.486
534.007	599.592	80.016	19.975	100.133	0.000	0.000	0.988	901.490
534.507	600.117	80.017	19.980	100.130	0.000	0.000	0.992	901.490
535.007	600.602	80.018	19.977	100.128	0.000	0.000	1.010	901.488
535.508	601.104	80.017	19.979	100.128	0.000	0.000	0.986	901.497
536.008	601.570	80.017	19.968	100.126	0.000	0.000	0.968	901.501
536.508	602.112	80.015	19.964	100.126	0.000	0.000	1.009	901.499
537.008	602.615	80.015	19.970	100.129	0.000	0.000	1.045	901.497
537.507	603.081	80.019	19.986	100.133	0.000	0.000	0.970	901.483
538.007	603.565	80.017	19.982	100.133	0.000	0.000	0.950	901.523
