File Name:	PMMA_CN_15mm_60Kmin_4mg_R3.txt	Version: 8.3.7.3
Date:	05 Sep 2024
Operator:	KH
Test ID:	PMMA_CN_15mm_4mg_60K_R3
Sample ID:	PMMA_CN_15mm_4mg
Sample Mass (mg):	4.0300
Sample Cup Mass (mg):	184.5500
End Total Mass (mg):	0.0100
Heating Rate (C/s):	1.0000
Combuster Temperature (C):	900.0
N2 Flow Rate (cc/min):	80.0
O2 Flow Rate (cc/min):	20.0
Calibration File:	Coeff.txt
T Correction Coefficients:	0.308738730	0.013615500	0.000000000
Time Shift (s):	10.0
Pre-Test Comments:
Post-Test Comments:
Baseline Flow:	100.112
Baseline O2:	20.293
Instrument ID:	2700
@
Time (s)	Temperature (C)	N2 Flow (cc/min)	O2 Flow (cc/min)	Total Flow (cc/min)	Oxygen (%)	HRR (W/g)	Heating Rate (C/s)	Combustor Temp (C)
0.000	75.128	80.016	19.975	100.112	20.278	-11.356	-0.024	900.469
0.500	75.106	80.014	19.976	100.113	20.255	-9.985	-0.023	900.510
1.000	75.100	80.015	19.977	100.111	20.231	-8.478	-0.028	900.418
1.501	75.086	80.018	19.977	100.123	20.208	-6.927	-0.020	900.439
2.001	75.098	80.019	19.976	100.165	20.189	-5.461	-0.002	900.434
2.501	75.094	80.017	19.977	100.246	20.174	-4.229	0.007	900.430
3.001	75.105	80.018	19.976	100.355	20.162	-3.184	0.008	900.450
3.501	75.159	80.015	19.977	100.487	20.153	-2.295	0.065	900.421
4.001	75.206	80.017	19.976	100.622	20.145	-1.671	0.101	900.420
4.501	75.259	80.015	19.975	100.732	20.137	-1.069	0.100	900.462
5.001	75.279	80.017	19.976	100.807	20.135	-1.333	0.073	900.435
5.501	75.385	80.018	19.975	100.855	20.132	-1.938	0.126	900.398
6.001	75.412	80.015	19.974	100.887	20.126	-2.814	0.133	900.418
6.501	75.487	80.016	19.975	100.917	20.125	-4.490	0.102	900.423
7.001	75.589	80.017	19.975	100.946	20.126	-6.535	0.177	900.433
7.501	75.655	80.016	19.976	100.979	20.119	-7.964	0.167	900.438
8.001	75.744	80.014	19.974	101.013	20.126	-10.319	0.155	900.399
8.501	75.860	80.013	19.974	101.034	20.124	-11.385	0.205	900.408
9.000	75.983	80.013	19.974	101.039	20.121	-11.838	0.238	900.425
9.501	76.088	80.014	19.974	101.035	20.123	-12.269	0.228	900.382
10.001	76.240	80.015	19.974	101.024	20.114	-11.367	0.257	900.375
10.501	76.369	80.014	19.974	101.011	20.103	-10.114	0.281	900.395
11.001	76.475	80.015	19.975	101.004	20.080	-7.793	0.236	900.367
11.501	76.637	80.014	19.975	101.003	20.047	-4.608	0.268	900.371
12.001	76.781	80.016	19.977	101.010	20.016	-1.498	0.306	900.421
12.501	76.953	80.015	19.976	101.043	19.992	1.122	0.316	900.398
13.001	77.149	80.014	19.975	101.111	19.974	3.118	0.368	900.375
13.501	77.320	80.015	19.976	101.223	19.960	4.824	0.368	900.381
14.000	77.545	80.014	19.974	101.367	19.950	6.152	0.396	900.363
14.501	77.805	80.014	19.974	101.525	19.954	6.387	0.484	900.384
15.001	78.075	80.015	19.975	101.667	19.953	6.986	0.529	900.356
15.501	78.334	80.014	19.974	101.776	19.959	6.996	0.529	900.343
16.001	78.653	80.015	19.975	101.839	19.966	7.021	0.578	900.359
16.502	78.964	80.014	19.976	101.863	19.973	6.925	0.630	900.346
17.002	79.288	80.016	19.975	101.862	19.982	6.559	0.635	900.328
17.501	79.608	80.019	19.976	101.840	19.990	6.327	0.645	900.340
18.001	79.973	80.019	19.976	101.803	19.995	6.310	0.686	900.323
18.501	80.313	80.018	19.975	101.760	20.003	6.087	0.704	900.334
19.001	80.718	80.015	19.977	101.712	20.015	5.479	0.744	900.328
19.501	81.090	80.014	19.975	101.661	20.019	5.510	0.777	900.332
20.001	81.490	80.016	19.976	101.614	20.026	5.314	0.773	900.353
20.501	81.890	80.015	19.977	101.575	20.031	5.252	0.799	900.312
21.001	82.312	80.015	19.976	101.532	20.037	4.998	0.822	900.291
21.501	82.705	80.017	19.975	101.491	20.043	4.733	0.816	900.297
22.001	83.184	80.016	19.976	101.454	20.048	4.513	0.872	900.323
22.501	83.598	80.014	19.974	101.421	20.055	4.139	0.894	900.312
23.001	84.040	80.017	19.975	101.382	20.065	3.501	0.857	900.272
23.501	84.485	80.016	19.976	101.349	20.063	3.743	0.886	900.269
24.002	84.915	80.014	19.975	101.323	20.068	3.506	0.873	900.301
24.502	85.370	80.012	19.975	101.296	20.070	3.453	0.885	900.268
25.001	85.849	80.013	19.975	101.269	20.074	3.229	0.935	900.262
25.501	86.308	80.014	19.975	101.246	20.079	2.962	0.939	900.256
26.001	86.793	80.014	19.976	101.222	20.084	2.670	0.943	900.281
26.501	87.281	80.013	19.975	101.199	20.087	2.477	0.972	900.275
27.002	87.779	80.015	19.975	101.171	20.096	1.902	0.986	900.285
27.501	88.279	80.015	19.976	101.149	20.096	2.045	0.999	900.262
28.001	88.773	80.015	19.975	101.129	20.101	1.739	0.994	900.286
28.501	89.260	80.020	19.977	101.115	20.103	1.705	0.980	900.293
29.001	89.744	80.019	19.978	101.102	20.105	1.694	0.971	900.296
29.501	90.268	80.019	19.977	101.094	20.111	1.335	1.008	900.233
30.002	90.758	80.017	19.976	101.084	20.112	1.420	1.014	900.242
30.501	91.222	80.017	19.975	101.076	20.110	1.654	0.955	900.249
31.001	91.768	80.017	19.975	101.064	20.113	1.496	1.011	900.250
31.501	92.263	80.017	19.976	101.055	20.115	1.386	1.042	900.252
32.000	92.772	80.017	19.975	101.050	20.115	1.506	1.004	900.235
32.500	93.289	80.018	19.974	101.044	20.115	1.571	1.025	900.237
33.001	93.798	80.014	19.975	101.036	20.120	1.168	1.026	900.251
33.501	94.316	80.017	19.974	101.033	20.120	1.180	1.027	900.225
34.001	94.841	80.020	19.975	101.024	20.122	1.216	1.043	900.217
34.501	95.370	80.018	19.975	101.015	20.126	0.971	1.054	900.245
35.001	95.895	80.018	19.975	101.008	20.130	0.751	1.054	900.234
35.501	96.400	80.018	19.976	101.001	20.130	0.806	1.030	900.235
36.001	96.937	80.014	19.974	100.993	20.136	0.450	1.043	900.207
36.501	97.474	80.017	19.975	100.985	20.136	0.495	1.074	900.215
37.001	97.994	80.017	19.975	100.977	20.136	0.496	1.056	900.181
37.501	98.531	80.017	19.975	100.966	20.138	0.310	1.057	900.178
38.001	99.028	80.020	19.975	100.958	20.137	0.395	1.035	900.216
38.501	99.559	80.017	19.975	100.955	20.138	0.378	1.028	900.190
39.001	100.113	80.019	19.975	100.951	20.138	0.380	1.084	900.205
39.501	100.675	80.020	19.975	100.944	20.140	0.256	1.116	900.188
40.002	101.166	80.019	19.976	100.942	20.143	0.133	1.053	900.204
40.502	101.717	80.016	19.976	100.942	20.146	-0.091	1.042	900.193
41.002	102.243	80.017	19.975	100.935	20.146	-0.001	1.076	900.214
41.502	102.765	80.017	19.975	100.929	20.147	-0.053	1.048	900.131
42.002	103.283	80.019	19.975	100.924	20.144	0.273	1.040	900.192
42.501	103.807	80.018	19.975	100.917	20.147	0.223	1.043	900.182
43.001	104.344	80.019	19.976	100.908	20.144	0.536	1.062	900.143
43.501	104.882	80.020	19.975	100.902	20.144	0.638	1.075	900.148
44.001	105.403	80.018	19.975	100.904	20.146	0.483	1.058	900.161
44.501	105.928	80.019	19.975	100.905	20.145	0.581	1.045	900.158
45.001	106.440	80.022	19.974	100.906	20.146	0.612	1.038	900.123
45.501	106.994	80.022	19.975	100.908	20.146	0.653	1.067	900.126
46.001	107.558	80.021	19.976	100.904	20.149	0.484	1.119	900.124
46.501	108.083	80.020	19.976	100.898	20.153	0.222	1.088	900.118
47.001	108.603	80.021	19.975	100.897	20.154	0.223	1.044	900.100
47.501	109.160	80.022	19.975	100.893	20.154	0.309	1.077	900.122
48.001	109.716	80.021	19.976	100.889	20.155	0.366	1.113	900.077
48.501	110.254	80.021	19.976	100.885	20.156	0.286	1.094	900.126
49.001	110.745	80.022	19.975	100.879	20.158	0.091	1.029	900.116
49.501	111.265	80.018	19.975	100.872	20.162	-0.154	1.012	900.112
50.001	111.834	80.019	19.976	100.864	20.156	0.422	1.089	900.079
50.501	112.391	80.020	19.976	100.855	20.159	0.198	1.125	900.115
51.002	112.921	80.016	19.976	100.851	20.160	0.072	1.086	900.103
51.502	113.460	80.018	19.976	100.848	20.161	0.020	1.070	900.079
52.002	113.993	80.015	19.975	100.847	20.162	-0.075	1.073	900.080
52.502	114.528	80.017	19.974	100.846	20.164	-0.274	1.068	900.085
53.001	115.105	80.016	19.975	100.837	20.162	-0.157	1.112	900.093
53.502	115.636	80.015	19.974	100.833	20.164	-0.378	1.108	900.092
54.002	116.152	80.018	19.976	100.828	20.165	-0.372	1.048	900.079
54.501	116.684	80.017	19.974	100.823	20.167	-0.444	1.049	900.079
55.001	117.200	80.016	19.976	100.816	20.166	-0.290	1.047	900.070
55.502	117.771	80.017	19.976	100.817	20.166	-0.192	1.087	900.081
56.002	118.314	80.017	19.976	100.813	20.169	-0.300	1.115	900.061
56.501	118.853	80.014	19.977	100.811	20.169	-0.251	1.082	900.100
57.001	119.380	80.016	19.976	100.808	20.165	0.044	1.067	900.062
57.501	119.888	80.016	19.977	100.807	20.166	0.008	1.035	900.052
58.001	120.410	80.017	19.976	100.803	20.166	-0.020	1.029	900.036
58.501	120.956	80.018	19.976	100.806	20.165	-0.060	1.068	900.053
59.001	121.488	80.015	19.976	100.805	20.165	-0.165	1.079	900.038
59.501	122.032	80.017	19.977	100.805	20.166	-0.248	1.077	900.044
60.001	122.573	80.016	19.976	100.810	20.168	-0.545	1.084	900.047
60.502	123.107	80.016	19.976	100.815	20.167	-0.409	1.075	900.056
61.001	123.645	80.019	19.977	100.813	20.167	-0.449	1.072	900.052
61.501	124.178	80.018	19.976	100.809	20.167	-0.392	1.070	900.062
62.001	124.699	80.017	19.977	100.804	20.167	-0.340	1.053	900.055
62.502	125.249	80.015	19.978	100.796	20.166	-0.275	1.071	900.061
63.002	125.771	80.016	19.976	100.787	20.165	-0.076	1.073	900.018
63.501	126.294	80.015	19.976	100.779	20.171	-0.525	1.046	900.044
64.001	126.822	80.015	19.976	100.777	20.166	-0.105	1.051	900.024
64.501	127.341	80.016	19.976	100.776	20.164	0.128	1.046	900.029
65.002	127.887	80.016	19.978	100.779	20.160	0.486	1.065	900.035
65.501	128.382	80.018	19.977	100.784	20.165	0.151	1.042	900.036
66.001	128.924	80.017	19.977	100.793	20.162	0.367	1.037	900.006
66.501	129.453	80.020	19.978	100.800	20.162	0.415	1.071	899.998
67.001	129.982	80.019	19.978	100.801	20.160	0.580	1.058	900.025
67.502	130.482	80.016	19.978	100.805	20.159	0.558	1.028	899.987
68.002	131.022	80.014	19.978	100.807	20.158	0.660	1.040	899.973
68.502	131.553	80.016	19.978	100.800	20.160	0.627	1.072	899.983
69.002	132.081	80.017	19.977	100.798	20.159	0.757	1.060	899.984
69.501	132.655	80.017	19.977	100.799	20.160	0.681	1.103	899.998
70.001	133.155	80.016	19.977	100.792	20.158	0.943	1.073	900.014
70.502	133.666	80.017	19.978	100.789	20.157	1.095	1.010	899.980
71.002	134.216	80.016	19.977	100.790	20.154	1.407	1.062	899.995
71.502	134.733	80.016	19.976	100.784	20.155	1.357	1.068	899.998
72.001	135.237	80.019	19.976	100.776	20.158	1.158	1.021	899.990
72.501	135.790	80.017	19.975	100.775	20.155	1.329	1.057	899.957
73.001	136.296	80.017	19.976	100.773	20.155	1.432	1.059	899.982
73.501	136.849	80.016	19.978	100.771	20.156	1.422	1.059	899.967
74.001	137.341	80.017	19.976	100.770	20.148	1.989	1.045	899.967
74.502	137.910	80.019	19.977	100.774	20.151	1.781	1.061	899.957
75.001	138.371	80.017	19.976	100.775	20.149	1.949	1.030	899.952
75.502	138.917	80.017	19.976	100.774	20.145	2.203	1.007	899.942
76.002	139.453	80.017	19.977	100.769	20.148	2.045	1.083	899.953
76.501	139.993	80.014	19.976	100.766	20.147	2.072	1.077	899.987
77.001	140.512	80.016	19.976	100.758	20.148	2.097	1.059	899.994
77.502	141.038	80.016	19.977	100.754	20.147	2.252	1.044	899.966
78.002	141.577	80.015	19.977	100.746	20.144	2.558	1.065	899.932
78.502	142.083	80.017	19.977	100.744	20.143	2.593	1.047	899.977
79.001	142.617	80.017	19.977	100.744	20.145	2.350	1.040	899.962
79.502	143.126	80.017	19.977	100.745	20.145	2.281	1.042	899.932
80.002	143.640	80.017	19.977	100.739	20.141	2.507	1.023	899.959
80.502	144.182	80.014	19.976	100.737	20.141	2.414	1.056	899.937
81.002	144.667	80.017	19.975	100.736	20.141	2.423	1.028	899.929
81.501	145.210	80.017	19.977	100.734	20.135	2.922	1.029	899.944
82.001	145.743	80.014	19.977	100.734	20.141	2.631	1.076	899.893
82.501	146.256	80.017	19.976	100.735	20.139	2.888	1.046	899.960
83.002	146.803	80.017	19.977	100.739	20.139	2.912	1.059	899.944
83.501	147.308	80.014	19.977	100.738	20.137	3.195	1.051	899.942
84.002	147.796	80.015	19.976	100.736	20.133	3.516	0.993	899.935
84.502	148.294	80.014	19.978	100.728	20.132	3.682	0.986	899.942
85.001	148.816	80.018	19.977	100.718	20.132	3.654	1.019	899.919
85.502	149.338	80.018	19.977	100.715	20.131	3.701	1.045	899.906
86.001	149.838	80.016	19.976	100.720	20.133	3.530	1.023	899.892
86.502	150.384	80.018	19.975	100.728	20.132	3.523	1.045	899.882
87.002	150.913	80.017	19.976	100.739	20.134	3.358	1.074	899.910
87.502	151.421	80.014	19.977	100.748	20.135	3.178	1.037	899.851
88.002	151.965	80.018	19.976	100.748	20.133	3.243	1.052	899.908
88.502	152.441	80.018	19.977	100.747	20.134	3.152	1.020	899.930
89.002	153.003	80.017	19.976	100.739	20.134	3.169	1.039	899.892
89.501	153.502	80.017	19.976	100.729	20.135	3.030	1.061	899.885
90.002	154.014	80.014	19.977	100.722	20.136	3.038	1.010	899.908
90.502	154.528	80.014	19.977	100.718	20.137	3.046	1.026	899.896
91.001	155.048	80.016	19.977	100.710	20.134	3.409	1.034	899.882
91.502	155.584	80.016	19.976	100.706	20.130	3.659	1.057	899.868
92.001	156.071	80.018	19.977	100.708	20.132	3.548	1.024	899.891
92.501	156.586	80.017	19.977	100.709	20.133	3.595	1.002	899.870
93.002	157.110	80.015	19.976	100.709	20.131	3.809	1.038	899.882
93.502	157.618	80.018	19.977	100.713	20.129	3.890	1.032	899.857
94.002	158.122	80.018	19.976	100.716	20.127	4.123	1.012	899.871
94.501	158.632	80.017	19.977	100.721	20.128	4.046	1.014	899.850
95.001	159.141	80.018	19.976	100.727	20.126	4.228	1.019	899.849
95.501	159.653	80.016	19.977	100.732	20.125	4.313	1.020	899.842
96.001	160.210	80.017	19.977	100.732	20.126	4.211	1.068	899.849
96.502	160.687	80.017	19.976	100.730	20.128	4.038	1.033	899.823
97.002	161.201	80.016	19.977	100.732	20.125	4.289	0.991	899.840
97.502	161.710	80.020	19.976	100.727	20.126	4.192	1.023	899.859
98.002	162.230	80.019	19.976	100.719	20.122	4.547	1.030	899.848
98.501	162.758	80.019	19.976	100.716	20.119	4.753	1.049	899.850
99.002	163.249	80.019	19.976	100.717	20.122	4.596	1.018	899.837
99.502	163.797	80.018	19.976	100.710	20.119	4.977	1.038	899.813
100.002	164.303	80.017	19.977	100.704	20.119	4.941	1.055	899.849
100.502	164.841	80.016	19.976	100.706	20.122	4.691	1.044	899.803
101.002	165.312	80.016	19.977	100.706	20.118	4.991	1.009	899.861
101.502	165.817	80.019	19.977	100.701	20.117	5.049	0.977	899.838
102.002	166.380	80.019	19.975	100.697	20.118	4.942	1.069	899.844
102.501	166.871	80.019	19.976	100.700	20.114	5.268	1.054	899.817
103.002	167.401	80.018	19.975	100.699	20.117	4.914	1.021	899.830
103.502	167.909	80.017	19.975	100.703	20.112	5.349	1.037	899.824
104.002	168.397	80.019	19.976	100.707	20.108	5.689	0.996	899.879
104.502	168.919	80.021	19.974	100.705	20.113	5.373	1.010	899.820
105.002	169.424	80.021	19.976	100.701	20.102	6.213	1.028	899.813
105.502	169.953	80.019	19.975	100.699	20.111	5.521	1.034	899.830
106.002	170.433	80.018	19.975	100.694	20.111	5.440	1.008	899.829
106.503	170.988	80.017	19.976	100.689	20.108	5.688	1.034	899.861
107.003	171.452	80.017	19.977	100.689	20.105	5.971	1.020	899.830
107.502	171.970	80.017	19.976	100.689	20.109	5.731	0.983	899.831
108.002	172.472	80.015	19.976	100.689	20.103	6.163	1.019	899.808
108.502	173.003	80.017	19.976	100.691	20.096	6.889	1.032	899.840
109.002	173.490	80.016	19.975	100.694	20.095	7.183	1.019	899.821
109.502	174.021	80.018	19.976	100.695	20.099	7.008	1.018	899.742
110.002	174.508	80.021	19.975	100.696	20.105	6.611	1.018	899.775
110.501	175.059	80.018	19.975	100.699	20.099	7.102	1.039	899.787
111.001	175.548	80.019	19.976	100.695	20.097	7.223	1.040	899.817
111.501	176.038	80.019	19.974	100.693	20.095	7.290	0.979	899.788
112.002	176.612	80.017	19.975	100.693	20.098	6.981	1.064	899.761
112.501	177.077	80.019	19.976	100.691	20.096	6.960	1.038	899.735
113.002	177.589	80.019	19.974	100.690	20.095	6.961	0.976	899.764
113.502	178.086	80.017	19.974	100.696	20.097	6.853	1.010	899.714
114.001	178.723	80.017	19.978	100.696	20.097	6.947	1.135	899.832
114.502	179.180	80.015	19.976	100.691	20.096	7.042	1.093	899.778
115.002	179.744	80.016	19.980	100.691	20.100	6.711	1.022	899.912
115.501	180.294	80.016	19.980	100.684	20.101	6.738	1.114	899.915
116.001	180.634	80.013	19.976	100.669	20.096	7.199	0.889	899.646
116.501	181.173	80.013	19.977	100.657	20.094	7.295	0.878	899.730
117.002	181.686	80.013	19.976	100.650	20.087	7.731	1.051	899.741
117.503	182.176	80.012	19.976	100.643	20.090	7.467	1.004	899.743
118.002	182.710	80.017	19.977	100.637	20.094	7.194	1.024	899.745
118.502	183.216	80.012	19.977	100.647	20.085	7.928	1.039	899.752
119.002	183.749	80.015	19.977	100.657	20.084	7.894	1.039	899.796
119.502	184.223	80.017	19.975	100.666	20.087	7.767	1.008	899.742
120.002	184.755	80.014	19.976	100.675	20.080	8.352	1.005	899.688
120.503	185.226	80.013	19.977	100.682	20.078	8.580	1.002	899.711
121.003	185.753	80.018	19.976	100.673	20.082	8.191	0.999	899.741
121.502	186.291	80.014	19.976	100.667	20.085	8.027	1.066	899.751
122.002	186.768	80.015	19.976	100.663	20.089	7.726	1.015	899.724
122.502	187.290	80.015	19.977	100.662	20.079	8.491	0.999	899.707
123.002	187.779	80.015	19.974	100.658	20.089	7.649	1.012	899.697
123.501	188.303	80.015	19.977	100.658	20.073	8.897	1.014	899.736
124.001	188.814	80.015	19.977	100.661	20.082	8.197	1.035	899.742
124.502	189.332	80.017	19.976	100.665	20.091	7.613	1.028	899.703
125.003	189.845	80.019	19.974	100.664	20.080	8.458	1.030	899.712
125.503	190.328	80.015	19.974	100.664	20.086	8.045	0.996	899.659
126.002	190.898	80.016	19.977	100.669	20.082	8.396	1.053	899.726
126.502	191.319	80.016	19.978	100.669	20.080	8.617	0.990	899.650
127.002	191.860	80.018	19.975	100.664	20.085	8.257	0.963	899.680
127.502	192.397	80.017	19.976	100.656	20.081	8.563	1.079	899.654
128.001	192.857	80.016	19.973	100.657	20.080	8.696	0.997	899.609
128.502	193.307	80.021	19.972	100.657	20.087	8.169	0.909	899.666
129.003	193.911	80.017	19.978	100.655	20.088	8.223	1.053	899.735
129.503	194.386	80.018	19.977	100.657	20.080	8.978	1.079	899.686
130.002	194.842	80.022	19.974	100.660	20.081	9.031	0.931	899.740
130.503	195.474	80.021	19.977	100.659	20.078	9.305	1.089	899.864
131.002	195.904	80.017	19.974	100.657	20.079	9.251	1.063	899.675
131.502	196.514	80.018	19.976	100.658	20.085	8.758	1.040	899.681
132.002	196.900	80.016	19.972	100.653	20.085	8.607	0.995	899.554
132.502	197.541	80.015	19.977	100.651	20.086	8.384	1.027	899.694
133.002	197.872	80.019	19.974	100.647	20.086	8.309	0.973	899.633
133.502	198.451	80.023	19.976	100.644	20.087	8.141	0.910	899.817
134.002	199.151	80.011	19.980	100.641	20.085	8.244	1.277	899.669
134.502	199.665	80.009	19.979	100.639	20.089	8.027	1.214	899.627
135.002	200.064	80.015	19.977	100.637	20.092	7.853	0.914	899.684
135.502	200.547	80.017	19.975	100.638	20.093	7.841	0.881	899.671
136.002	201.073	80.014	19.977	100.635	20.093	7.781	1.008	899.649
136.503	201.568	80.015	19.976	100.624	20.095	7.740	1.021	899.725
137.002	202.064	80.015	19.975	100.613	20.088	8.339	0.992	899.668
137.502	202.574	80.014	19.976	100.604	20.088	8.270	1.006	899.646
138.002	203.050	80.015	19.975	100.600	20.090	8.007	0.986	899.658
138.502	203.520	80.014	19.974	100.599	20.090	8.022	0.946	899.569
139.002	204.036	80.014	19.974	100.609	20.088	8.134	0.986	899.586
139.502	204.670	80.016	19.976	100.624	20.089	8.103	1.150	899.716
140.002	205.053	80.018	19.977	100.633	20.082	8.574	1.017	899.712
140.502	205.549	80.016	19.976	100.636	20.088	8.214	0.879	899.724
141.002	206.150	80.015	19.978	100.639	20.088	8.259	1.097	899.638
141.502	206.615	80.015	19.975	100.639	20.088	8.232	1.066	899.629
142.002	207.079	80.017	19.974	100.635	20.090	8.196	0.929	899.621
142.502	207.660	80.019	19.975	100.630	20.079	9.072	1.045	899.651
143.002	208.137	80.018	19.977	100.628	20.084	8.722	1.057	899.694
143.502	208.632	80.016	19.975	100.625	20.089	8.413	0.972	899.603
144.002	209.158	80.015	19.976	100.619	20.085	8.655	1.020	899.644
144.502	209.625	80.015	19.977	100.620	20.087	8.410	0.993	899.599
145.002	210.164	80.016	19.976	100.625	20.086	8.409	1.007	899.638
145.502	210.641	80.015	19.976	100.629	20.088	8.151	1.017	899.643
146.002	211.126	80.013	19.976	100.629	20.081	8.611	0.962	899.613
146.502	211.587	80.017	19.975	100.633	20.081	8.559	0.946	899.575
147.002	212.230	80.011	19.977	100.632	20.083	8.462	1.104	899.599
147.502	212.644	80.017	19.976	100.631	20.081	8.788	1.058	899.688
148.002	213.197	80.014	19.975	100.625	20.086	8.438	0.967	899.616
148.502	213.727	80.013	19.976	100.625	20.080	8.886	1.082	899.583
149.002	214.200	80.011	19.975	100.622	20.082	8.776	1.003	899.553
149.502	214.676	80.013	19.974	100.617	20.078	9.124	0.950	899.629
150.002	215.173	80.016	19.974	100.612	20.077	9.238	0.973	899.633
150.502	215.667	80.017	19.974	100.610	20.075	9.309	0.990	899.603
151.002	216.173	80.016	19.975	100.606	20.076	9.243	1.000	899.535
151.502	216.743	80.016	19.976	100.612	20.075	9.404	1.075	899.607
152.002	217.224	80.016	19.977	100.622	20.077	9.227	1.050	899.619
152.502	217.716	80.019	19.977	100.627	20.073	9.481	0.974	899.842
153.002	218.191	80.015	19.975	100.635	20.075	9.311	0.967	899.609
153.502	218.709	80.015	19.975	100.640	20.074	9.419	0.993	899.596
154.002	219.185	80.014	19.975	100.637	20.069	9.848	0.994	899.559
154.502	219.745	80.014	19.976	100.631	20.067	9.931	1.036	899.590
155.002	220.228	80.012	19.975	100.625	20.063	10.321	1.042	899.586
155.502	220.682	80.012	19.975	100.617	20.065	10.299	0.937	899.507
156.002	221.240	80.017	19.976	100.618	20.078	9.330	1.012	899.604
156.502	221.754	80.015	19.976	100.617	20.067	10.163	1.072	899.595
157.002	222.249	80.014	19.977	100.615	20.067	10.152	1.009	899.572
157.502	222.714	80.016	19.976	100.617	20.062	10.502	0.960	899.512
158.002	223.249	80.015	19.976	100.622	20.057	10.861	1.000	899.561
158.502	223.762	80.017	19.976	100.616	20.067	10.112	1.048	899.613
159.002	224.303	80.016	19.977	100.611	20.057	10.806	1.054	899.583
159.502	224.783	80.017	19.977	100.614	20.059	10.769	1.022	899.581
160.002	225.257	80.015	19.978	100.622	20.058	10.958	0.954	899.535
160.502	225.771	80.014	19.975	100.622	20.054	11.330	0.987	899.552
161.002	226.295	80.018	19.975	100.620	20.057	11.135	1.038	899.569
161.502	226.778	80.018	19.976	100.621	20.054	11.402	1.006	899.564
162.003	227.250	80.015	19.975	100.617	20.047	11.939	0.955	899.538
162.503	227.772	80.016	19.976	100.607	20.045	12.014	0.996	899.534
163.002	228.272	80.015	19.976	100.603	20.049	11.522	1.023	899.512
163.502	228.800	80.013	19.976	100.604	20.058	10.762	1.027	899.526
164.003	229.280	80.016	19.975	100.604	20.049	11.365	1.007	899.532
164.502	229.757	80.018	19.974	100.606	20.052	11.127	0.958	899.496
165.002	230.327	80.018	19.977	100.611	20.044	11.750	1.048	899.582
165.502	230.852	80.014	19.979	100.611	20.041	12.023	1.095	899.520
166.003	231.404	80.011	19.976	100.610	20.046	11.725	1.076	899.443
166.503	231.811	80.015	19.976	100.612	20.042	12.084	0.958	899.480
167.003	232.412	80.014	19.979	100.605	20.044	12.023	1.008	899.522
167.503	232.822	80.013	19.976	100.594	20.040	12.355	1.012	899.554
168.002	233.314	80.014	19.976	100.586	20.037	12.583	0.903	899.495
168.502	233.701	80.020	19.971	100.585	20.034	12.789	0.880	899.483
169.002	234.303	80.017	19.974	100.585	20.025	13.516	0.989	899.509
169.502	234.816	80.021	19.975	100.590	20.037	12.752	1.114	899.531
170.002	235.323	80.021	19.974	100.598	20.037	12.727	1.021	899.506
170.502	235.842	80.018	19.975	100.609	20.046	12.032	1.027	899.516
171.002	236.317	80.019	19.974	100.614	20.041	12.353	0.994	899.491
171.502	236.831	80.016	19.975	100.617	20.032	13.091	0.988	899.475
172.003	237.337	80.018	19.976	100.620	20.036	12.692	1.019	899.539
172.503	237.870	80.012	19.978	100.617	20.032	12.902	1.039	899.452
173.003	238.297	80.014	19.973	100.608	20.038	12.444	0.960	899.420
173.502	238.923	80.013	19.976	100.604	20.033	12.826	1.054	899.387
174.002	239.330	80.018	19.976	100.599	20.038	12.501	1.034	899.463
174.502	239.858	80.018	19.975	100.594	20.035	12.840	0.935	899.498
175.003	240.360	80.020	19.974	100.595	20.041	12.513	1.029	899.483
175.502	240.842	80.023	19.976	100.600	20.031	13.386	0.984	899.541
176.002	241.316	80.020	19.976	100.599	20.040	12.781	0.956	899.496
176.502	241.900	80.016	19.977	100.591	20.039	12.815	1.058	899.485
177.003	242.373	80.016	19.976	100.586	20.038	12.772	1.056	899.471
177.503	242.865	80.020	19.976	100.584	20.035	12.891	0.964	899.448
178.003	243.354	80.022	19.976	100.583	20.030	13.114	0.981	899.496
178.502	243.869	80.020	19.975	100.588	20.039	12.370	1.005	899.450
179.002	244.356	80.022	19.976	100.592	20.042	12.117	1.002	899.531
179.503	244.938	80.014	19.979	100.598	20.037	12.586	1.069	899.396
180.003	245.441	80.017	19.977	100.601	20.037	12.708	1.085	899.452
180.502	246.074	80.015	19.980	100.600	20.039	12.647	1.136	899.520
181.002	246.378	80.016	19.977	100.597	20.039	12.673	0.936	899.348
181.503	246.866	80.023	19.973	100.596	20.039	12.723	0.792	899.512
182.003	247.333	80.022	19.973	100.589	20.040	12.724	0.956	899.451
182.502	247.832	80.021	19.972	100.575	20.041	12.738	0.966	899.465
183.002	248.411	80.017	19.973	100.566	20.051	12.043	1.077	899.370
183.503	248.856	80.020	19.974	100.562	20.053	11.964	1.023	899.407
184.003	249.370	80.020	19.973	100.569	20.049	12.224	0.959	899.382
184.503	249.879	80.022	19.975	100.584	20.047	12.373	1.023	899.505
185.003	250.387	80.017	19.976	100.598	20.045	12.541	1.016	899.437
185.503	250.867	80.021	19.974	100.606	20.049	12.141	0.989	899.438
186.003	251.442	80.019	19.978	100.605	20.047	12.261	1.056	899.446
186.503	251.898	80.022	19.974	100.597	20.057	11.480	1.030	899.501
187.003	252.408	80.021	19.975	100.586	20.057	11.498	0.965	899.421
187.503	252.944	80.022	19.975	100.581	20.068	10.618	1.047	899.476
188.003	253.485	80.020	19.977	100.579	20.069	10.539	1.078	899.579
188.503	253.944	80.018	19.975	100.577	20.067	10.736	1.001	899.414
189.002	254.445	80.014	19.974	100.573	20.072	10.431	0.961	899.425
189.502	254.916	80.015	19.975	100.570	20.079	9.902	0.973	899.406
190.002	255.466	80.014	19.976	100.561	20.071	10.571	1.019	899.439
190.503	255.901	80.018	19.974	100.557	20.078	10.012	0.984	899.469
191.003	256.467	80.014	19.977	100.554	20.074	10.302	1.002	899.399
191.503	256.980	80.017	19.976	100.557	20.074	10.339	1.079	899.379
192.003	257.536	80.012	19.977	100.557	20.076	10.135	1.068	899.415
192.503	257.943	80.016	19.975	100.561	20.078	9.956	0.963	899.415
193.003	258.348	80.016	19.974	100.563	20.081	9.669	0.812	899.281
193.503	258.980	80.017	19.973	100.566	20.080	9.801	1.037	899.329
194.003	259.498	80.018	19.975	100.563	20.080	9.753	1.151	899.457
194.503	259.961	80.020	19.974	100.566	20.088	9.108	0.981	899.414
195.003	260.521	80.017	19.976	100.570	20.090	8.869	1.023	899.449
195.503	261.030	80.020	19.976	100.567	20.094	8.574	1.069	899.491
196.003	261.508	80.019	19.978	100.564	20.088	9.012	0.987	899.529
196.503	261.943	80.018	19.976	100.561	20.093	8.541	0.913	899.448
197.003	262.476	80.013	19.978	100.556	20.085	9.108	0.967	899.353
197.503	262.930	80.012	19.977	100.553	20.093	8.533	0.987	899.301
198.003	263.474	80.015	19.975	100.552	20.094	8.516	0.998	899.394
198.503	264.028	80.013	19.977	100.555	20.096	8.383	1.098	899.476
199.003	264.538	80.014	19.976	100.556	20.094	8.551	1.065	899.402
199.502	264.970	80.016	19.974	100.558	20.094	8.667	0.943	899.348
200.002	265.494	80.015	19.976	100.561	20.095	8.629	0.955	899.371
200.502	265.976	80.018	19.976	100.565	20.109	7.568	1.006	899.406
201.002	266.513	80.017	19.976	100.559	20.102	8.175	1.019	899.422
201.503	267.015	80.016	19.978	100.564	20.100	8.297	1.039	899.390
202.003	267.449	80.017	19.978	100.569	20.101	8.114	0.935	899.368
202.503	267.954	80.015	19.977	100.570	20.088	9.089	0.939	899.385
203.003	268.487	80.016	19.978	100.567	20.089	8.968	1.038	899.372
203.503	268.961	80.015	19.976	100.574	20.092	8.800	1.007	899.397
204.002	269.484	80.015	19.977	100.580	20.095	8.519	0.997	899.435
204.503	270.010	80.012	19.978	100.578	20.092	8.728	1.049	899.383
205.003	270.538	80.012	19.978	100.576	20.096	8.484	1.055	899.434
205.503	271.002	80.012	19.977	100.578	20.097	8.425	0.992	899.391
206.003	271.535	80.013	19.979	100.574	20.091	8.860	0.997	899.414
206.503	271.910	80.020	19.975	100.563	20.092	8.822	0.908	899.456
207.003	272.482	80.016	19.979	100.563	20.088	9.058	0.947	899.458
207.503	272.925	80.019	19.977	100.558	20.088	9.048	1.015	899.330
208.003	273.533	80.018	19.979	100.557	20.088	9.001	1.051	899.490
208.503	274.003	80.017	19.977	100.557	20.088	9.082	1.079	899.440
209.003	274.439	80.015	19.976	100.561	20.092	8.838	0.907	899.317
209.503	274.900	80.016	19.976	100.563	20.089	9.116	0.897	899.329
210.003	275.428	80.018	19.976	100.569	20.083	9.628	0.989	899.336
210.503	275.925	80.013	19.974	100.568	20.084	9.661	1.025	899.286
211.003	276.414	80.015	19.975	100.569	20.085	9.670	0.986	899.338
211.503	276.898	80.012	19.976	100.567	20.079	10.093	0.973	899.289
212.003	277.410	80.013	19.975	100.566	20.079	10.010	0.996	899.256
212.503	277.828	80.019	19.972	100.564	20.079	9.927	0.928	899.395
213.004	278.385	80.016	19.978	100.565	20.075	10.150	0.975	899.347
213.504	278.881	80.017	19.976	100.565	20.074	10.197	1.054	899.319
214.003	279.412	80.018	19.977	100.567	20.079	9.840	1.027	899.361
214.503	279.888	80.017	19.976	100.567	20.076	10.016	1.006	899.339
215.004	280.415	80.016	19.976	100.571	20.075	10.104	1.003	899.321
215.503	280.934	80.015	19.978	100.573	20.073	10.341	1.048	899.343
216.002	281.432	80.015	19.976	100.570	20.076	10.194	1.018	899.339
216.503	281.895	80.015	19.976	100.564	20.074	10.374	0.960	899.287
217.003	282.430	80.018	19.976	100.555	20.077	10.193	0.998	899.352
217.503	282.925	80.013	19.976	100.548	20.070	10.723	1.030	899.345
218.003	283.429	80.016	19.976	100.542	20.072	10.587	0.998	899.338
218.503	283.941	80.019	19.978	100.543	20.068	10.926	1.016	899.359
219.003	284.403	80.017	19.976	100.549	20.068	10.818	0.974	899.295
219.503	284.896	80.018	19.976	100.555	20.070	10.628	0.955	899.372
220.003	285.400	80.017	19.976	100.560	20.063	11.063	0.997	899.330
220.503	285.910	80.015	19.976	100.565	20.066	10.919	1.014	899.311
221.003	286.419	80.017	19.977	100.567	20.064	11.018	1.019	899.302
221.503	286.946	80.018	19.976	100.564	20.061	11.237	1.036	899.404
222.002	287.422	80.016	19.976	100.564	20.059	11.434	1.003	899.320
222.502	287.885	80.018	19.976	100.560	20.061	11.362	0.939	899.278
223.003	288.428	80.018	19.977	100.558	20.056	11.777	1.006	899.417
223.503	288.883	80.017	19.976	100.555	20.054	11.948	0.998	899.330
224.003	289.427	80.017	19.975	100.552	20.057	11.760	0.999	899.315
224.503	289.923	80.015	19.976	100.545	20.054	11.984	1.039	899.310
225.004	290.444	80.016	19.976	100.547	20.049	12.371	1.016	899.326
225.504	290.978	80.015	19.977	100.547	20.051	12.173	1.055	899.360
226.004	291.473	80.017	19.976	100.549	20.053	11.929	1.029	899.289
226.504	291.923	80.018	19.977	100.555	20.049	12.187	0.945	899.309
227.004	292.464	80.014	19.978	100.562	20.049	12.176	0.993	899.327
227.503	292.965	80.017	19.977	100.559	20.048	12.245	1.043	899.329
228.003	293.499	80.016	19.977	100.558	20.041	12.725	1.035	899.293
228.503	293.973	80.014	19.976	100.560	20.043	12.509	1.008	899.325
229.003	294.473	80.016	19.975	100.559	20.042	12.640	0.973	899.325
229.503	294.941	80.018	19.977	100.556	20.039	12.896	0.968	899.323
230.003	295.454	80.016	19.976	100.554	20.038	13.127	0.982	899.299
230.503	295.947	80.016	19.975	100.549	20.034	13.556	1.006	899.311
231.003	296.453	80.014	19.975	100.544	20.032	13.858	0.998	899.325
231.504	296.956	80.015	19.974	100.544	20.032	13.871	1.009	899.308
232.003	297.470	80.015	19.976	100.547	20.028	14.211	1.018	899.272
232.503	298.012	80.014	19.975	100.550	20.027	14.228	1.056	899.274
233.004	298.451	80.016	19.975	100.556	20.027	14.180	0.980	899.281
233.504	298.948	80.014	19.977	100.561	20.026	14.175	0.936	899.282
234.003	299.496	80.015	19.976	100.559	20.025	14.301	1.045	899.273
234.504	300.010	80.015	19.977	100.559	20.023	14.459	1.062	899.242
235.003	300.568	80.016	19.978	100.564	20.021	14.630	1.073	899.277
235.503	301.048	80.015	19.977	100.568	20.016	14.957	1.038	899.250
236.003	301.519	80.014	19.976	100.569	20.016	14.890	0.951	899.280
236.503	302.017	80.013	19.976	100.567	20.013	15.155	0.969	899.294
237.003	302.542	80.016	19.976	100.561	20.008	15.484	1.023	899.261
237.503	303.050	80.010	19.976	100.546	20.008	15.365	1.032	899.296
238.004	303.538	80.010	19.976	100.535	20.004	15.698	0.995	899.294
238.503	304.021	80.012	19.975	100.530	20.001	15.985	0.972	899.282
239.003	304.541	80.015	19.975	100.530	19.995	16.473	1.003	899.296
239.503	305.050	80.012	19.975	100.532	19.994	16.568	1.028	899.275
240.004	305.513	80.013	19.974	100.541	19.991	16.753	0.972	899.250
240.503	306.024	80.016	19.976	100.544	19.989	16.957	0.974	899.286
241.003	306.523	80.016	19.976	100.543	19.985	17.276	1.011	899.264
241.503	307.095	80.015	19.975	100.541	19.982	17.504	1.071	899.246
242.003	307.528	80.017	19.976	100.538	19.977	17.942	1.005	899.293
242.503	308.045	80.017	19.975	100.538	19.977	17.881	0.949	899.280
243.004	308.581	80.017	19.975	100.544	19.976	17.861	1.053	899.289
243.503	309.048	80.013	19.975	100.548	19.970	18.363	1.004	899.287
244.003	309.542	80.015	19.975	100.550	19.968	18.494	0.962	899.262
244.503	310.041	80.014	19.976	100.553	19.965	18.750	0.994	899.289
245.003	310.566	80.014	19.977	100.556	19.960	19.084	1.023	899.264
245.503	311.024	80.019	19.976	100.555	19.958	19.255	0.982	899.319
246.003	311.553	80.015	19.977	100.552	19.955	19.511	0.987	899.267
246.503	312.063	80.014	19.978	100.553	19.949	19.971	1.039	899.298
247.003	312.554	80.015	19.977	100.552	19.945	20.224	1.001	899.287
247.503	313.062	80.013	19.977	100.547	19.940	20.611	1.000	899.286
248.003	313.565	80.014	19.976	100.548	19.935	20.949	1.012	899.270
248.503	314.042	80.013	19.977	100.547	19.930	21.264	0.979	899.281
249.003	314.599	80.013	19.977	100.545	19.924	21.790	1.033	899.250
249.504	315.063	80.014	19.975	100.547	19.919	22.074	1.020	899.296
250.004	315.610	80.013	19.975	100.551	19.912	22.659	1.011	899.280
250.503	316.067	80.013	19.976	100.553	19.906	23.100	1.005	899.248
251.003	316.540	80.014	19.975	100.556	19.897	23.767	0.930	899.270
251.503	317.074	80.015	19.976	100.556	19.894	24.032	1.007	899.294
252.003	317.602	80.014	19.977	100.555	19.888	24.461	1.063	899.280
252.503	318.067	80.011	19.976	100.553	19.883	24.883	0.993	899.293
253.003	318.562	80.010	19.975	100.551	19.878	25.210	0.960	899.246
253.503	319.048	80.011	19.976	100.553	19.868	26.059	0.981	899.252
254.003	319.569	80.011	19.977	100.555	19.858	26.863	1.007	899.274
254.504	320.043	80.012	19.977	100.560	19.848	27.649	0.994	899.239
255.004	320.571	80.014	19.976	100.560	19.840	28.198	1.001	899.267
255.504	321.069	80.013	19.977	100.563	19.831	28.895	1.025	899.257
256.004	321.563	80.013	19.976	100.565	19.820	29.789	0.992	899.290
256.503	322.042	80.016	19.976	100.565	19.812	30.362	0.974	899.241
257.003	322.592	80.014	19.975	100.568	19.800	31.241	1.029	899.228
257.503	323.076	80.014	19.977	100.567	19.792	31.849	1.033	899.247
258.003	323.591	80.014	19.977	100.567	19.782	32.590	0.999	899.234
258.504	324.073	80.013	19.976	100.567	19.775	33.070	0.996	899.213
259.004	324.568	80.014	19.976	100.568	19.762	33.994	0.977	899.259
259.504	325.122	80.013	19.975	100.564	19.748	35.035	1.049	899.225
260.004	325.604	80.012	19.977	100.567	19.740	35.617	1.036	899.201
260.504	326.095	80.014	19.975	100.567	19.727	36.545	0.973	899.253
261.004	326.571	80.011	19.975	100.562	19.710	37.830	0.968	899.192
261.503	327.098	80.014	19.975	100.562	19.703	38.351	1.004	899.225
262.003	327.597	80.016	19.975	100.565	19.687	39.631	1.025	899.202
262.504	328.100	80.015	19.975	100.564	19.675	40.611	1.001	899.237
263.004	328.630	80.015	19.976	100.563	19.663	41.534	1.033	899.214
263.504	329.144	80.012	19.975	100.566	19.647	42.652	1.045	899.227
264.003	329.610	80.013	19.975	100.568	19.637	43.474	0.981	899.172
264.503	330.124	80.015	19.976	100.569	19.616	45.142	0.980	899.218
265.003	330.624	80.013	19.977	100.567	19.599	46.385	1.014	899.225
265.503	331.120	80.012	19.976	100.572	19.588	47.220	0.996	899.257
266.003	331.611	80.013	19.976	100.576	19.571	48.471	0.986	899.218
266.504	332.124	80.013	19.976	100.579	19.559	49.441	1.003	899.197
267.004	332.625	80.014	19.977	100.584	19.540	50.870	1.015	899.252
267.503	333.144	80.017	19.976	100.589	19.520	52.414	1.021	899.257
268.003	333.666	80.017	19.976	100.588	19.505	53.565	1.041	899.239
268.503	334.121	80.016	19.977	100.591	19.488	54.825	0.977	899.210
269.003	334.622	80.012	19.976	100.592	19.469	56.254	0.956	899.203
269.503	335.126	80.013	19.976	100.588	19.454	57.450	1.006	899.197
270.003	335.660	80.013	19.976	100.585	19.430	59.348	1.037	899.193
270.504	336.131	80.011	19.976	100.586	19.415	60.407	1.004	899.256
271.004	336.667	80.012	19.977	100.587	19.399	61.604	1.008	899.232
271.504	337.150	80.011	19.976	100.587	19.378	63.160	1.018	899.205
272.004	337.622	80.009	19.976	100.587	19.359	64.613	0.954	899.218
272.504	338.117	80.015	19.977	100.591	19.336	66.371	0.968	899.174
273.004	338.648	80.014	19.977	100.591	19.313	68.159	1.027	899.199
273.503	339.117	80.014	19.977	100.588	19.296	69.407	0.999	899.221
274.004	339.617	80.014	19.978	100.592	19.272	71.236	0.968	899.253
274.504	340.110	80.012	19.977	100.595	19.255	72.470	0.994	899.221
275.004	340.614	80.013	19.978	100.594	19.233	74.140	0.997	899.214
275.504	341.109	80.015	19.977	100.592	19.210	75.881	0.999	899.197
276.004	341.641	80.014	19.977	100.592	19.190	77.423	1.028	899.190
276.503	342.126	80.014	19.977	100.594	19.167	79.191	1.016	899.179
277.004	342.652	80.014	19.978	100.592	19.148	80.724	1.010	899.229
277.504	343.131	80.014	19.977	100.593	19.125	82.515	1.006	899.183
278.003	343.653	80.016	19.977	100.597	19.099	84.584	1.002	899.209
278.503	344.157	80.016	19.978	100.603	19.073	86.590	1.025	899.239
279.003	344.638	80.016	19.978	100.602	19.051	88.219	0.984	899.196
279.504	345.195	80.014	19.978	100.606	19.031	89.711	1.037	899.221
280.005	345.642	80.013	19.979	100.606	19.007	91.541	1.003	899.216
280.505	346.159	80.015	19.978	100.602	18.981	93.567	0.965	899.191
281.004	346.663	80.017	19.978	100.600	18.957	95.381	1.023	899.222
281.503	347.183	80.015	19.977	100.604	18.937	96.937	1.024	899.225
282.004	347.670	80.016	19.977	100.609	18.910	99.020	1.006	899.218
282.504	348.164	80.014	19.978	100.613	18.885	100.933	0.982	899.215
283.003	348.666	80.016	19.977	100.617	18.858	102.963	0.997	899.213
283.503	349.197	80.017	19.978	100.614	18.835	104.787	1.032	899.215
284.004	349.662	80.014	19.978	100.610	18.811	106.559	0.995	899.206
284.504	350.169	80.014	19.977	100.604	18.783	108.656	0.972	899.211
285.004	350.683	80.012	19.978	100.600	18.756	110.691	1.022	899.226
285.504	351.172	80.013	19.978	100.599	18.731	112.664	1.002	899.229
286.004	351.670	80.015	19.977	100.601	18.706	114.579	0.987	899.208
286.504	352.172	80.015	19.976	100.602	18.677	116.732	1.001	899.200
287.003	352.657	80.013	19.976	100.605	18.651	118.752	0.987	899.231
287.503	353.155	80.014	19.977	100.607	18.624	120.846	0.983	899.199
288.003	353.697	80.013	19.977	100.608	18.603	122.450	1.041	899.218
288.503	354.155	80.014	19.977	100.608	18.571	124.788	1.000	899.214
289.003	354.673	80.015	19.977	100.602	18.549	126.374	0.975	899.218
289.503	355.149	80.014	19.977	100.600	18.518	128.679	0.993	899.200
290.004	355.683	80.014	19.977	100.602	18.496	130.311	1.010	899.201
290.504	356.134	80.013	19.977	100.603	18.466	132.550	0.985	899.223
291.003	356.633	80.014	19.977	100.600	18.440	134.614	0.950	899.212
291.503	357.182	80.014	19.976	100.605	18.413	136.833	1.048	899.206
292.003	357.651	80.012	19.976	100.607	18.386	138.884	1.018	899.210
292.504	358.184	80.011	19.976	100.606	18.361	140.847	1.002	899.211
293.004	358.633	80.013	19.976	100.607	18.331	143.228	0.981	899.223
293.504	359.148	80.010	19.977	100.610	18.308	144.975	0.964	899.228
294.004	359.669	80.012	19.976	100.606	18.278	147.271	1.037	899.238
294.504	360.177	80.014	19.976	100.601	18.254	149.066	1.029	899.202
295.003	360.643	80.014	19.977	100.601	18.229	151.058	0.974	899.236
295.504	361.169	80.014	19.976	100.605	18.204	153.021	0.991	899.210
296.004	361.655	80.013	19.976	100.614	18.178	154.926	1.012	899.218
296.504	362.136	80.015	19.977	100.622	18.154	156.759	0.969	899.196
297.003	362.684	80.015	19.977	100.627	18.131	158.493	1.029	899.204
297.504	363.158	80.014	19.976	100.632	18.104	160.514	1.021	899.204
298.004	363.703	80.014	19.976	100.629	18.081	162.258	1.018	899.228
298.504	364.193	80.014	19.977	100.621	18.055	164.207	1.035	899.226
299.004	364.673	80.013	19.978	100.611	18.034	165.897	0.970	899.248
299.504	365.163	80.014	19.978	100.611	18.015	167.361	0.970	899.262
300.004	365.684	80.015	19.977	100.605	17.992	169.129	1.012	899.236
300.503	366.174	80.012	19.977	100.603	17.969	170.822	1.011	899.231
301.004	366.672	80.014	19.976	100.601	17.945	172.643	0.987	899.210
301.504	367.179	80.013	19.976	100.605	17.920	174.543	1.004	899.214
302.005	367.677	80.013	19.977	100.599	17.898	176.162	1.005	899.213
302.504	368.200	80.013	19.977	100.596	17.883	177.200	1.022	899.216
303.004	368.666	80.011	19.976	100.594	17.862	178.773	0.990	899.264
303.503	369.197	80.012	19.976	100.597	17.838	180.552	0.997	899.206
304.004	369.711	80.013	19.976	100.599	17.811	182.461	1.045	899.226
304.504	370.205	80.013	19.977	100.600	17.787	184.294	1.007	899.227
305.004	370.661	80.015	19.977	100.604	17.762	186.215	0.950	899.238
305.504	371.147	80.015	19.976	100.603	17.744	187.506	0.943	899.236
306.003	371.688	80.013	19.977	100.601	17.725	188.929	1.026	899.217
306.504	372.202	80.014	19.977	100.595	17.711	189.978	1.054	899.203
307.004	372.677	80.012	19.976	100.594	17.695	191.198	0.990	899.206
307.504	373.176	80.011	19.977	100.594	17.679	192.154	0.975	899.226
308.003	373.684	80.011	19.977	100.601	17.664	192.981	1.008	899.226
308.503	374.181	80.011	19.977	100.601	17.635	194.886	1.005	899.242
309.004	374.691	80.013	19.976	100.605	17.607	196.814	1.006	899.230
309.504	375.202	80.014	19.975	100.610	17.571	199.339	1.021	899.201
310.004	375.697	80.012	19.976	100.612	17.544	201.089	1.005	899.261
310.504	376.216	80.016	19.975	100.611	17.525	202.358	1.014	899.242
311.004	376.694	80.014	19.975	100.620	17.518	202.698	0.998	899.216
311.504	377.184	80.013	19.976	100.631	17.514	202.602	0.968	899.211
312.004	377.652	80.012	19.975	100.631	17.501	203.191	0.957	899.210
312.504	378.181	80.012	19.975	100.630	17.477	204.722	0.996	899.217
313.005	378.689	80.015	19.977	100.632	17.430	207.854	1.038	899.216
313.504	379.156	80.014	19.977	100.629	17.381	211.217	0.976	899.273
314.005	379.692	80.011	19.977	100.626	17.337	214.584	1.003	899.263
314.505	380.158	80.014	19.976	100.640	17.299	217.540	1.002	899.247
315.004	380.669	80.015	19.976	100.665	17.257	220.482	0.977	899.230
315.504	381.149	80.014	19.977	100.691	17.202	224.336	0.992	899.214
316.003	381.652	80.016	19.977	100.716	17.154	228.132	0.984	899.197
316.503	382.129	80.014	19.976	100.733	17.110	231.470	0.980	899.231
317.003	382.637	80.013	19.976	100.749	17.066	234.503	0.984	899.221
317.504	383.138	80.012	19.977	100.765	17.020	237.927	1.008	899.214
318.004	383.617	80.012	19.976	100.779	16.972	241.823	0.980	899.215
318.504	384.165	80.012	19.977	100.796	16.905	247.098	1.026	899.236
319.005	384.663	80.009	19.977	100.840	16.841	252.112	1.046	899.215
319.504	385.136	80.008	19.976	100.872	16.795	255.758	0.972	899.247
320.004	385.649	80.011	19.977	100.891	16.755	258.914	0.986	899.241
320.504	386.128	80.009	19.975	100.931	16.673	265.091	0.992	899.228
321.004	386.627	80.010	19.976	100.962	16.566	273.314	0.978	899.230
321.504	387.112	80.014	19.976	100.941	16.479	280.137	0.982	899.253
322.005	387.617	80.013	19.975	100.936	16.410	285.570	0.991	899.257
322.504	388.124	80.012	19.976	100.966	16.347	290.471	1.014	899.246
323.004	388.593	80.011	19.977	100.968	16.309	293.724	0.976	899.260
323.504	389.110	80.008	19.976	100.961	16.292	295.252	0.985	899.260
324.004	389.602	80.010	19.975	100.990	16.270	297.087	1.008	899.246
324.505	390.096	80.011	19.976	101.011	16.234	299.787	0.985	899.260
325.004	390.592	80.011	19.976	100.988	16.177	304.099	0.991	899.207
325.504	391.085	80.013	19.976	100.967	16.100	310.086	0.989	899.264
326.004	391.606	80.011	19.974	100.961	16.011	316.961	1.014	899.266
326.504	392.068	80.013	19.974	100.943	15.928	323.597	0.982	899.267
327.005	392.586	80.016	19.974	100.922	15.868	328.676	0.980	899.273
327.505	393.085	80.014	19.973	100.924	15.821	332.637	1.018	899.268
328.004	393.559	80.013	19.974	100.924	15.777	336.265	0.974	899.266
328.504	394.125	80.014	19.974	100.914	15.742	339.114	1.040	899.253
329.004	394.546	80.013	19.974	100.895	15.714	341.175	0.986	899.269
329.504	395.091	80.014	19.974	100.872	15.685	343.217	0.965	899.281
330.005	395.605	80.013	19.975	100.842	15.658	344.945	1.059	899.278
330.504	396.057	80.014	19.974	100.807	15.625	347.203	0.967	899.254
331.004	396.557	80.015	19.974	100.790	15.584	350.155	0.952	899.289
331.505	397.056	80.011	19.974	100.791	15.544	353.116	0.999	899.261
332.004	397.556	80.012	19.974	100.792	15.515	355.302	0.999	899.314
332.504	398.062	80.013	19.975	100.788	15.492	356.931	1.006	899.265
333.005	398.545	80.013	19.976	100.781	15.470	358.570	0.988	899.265
333.505	399.045	80.011	19.975	100.750	15.446	360.249	0.983	899.313
334.004	399.562	80.010	19.975	100.705	15.411	362.850	1.017	899.280
334.504	400.041	80.011	19.974	100.646	15.385	364.657	0.996	899.293
335.005	400.550	80.012	19.974	100.605	15.356	366.709	0.988	899.310
335.504	401.032	80.012	19.975	100.579	15.332	368.475	0.991	899.285
336.004	401.541	80.012	19.975	100.573	15.305	370.499	0.991	899.307
336.504	402.015	80.013	19.974	100.586	15.284	371.987	0.983	899.318
337.004	402.543	80.012	19.974	100.618	15.260	373.739	1.003	899.301
337.504	403.062	80.014	19.975	100.638	15.234	375.661	1.048	899.286
338.004	403.538	80.016	19.975	100.655	15.201	378.238	0.994	899.275
338.504	404.036	80.015	19.976	100.667	15.167	380.892	0.973	899.322
339.004	404.553	80.011	19.975	100.664	15.141	382.916	1.015	899.279
339.504	405.022	80.012	19.975	100.661	15.121	384.663	0.986	899.306
340.004	405.518	80.011	19.974	100.664	15.107	385.977	0.965	899.286
340.505	406.047	80.012	19.974	100.668	15.095	387.045	1.026	899.299
341.004	406.550	80.012	19.976	100.678	15.087	387.814	1.031	899.328
341.504	407.046	80.014	19.975	100.694	15.082	388.272	0.998	899.284
342.005	407.557	80.014	19.975	100.707	15.071	389.357	1.007	899.286
342.504	408.027	80.013	19.975	100.711	15.068	389.834	0.981	899.308
343.005	408.519	80.015	19.974	100.713	15.063	390.392	0.961	899.305
343.505	409.055	80.016	19.975	100.708	15.069	390.247	1.027	899.320
344.005	409.537	80.015	19.975	100.715	15.080	389.647	1.019	899.328
344.504	410.067	80.012	19.975	100.721	15.095	388.709	1.013	899.350
345.004	410.565	80.012	19.975	100.720	15.112	387.649	1.028	899.295
345.504	411.077	80.014	19.975	100.712	15.135	386.038	1.011	899.318
346.004	411.582	80.014	19.974	100.700	15.161	384.242	1.018	899.296
346.504	412.079	80.013	19.975	100.680	15.193	382.060	1.001	899.288
347.004	412.607	80.015	19.976	100.654	15.233	379.193	1.025	899.339
347.504	413.098	80.014	19.976	100.634	15.275	376.171	1.020	899.318
348.004	413.630	80.014	19.975	100.622	15.320	372.889	1.023	899.300
348.504	414.111	80.016	19.975	100.612	15.373	368.973	1.012	899.337
349.005	414.606	80.014	19.975	100.593	15.428	364.919	0.974	899.318
349.505	415.160	80.014	19.975	100.570	15.492	360.177	1.049	899.356
350.005	415.615	80.013	19.974	100.549	15.560	355.167	1.010	899.333
350.505	416.149	80.013	19.975	100.524	15.630	349.953	0.989	899.360
351.005	416.643	80.012	19.975	100.498	15.705	344.300	1.028	899.317
351.504	417.188	80.012	19.975	100.478	15.785	338.271	1.039	899.312
352.004	417.648	80.010	19.976	100.467	15.871	331.671	1.005	899.334
352.505	418.194	80.013	19.976	100.448	15.958	324.969	1.005	899.351
353.005	418.672	80.012	19.975	100.433	16.050	317.845	1.024	899.321
353.505	419.168	80.010	19.975	100.421	16.145	310.428	0.975	899.325
354.004	419.728	80.014	19.975	100.407	16.243	302.855	1.057	899.358
354.504	420.224	80.014	19.975	100.393	16.342	295.162	1.056	899.367
355.004	420.742	80.015	19.975	100.386	16.446	287.082	1.014	899.327
355.504	421.224	80.014	19.975	100.382	16.546	279.284	1.000	899.344
356.004	421.761	80.013	19.976	100.378	16.645	271.507	1.018	899.351
356.505	422.240	80.016	19.975	100.374	16.751	263.171	1.017	899.326
357.004	422.763	80.013	19.975	100.369	16.849	255.404	1.004	899.359
357.504	423.272	80.012	19.975	100.365	16.952	247.246	1.032	899.336
358.005	423.781	80.014	19.975	100.362	17.057	238.953	1.017	899.365
358.505	424.277	80.014	19.975	100.365	17.156	231.169	1.004	899.358
359.005	424.762	80.012	19.975	100.377	17.256	223.164	0.981	899.321
359.505	425.278	80.016	19.975	100.394	17.356	215.156	1.002	899.334
360.005	425.829	80.014	19.974	100.413	17.457	207.147	1.066	899.358
360.505	426.316	80.014	19.975	100.436	17.550	199.709	1.039	899.346
361.004	426.832	80.012	19.973	100.457	17.646	191.944	1.004	899.361
361.504	427.364	80.011	19.974	100.478	17.738	184.576	1.048	899.362
362.004	427.825	80.013	19.974	100.500	17.830	177.149	0.992	899.364
362.504	428.352	80.012	19.973	100.523	17.917	170.255	0.988	899.364
363.004	428.868	80.009	19.974	100.550	18.008	163.044	1.042	899.376
363.504	429.336	80.011	19.975	100.577	18.089	156.567	0.984	899.378
364.004	429.848	80.011	19.974	100.606	18.175	149.815	0.980	899.338
364.505	430.350	80.012	19.974	100.639	18.253	143.712	1.013	899.336
365.005	430.848	80.015	19.974	100.670	18.335	137.307	1.000	899.384
365.505	431.416	80.015	19.974	100.693	18.411	131.417	1.067	899.377
366.005	431.902	80.013	19.975	100.723	18.484	125.733	1.054	899.387
366.505	432.401	80.014	19.974	100.754	18.557	120.083	0.984	899.385
367.005	432.913	80.014	19.974	100.789	18.628	114.578	1.011	899.377
367.505	433.407	80.015	19.974	100.823	18.694	109.467	1.007	899.423
368.005	433.928	80.012	19.973	100.854	18.760	104.370	1.016	899.409
368.505	434.426	80.014	19.974	100.885	18.820	99.787	1.019	899.380
369.004	434.933	80.014	19.975	100.917	18.879	95.312	1.005	899.409
369.505	435.453	80.013	19.974	100.939	18.940	90.666	1.027	899.385
370.005	435.938	80.015	19.975	100.966	18.996	86.452	1.005	899.374
370.505	436.421	80.015	19.975	100.993	19.049	82.384	0.968	899.401
371.005	436.933	80.015	19.974	101.009	19.100	78.582	0.995	899.372
371.504	437.413	80.013	19.975	101.016	19.151	74.751	0.992	899.385
372.004	437.917	80.013	19.974	101.026	19.197	71.367	0.984	899.401
372.505	438.399	80.014	19.974	101.031	19.243	67.996	0.986	899.400
373.005	438.923	80.016	19.975	101.039	19.286	64.786	1.006	899.416
373.505	439.419	80.014	19.974	101.045	19.333	61.353	1.020	899.401
374.005	439.946	80.012	19.973	101.053	19.371	58.587	1.023	899.428
374.505	440.426	80.013	19.975	101.055	19.415	55.306	1.007	899.447
375.004	440.913	80.011	19.974	101.059	19.447	52.928	0.967	899.417
375.504	441.459	80.013	19.975	101.055	19.487	49.933	1.033	899.468
376.005	441.933	80.016	19.974	101.053	19.517	47.705	1.019	899.453
376.505	442.449	80.013	19.973	101.052	19.550	45.309	0.989	899.450
377.005	442.963	80.013	19.974	101.049	19.583	42.940	1.030	899.450
377.505	443.461	80.012	19.973	101.041	19.608	41.196	1.013	899.458
378.005	443.944	80.013	19.972	101.040	19.640	38.864	0.982	899.448
378.505	444.451	80.015	19.973	101.032	19.666	36.982	0.991	899.460
379.004	444.923	80.014	19.973	101.024	19.693	35.156	0.979	899.449
379.505	445.466	80.014	19.973	101.011	19.721	33.195	1.015	899.473
380.005	445.939	80.014	19.974	101.000	19.743	31.596	1.016	899.451
380.505	446.417	80.012	19.973	100.984	19.765	30.137	0.951	899.502
381.005	446.951	80.015	19.974	100.976	19.783	28.908	1.012	899.457
381.505	447.426	80.014	19.973	100.964	19.805	27.402	1.010	899.463
382.004	447.941	80.015	19.973	100.959	19.826	25.933	0.989	899.447
382.505	448.445	80.013	19.974	100.954	19.844	24.780	1.018	899.469
383.005	448.938	80.014	19.973	100.947	19.863	23.534	0.997	899.479
383.505	449.436	80.016	19.973	100.942	19.881	22.418	0.991	899.481
384.005	449.936	80.016	19.974	100.932	19.901	21.165	0.998	899.512
384.504	450.426	80.014	19.973	100.915	19.915	20.403	0.990	899.468
385.004	450.948	80.014	19.973	100.905	19.932	19.337	1.011	899.483
385.505	451.420	80.016	19.975	100.893	19.948	18.295	0.994	899.477
386.005	451.927	80.015	19.974	100.878	19.964	17.177	0.981	899.532
386.504	452.442	80.017	19.974	100.866	19.976	16.376	1.022	899.518
387.005	452.912	80.016	19.974	100.858	19.989	15.456	0.984	899.509
387.505	453.428	80.016	19.973	100.845	20.000	14.691	0.986	899.477
388.005	453.928	80.017	19.974	100.831	20.012	13.880	1.016	899.492
388.505	454.427	80.016	19.974	100.815	20.031	12.554	0.998	899.521
389.005	454.902	80.018	19.972	100.804	20.041	11.858	0.975	899.524
389.505	455.440	80.016	19.975	100.793	20.054	11.025	1.013	899.521
390.005	455.904	80.013	19.974	100.777	20.068	10.098	1.001	899.513
390.505	456.400	80.015	19.974	100.761	20.078	9.408	0.960	899.505
391.005	456.887	80.012	19.975	100.744	20.090	8.599	0.983	899.493
391.505	457.365	80.014	19.975	100.717	20.100	7.851	0.965	899.504
392.005	457.863	80.016	19.974	100.696	20.113	6.879	0.976	899.512
392.505	458.383	80.014	19.974	100.681	20.123	6.123	1.018	899.530
393.005	458.882	80.015	19.974	100.670	20.133	5.309	1.019	899.500
393.505	459.395	80.013	19.975	100.661	20.142	4.697	1.013	899.572
394.005	459.897	80.012	19.975	100.660	20.152	4.005	1.016	899.563
394.505	460.410	80.017	19.975	100.653	20.158	3.558	1.015	899.545
395.005	460.905	80.016	19.975	100.645	20.169	2.795	1.008	899.521
395.505	461.399	80.014	19.975	100.636	20.177	2.309	0.989	899.528
396.005	461.901	80.016	19.974	100.628	20.178	2.289	0.997	899.542
396.504	462.416	80.016	19.974	100.618	20.188	1.523	1.017	899.557
397.005	462.887	80.014	19.974	100.611	20.194	1.045	0.985	899.566
397.505	463.399	80.019	19.974	100.598	20.197	0.876	0.982	899.569
398.005	463.909	80.015	19.973	100.592	20.201	0.672	1.022	899.557
398.505	464.426	80.015	19.973	100.587	20.205	0.373	1.027	899.563
399.005	464.915	80.014	19.973	100.585	20.209	0.189	1.005	899.565
399.505	465.415	80.013	19.974	100.582	20.209	0.177	0.988	899.598
400.005	465.909	80.013	19.973	100.588	20.215	-0.179	0.994	899.561
400.505	466.399	80.014	19.973	100.585	20.218	-0.391	0.985	899.561
401.005	466.919	80.012	19.974	100.581	20.217	-0.361	1.011	899.574
401.505	467.388	80.013	19.973	100.577	20.220	-0.616	0.989	899.591
402.005	467.904	80.012	19.974	100.572	20.221	-0.627	0.984	899.570
402.506	468.414	80.013	19.974	100.565	20.225	-0.925	1.026	899.599
403.005	468.909	80.016	19.975	100.559	20.223	-0.707	1.005	899.585
403.505	469.426	80.015	19.974	100.557	20.224	-0.756	1.012	899.604
404.005	469.918	80.014	19.973	100.556	20.227	-0.887	1.008	899.593
404.505	470.427	80.014	19.974	100.557	20.226	-0.773	1.000	899.616
405.005	470.909	80.013	19.975	100.551	20.226	-0.752	0.992	899.618
405.505	471.443	80.013	19.974	100.546	20.225	-0.609	1.017	899.627
406.004	471.918	80.013	19.974	100.540	20.226	-0.646	1.010	899.598
406.505	472.404	80.014	19.974	100.536	20.226	-0.617	0.961	899.632
407.005	472.915	80.015	19.973	100.530	20.227	-0.603	0.997	899.611
407.505	473.428	80.013	19.974	100.529	20.230	-0.769	1.024	899.596
408.005	473.894	80.016	19.974	100.530	20.229	-0.637	0.978	899.620
408.505	474.410	80.016	19.974	100.535	20.232	-0.771	0.981	899.636
409.005	474.911	80.016	19.974	100.534	20.234	-0.860	1.017	899.633
409.505	475.395	80.015	19.974	100.530	20.231	-0.605	0.986	899.602
410.005	475.922	80.012	19.974	100.530	20.230	-0.552	1.011	899.654
410.505	476.393	80.013	19.975	100.525	20.233	-0.824	0.998	899.616
411.006	476.912	80.013	19.974	100.516	20.234	-0.872	0.989	899.599
411.506	477.416	80.012	19.974	100.511	20.233	-0.854	1.023	899.636
412.005	477.908	80.015	19.976	100.510	20.234	-0.965	0.997	899.665
412.505	478.401	80.015	19.975	100.507	20.232	-0.779	0.985	899.648
413.005	478.893	80.013	19.975	100.508	20.234	-0.879	0.984	899.678
413.506	479.396	80.016	19.976	100.505	20.232	-0.677	0.994	899.671
414.006	479.915	80.016	19.974	100.503	20.234	-0.716	1.022	899.679
414.505	480.381	80.015	19.974	100.496	20.235	-0.744	0.986	899.655
415.004	480.879	80.014	19.974	100.490	20.235	-0.757	0.965	899.649
415.504	481.355	80.013	19.975	100.485	20.237	-0.900	0.974	899.665
416.005	481.874	80.015	19.975	100.480	20.234	-0.579	0.994	899.662
416.505	482.394	80.014	19.975	100.474	20.233	-0.545	1.038	899.700
417.005	482.891	80.013	19.975	100.474	20.234	-0.584	1.018	899.674
417.505	483.390	80.016	19.975	100.478	20.230	-0.290	0.996	899.696
418.005	483.849	80.017	19.974	100.477	20.237	-0.756	0.958	899.671
418.505	484.390	80.014	19.975	100.480	20.233	-0.395	1.001	899.662
419.004	484.890	80.017	19.976	100.484	20.237	-0.691	1.040	899.676
419.505	485.384	80.017	19.975	100.485	20.235	-0.591	0.993	899.695
420.006	485.879	80.014	19.975	100.481	20.235	-0.613	0.989	899.682
420.505	486.376	80.015	19.975	100.479	20.236	-0.665	0.993	899.706
421.005	486.907	80.017	19.975	100.473	20.237	-0.727	1.028	899.695
421.505	487.382	80.018	19.975	100.466	20.239	-0.967	1.006	899.709
422.005	487.900	80.018	19.975	100.461	20.238	-0.888	0.993	899.731
422.505	488.398	80.016	19.974	100.463	20.240	-1.080	1.016	899.717
423.005	488.916	80.017	19.975	100.462	20.240	-1.093	1.017	899.718
423.505	489.393	80.015	19.975	100.461	20.240	-1.001	0.995	899.686
424.005	489.889	80.014	19.974	100.460	20.238	-0.863	0.972	899.713
424.505	490.369	80.015	19.975	100.457	20.241	-1.042	0.975	899.728
425.005	490.866	80.015	19.974	100.454	20.239	-0.927	0.977	899.742
425.506	491.369	80.014	19.975	100.452	20.238	-0.786	1.000	899.763
426.005	491.882	80.015	19.975	100.450	20.239	-0.880	1.017	899.726
426.505	492.395	80.013	19.974	100.452	20.242	-1.146	1.027	899.714
427.005	492.851	80.016	19.976	100.454	20.242	-1.138	0.969	899.724
427.505	493.370	80.014	19.975	100.452	20.243	-1.242	0.975	899.719
428.005	493.854	80.016	19.974	100.454	20.243	-1.300	1.003	899.725
428.505	494.337	80.015	19.975	100.457	20.242	-1.163	0.967	899.710
429.005	494.838	80.014	19.974	100.458	20.245	-1.309	0.984	899.748
429.506	495.369	80.015	19.974	100.458	20.245	-1.264	1.031	899.752
430.006	495.875	80.017	19.976	100.458	20.243	-1.014	1.037	899.735
430.505	496.374	80.013	19.976	100.458	20.244	-1.136	1.005	899.753
431.005	496.899	80.013	19.974	100.455	20.242	-0.978	1.024	899.763
431.505	497.391	80.012	19.973	100.455	20.240	-0.910	1.017	899.721
432.005	497.907	80.012	19.973	100.453	20.240	-0.986	1.008	899.768
432.505	498.342	80.015	19.974	100.452	20.243	-1.338	0.951	899.758
433.005	498.875	80.015	19.974	100.450	20.245	-1.567	0.967	899.744
433.506	499.359	80.013	19.973	100.454	20.242	-1.359	1.017	899.754
434.005	499.874	80.017	19.974	100.455	20.244	-1.383	0.999	899.750
434.505	500.370	80.013	19.974	100.458	20.243	-1.278	1.010	899.771
435.005	500.846	80.013	19.973	100.458	20.244	-1.377	0.972	899.762
435.505	501.376	80.015	19.975	100.458	20.248	-1.610	1.007	899.807
436.005	501.854	80.013	19.974	100.454	20.244	-1.329	1.008	899.785
436.505	502.352	80.012	19.974	100.449	20.242	-1.183	0.976	899.780
437.005	502.848	80.008	19.974	100.444	20.246	-1.509	0.995	899.751
437.505	503.333	80.011	19.974	100.438	20.246	-1.453	0.981	899.790
438.005	503.831	80.015	19.975	100.437	20.244	-1.209	0.983	899.800
438.505	504.370	80.014	19.974	100.445	20.246	-1.362	1.037	899.802
439.005	504.837	80.014	19.973	100.453	20.243	-1.144	1.005	899.828
439.506	505.332	80.015	19.973	100.459	20.244	-1.198	0.962	899.787
440.005	505.844	80.016	19.974	100.469	20.249	-1.575	1.007	899.783
440.505	506.335	80.015	19.973	100.469	20.245	-1.270	1.003	899.801
441.005	506.842	80.015	19.974	100.464	20.248	-1.561	0.999	899.801
441.505	507.322	80.014	19.975	100.458	20.248	-1.576	0.987	899.798
442.005	507.807	80.014	19.974	100.457	20.248	-1.523	0.964	899.789
442.505	508.291	80.014	19.974	100.454	20.247	-1.517	0.968	899.810
443.006	508.817	80.014	19.973	100.454	20.247	-1.497	1.010	899.832
443.506	509.339	80.013	19.973	100.455	20.249	-1.622	1.048	899.816
444.006	509.805	80.014	19.974	100.457	20.252	-1.823	0.988	899.791
444.506	510.356	80.014	19.973	100.456	20.250	-1.675	1.017	899.822
445.005	510.843	80.015	19.974	100.453	20.248	-1.551	1.038	899.825
445.505	511.320	80.015	19.975	100.449	20.249	-1.606	0.964	899.806
446.005	511.818	80.015	19.973	100.447	20.250	-1.668	0.975	899.828
446.506	512.341	80.016	19.974	100.445	20.246	-1.323	1.021	899.891
447.006	512.858	80.015	19.975	100.445	20.249	-1.520	1.040	899.844
447.505	513.345	80.013	19.974	100.448	20.251	-1.750	1.004	899.876
448.005	513.869	80.011	19.974	100.453	20.249	-1.592	1.010	899.893
448.506	514.362	80.014	19.973	100.452	20.252	-1.725	1.016	899.853
449.006	514.853	80.015	19.973	100.451	20.249	-1.491	0.984	899.886
449.505	515.362	80.016	19.974	100.450	20.250	-1.588	1.000	899.863
450.005	515.848	80.016	19.973	100.448	20.251	-1.643	0.995	899.834
450.506	516.348	80.015	19.973	100.450	20.249	-1.491	0.986	899.890
451.006	516.838	80.017	19.974	100.450	20.251	-1.627	0.990	899.893
451.505	517.369	80.018	19.973	100.451	20.251	-1.697	1.021	899.915
452.005	517.836	80.020	19.974	100.449	20.249	-1.568	0.998	899.870
452.505	518.322	80.020	19.975	100.447	20.250	-1.568	0.952	899.886
453.006	518.821	80.016	19.974	100.444	20.251	-1.674	0.985	899.872
453.506	519.355	80.016	19.974	100.446	20.250	-1.559	1.033	899.929
454.006	519.817	80.016	19.974	100.444	20.252	-1.726	0.996	899.903
454.505	520.333	80.016	19.974	100.446	20.254	-1.885	0.979	899.903
455.005	520.857	80.014	19.976	100.446	20.251	-1.724	1.040	899.929
455.505	521.328	80.016	19.975	100.446	20.252	-1.798	0.995	899.916
456.005	521.832	80.015	19.975	100.440	20.253	-1.814	0.975	899.934
456.505	522.340	80.014	19.975	100.440	20.249	-1.524	1.013	899.943
457.005	522.804	80.016	19.974	100.441	20.251	-1.675	0.972	899.897
457.505	523.336	80.015	19.975	100.442	20.253	-1.863	0.996	899.906
458.005	523.843	80.014	19.976	100.441	20.252	-1.675	1.039	899.949
458.505	524.323	80.014	19.976	100.446	20.253	-1.709	0.987	899.892
459.006	524.835	80.014	19.974	100.445	20.254	-1.812	0.992	899.928
459.505	525.330	80.015	19.975	100.442	20.255	-1.840	1.008	899.950
460.005	525.826	80.015	19.974	100.440	20.257	-2.017	0.991	899.963
460.505	526.329	80.014	19.975	100.440	20.253	-1.687	0.998	899.981
461.005	526.830	80.014	19.975	100.439	20.251	-1.603	1.004	899.958
461.505	527.318	80.014	19.975	100.438	20.252	-1.720	0.989	899.952
462.005	527.804	80.015	19.976	100.441	20.255	-1.967	0.973	899.985
462.506	528.325	80.016	19.974	100.445	20.254	-1.908	1.007	899.954
463.006	528.821	80.014	19.975	100.447	20.255	-1.940	1.018	899.997
463.505	529.346	80.012	19.975	100.445	20.252	-1.693	1.021	899.974
464.006	529.804	80.012	19.976	100.445	20.250	-1.582	0.983	899.994
464.506	530.328	80.012	19.975	100.444	20.253	-1.763	0.982	899.964
465.006	530.816	80.015	19.974	100.440	20.253	-1.712	1.011	899.987
465.506	531.340	80.013	19.973	100.434	20.257	-1.972	1.011	900.012
466.006	531.822	80.012	19.974	100.435	20.255	-1.821	1.006	900.014
466.506	532.329	80.013	19.973	100.435	20.256	-1.919	0.990	899.998
467.006	532.814	80.012	19.973	100.433	20.250	-1.488	0.993	900.046
467.506	533.324	80.012	19.974	100.432	20.256	-1.893	0.995	899.998
468.006	533.816	80.014	19.974	100.435	20.251	-1.562	1.002	899.977
468.505	534.318	80.013	19.973	100.437	20.253	-1.722	0.994	899.992
469.005	534.817	80.014	19.974	100.440	20.252	-1.664	1.000	900.033
469.506	535.308	80.016	19.973	100.443	20.255	-1.916	0.990	900.003
470.006	535.837	80.015	19.974	100.444	20.254	-1.825	1.020	900.017
470.505	536.302	80.016	19.973	100.441	20.252	-1.774	0.995	900.001
471.005	536.843	80.014	19.973	100.438	20.254	-1.903	1.005	899.995
471.506	537.316	80.013	19.973	100.438	20.254	-1.927	1.013	900.042
472.006	537.818	80.014	19.973	100.435	20.254	-1.949	0.976	900.048
472.505	538.305	80.012	19.973	100.431	20.257	-2.178	0.990	900.029
473.005	538.824	80.015	19.974	100.431	20.256	-2.116	1.006	900.021
473.505	539.305	80.017	19.974	100.434	20.254	-1.912	1.000	900.051
474.005	539.790	80.015	19.974	100.432	20.253	-1.895	0.965	900.046
474.506	540.287	80.014	19.974	100.433	20.255	-2.002	0.982	900.052
475.006	540.796	80.014	19.974	100.433	20.253	-1.719	1.006	900.055
475.505	541.323	80.015	19.974	100.437	20.255	-1.883	1.036	900.072
476.006	541.826	80.015	19.974	100.437	20.256	-1.953	1.029	900.077
476.506	542.310	80.013	19.974	100.436	20.256	-2.005	0.987	900.082
477.005	542.821	80.014	19.974	100.437	20.255	-1.862	0.996	900.067
477.505	543.309	80.015	19.974	100.442	20.256	-1.862	0.998	900.073
478.006	543.816	80.013	19.973	100.443	20.257	-2.002	0.994	900.057
478.506	544.329	80.013	19.974	100.442	0.000	0.000	1.021	900.111
479.005	544.790	80.015	19.974	100.445	0.000	0.000	0.974	900.090
479.506	545.307	80.016	19.973	100.447	0.000	0.000	0.977	900.104
480.006	545.830	80.014	19.974	100.445	0.000	0.000	1.039	900.115
480.506	546.314	80.014	19.975	100.443	0.000	0.000	1.007	900.136
481.006	546.815	80.013	19.974	100.444	0.000	0.000	0.985	900.085
481.506	547.298	80.014	19.975	100.444	0.000	0.000	0.984	900.134
482.006	547.813	80.012	19.975	100.440	0.000	0.000	0.999	900.092
482.506	548.285	80.015	19.974	100.435	0.000	0.000	0.988	900.097
483.006	548.809	80.015	19.974	100.434	0.000	0.000	0.996	900.109
483.505	549.301	80.012	19.973	100.435	0.000	0.000	1.015	900.129
484.006	549.811	80.013	19.973	100.434	0.000	0.000	1.001	900.112
484.506	550.333	80.014	19.974	100.431	0.000	0.000	1.032	900.130
485.006	550.829	80.010	19.973	100.433	0.000	0.000	1.018	900.124
485.506	551.314	80.009	19.973	100.430	0.000	0.000	0.981	900.171
486.006	551.810	80.010	19.974	100.429	0.000	0.000	0.982	900.145
486.506	552.306	80.011	19.974	100.426	0.000	0.000	0.992	900.144
487.005	552.799	80.013	19.974	100.428	0.000	0.000	0.989	900.117
487.506	553.303	80.011	19.973	100.428	0.000	0.000	0.995	900.130
488.007	553.805	80.013	19.972	100.429	0.000	0.000	1.005	900.143
