File Name:	PMMA_CN_15mm.txt	Version: 8.3.7.3
Date:	06 Aug 2024
Operator:	KH
Test ID:	PMMA_CE_15mm_4mg_60K_R1
Sample ID:	PMMA_CE_15mm_4mg
Sample Mass (mg):	4.0400
Sample Cup Mass (mg):	182.1500
End Total Mass (mg):	0.0000
Heating Rate (C/s):	1.0000
Combuster Temperature (C):	900.0
N2 Flow Rate (cc/min):	80.0
O2 Flow Rate (cc/min):	20.0
Calibration File:	Coeff.txt
T Correction Coefficients:	0.308738730	0.013615500	0.000000000
Time Shift (s):	10.0
Pre-Test Comments:
Post-Test Comments:
Baseline Flow:	100.167
Baseline O2:	20.388
Instrument ID:	2700
@
Time (s)	Temperature (C)	N2 Flow (cc/min)	O2 Flow (cc/min)	Total Flow (cc/min)	Oxygen (%)	HRR (W/g)	Heating Rate (C/s)	Combustor Temp (C)
0.000	74.904	80.057	19.997	100.167	20.341	-5.288	0.012	899.180
0.500	74.884	80.055	19.997	100.166	20.322	-3.950	-0.006	899.156
1.000	74.918	80.052	19.995	100.164	20.298	-2.215	0.014	899.148
1.500	74.914	80.052	19.995	100.190	20.283	-1.162	0.030	899.165
2.000	74.957	80.052	19.993	100.250	20.265	0.117	0.039	899.143
2.500	74.955	80.051	19.997	100.340	20.253	1.011	0.041	899.142
3.000	75.007	80.053	19.996	100.443	20.243	1.836	0.050	899.171
3.500	75.051	80.055	19.997	100.554	20.239	2.120	0.097	899.159
4.000	75.093	80.056	19.997	100.646	20.235	2.441	0.086	899.193
4.500	75.170	80.057	19.995	100.698	20.230	2.773	0.118	899.163
5.000	75.212	80.057	19.997	100.722	20.229	2.246	0.119	899.185
5.500	75.319	80.058	19.997	100.737	20.230	1.061	0.149	899.169
6.000	75.370	80.056	19.997	100.744	20.228	-0.413	0.159	899.193
6.500	75.454	80.057	19.997	100.752	20.227	-2.191	0.136	899.174
7.000	75.556	80.057	19.996	100.760	20.226	-4.274	0.186	899.169
7.500	75.648	80.058	19.997	100.774	20.228	-6.560	0.194	899.143
8.000	75.759	80.057	19.998	100.783	20.228	-8.107	0.203	899.169
8.500	75.913	80.059	19.996	100.790	20.229	-9.117	0.265	899.184
9.000	76.014	80.058	19.997	100.801	20.226	-9.238	0.255	899.161
9.500	76.117	80.057	19.995	100.806	20.226	-9.361	0.204	899.150
10.000	76.293	80.059	19.998	100.803	20.222	-8.641	0.279	899.164
10.500	76.387	80.059	19.996	100.801	20.205	-6.844	0.270	899.171
11.000	76.527	80.058	19.996	100.802	20.185	-4.756	0.234	899.167
11.500	76.711	80.059	19.996	100.797	20.153	-1.642	0.324	899.147
12.000	76.859	80.058	19.998	100.807	20.126	0.995	0.332	899.155
12.500	77.058	80.058	19.996	100.856	20.103	3.335	0.346	899.160
13.000	77.268	80.059	19.997	100.950	20.085	5.242	0.408	899.161
13.501	77.476	80.057	19.997	101.082	20.076	6.372	0.418	899.164
14.001	77.736	80.058	19.997	101.236	20.067	7.507	0.469	899.164
14.500	78.008	80.057	19.997	101.406	20.072	7.434	0.532	899.148
15.000	78.266	80.057	19.997	101.541	20.073	7.735	0.530	899.170
15.500	78.555	80.059	19.996	101.625	20.080	7.551	0.547	899.161
16.000	78.852	80.058	19.999	101.666	20.081	7.809	0.586	899.143
16.500	79.191	80.058	19.996	101.674	20.090	7.506	0.636	899.167
17.001	79.516	80.057	19.997	101.652	20.096	7.433	0.664	899.185
17.501	79.861	80.056	19.999	101.621	20.103	7.428	0.671	899.168
18.000	80.233	80.059	19.998	101.583	20.108	7.553	0.717	899.165
18.500	80.623	80.057	19.997	101.545	20.116	7.402	0.761	899.144
19.000	80.977	80.057	19.998	101.504	20.120	7.568	0.744	899.165
19.500	81.365	80.057	19.998	101.463	20.129	7.312	0.742	899.132
20.000	81.736	80.057	19.997	101.426	20.136	7.165	0.759	899.166
20.500	82.148	80.058	19.996	101.394	20.139	7.223	0.783	899.141
21.000	82.572	80.058	19.997	101.359	20.146	6.953	0.836	899.138
21.500	83.003	80.058	19.995	101.334	20.147	7.025	0.855	899.151
22.000	83.408	80.057	19.995	101.312	20.156	6.428	0.837	899.170
22.500	83.872	80.053	19.997	101.289	20.159	6.363	0.869	899.144
23.000	84.324	80.056	19.996	101.264	20.166	6.030	0.916	899.168
23.500	84.761	80.056	19.994	101.240	20.173	5.611	0.888	899.185
24.000	85.221	80.056	19.996	101.212	20.177	5.411	0.897	899.160
24.500	85.684	80.057	19.997	101.179	20.181	5.259	0.923	899.154
25.000	86.164	80.059	19.998	101.144	20.189	4.900	0.944	899.186
25.500	86.605	80.054	19.997	101.111	20.190	4.941	0.922	899.158
26.000	87.099	80.055	19.997	101.073	20.196	4.668	0.934	899.170
26.500	87.555	80.058	19.997	101.040	20.195	4.963	0.949	899.172
27.000	88.081	80.057	19.997	101.011	20.196	4.991	0.982	899.160
27.500	88.514	80.058	19.996	100.990	20.201	4.759	0.959	899.178
28.001	89.045	80.057	19.997	100.971	20.202	4.795	0.963	899.191
28.501	89.494	80.057	19.997	100.960	20.207	4.440	0.980	899.187
29.000	90.001	80.059	19.996	100.950	20.207	4.501	0.956	899.207
29.500	90.507	80.057	19.996	100.938	20.212	4.324	1.013	899.212
30.000	91.005	80.058	19.997	100.926	20.209	4.596	1.005	899.197
30.500	91.526	80.060	19.997	100.914	20.217	4.137	1.019	899.208
31.000	91.991	80.058	19.997	100.909	20.220	3.980	0.986	899.188
31.500	92.515	80.057	19.996	100.897	20.219	4.161	0.989	899.179
32.000	93.032	80.059	19.996	100.885	20.221	4.158	1.041	899.192
32.500	93.547	80.058	19.997	100.871	20.228	3.696	1.032	899.183
33.000	94.069	80.056	19.996	100.859	20.229	3.751	1.036	899.177
33.500	94.585	80.057	19.996	100.842	20.233	3.503	1.038	899.164
34.000	95.084	80.057	19.997	100.835	20.231	3.799	1.015	899.195
34.500	95.623	80.056	19.996	100.827	20.235	3.587	1.038	899.189
35.000	96.102	80.055	19.996	100.821	20.238	3.340	1.018	899.171
35.501	96.615	80.057	19.997	100.812	20.237	3.486	0.992	899.172
36.000	97.173	80.057	19.998	100.807	20.241	3.293	1.071	899.184
36.500	97.690	80.054	19.995	100.801	20.240	3.403	1.075	899.187
37.001	98.225	80.058	19.996	100.790	20.242	3.231	1.052	899.182
37.500	98.736	80.058	19.998	100.785	20.240	3.482	1.046	899.200
38.000	99.248	80.057	19.997	100.780	20.245	3.215	1.024	899.221
38.500	99.803	80.057	19.998	100.772	20.246	3.211	1.067	899.209
39.000	100.323	80.054	19.997	100.762	20.248	3.149	1.074	899.198
39.500	100.856	80.056	19.996	100.755	20.248	3.218	1.053	899.179
40.000	101.344	80.056	19.996	100.747	20.249	3.220	1.021	899.172
40.500	101.916	80.056	19.996	100.741	20.250	3.131	1.060	899.196
41.000	102.415	80.055	19.996	100.735	20.250	3.233	1.071	899.183
41.500	102.952	80.055	19.997	100.726	20.251	3.179	1.036	899.207
42.001	103.485	80.056	19.997	100.721	20.253	3.152	1.069	899.202
42.501	104.034	80.057	19.996	100.717	20.257	2.886	1.082	899.210
43.001	104.558	80.059	19.996	100.713	20.255	3.054	1.073	899.214
43.500	105.074	80.057	19.997	100.708	20.255	3.222	1.041	899.200
44.000	105.607	80.056	19.997	100.709	20.256	3.106	1.049	899.215
44.500	106.160	80.053	19.996	100.709	20.260	2.755	1.086	899.198
45.000	106.659	80.057	19.995	100.701	20.259	2.808	1.052	899.195
45.500	107.198	80.057	19.998	100.694	20.254	3.122	1.038	899.230
46.001	107.738	80.055	19.997	100.689	20.258	2.835	1.079	899.233
46.500	108.281	80.057	19.997	100.679	20.258	2.802	1.084	899.197
47.000	108.821	80.057	19.997	100.671	20.262	2.551	1.083	899.199
47.501	109.360	80.056	19.997	100.669	20.263	2.524	1.079	899.210
48.001	109.886	80.055	19.995	100.672	20.263	2.541	1.065	899.212
48.501	110.420	80.054	19.997	100.665	20.266	2.441	1.059	899.223
49.001	110.938	80.055	19.996	100.662	20.263	2.758	1.051	899.183
49.501	111.496	80.054	19.996	100.655	20.263	2.835	1.076	899.196
50.001	112.010	80.054	19.995	100.653	20.263	2.888	1.073	899.189
50.501	112.527	80.056	19.997	100.642	20.267	2.668	1.032	899.195
51.001	113.091	80.057	19.994	100.639	20.264	2.960	1.081	899.232
51.501	113.618	80.056	19.997	100.641	20.265	2.995	1.091	899.203
52.000	114.157	80.058	19.996	100.646	20.266	2.893	1.066	899.223
52.501	114.700	80.058	19.998	100.648	20.268	2.702	1.082	899.193
53.001	115.221	80.058	19.998	100.654	20.271	2.447	1.064	899.247
53.501	115.750	80.059	19.996	100.657	20.266	2.785	1.050	899.222
54.001	116.313	80.059	19.997	100.653	20.273	2.223	1.093	899.213
54.501	116.814	80.059	19.997	100.648	20.269	2.495	1.065	899.220
55.001	117.358	80.057	19.996	100.642	20.270	2.435	1.044	899.231
55.501	117.907	80.056	19.995	100.639	20.270	2.550	1.092	899.224
56.001	118.424	80.058	19.996	100.636	20.268	2.713	1.066	899.271
56.501	118.986	80.057	19.997	100.632	20.274	2.348	1.080	899.224
57.001	119.501	80.057	19.997	100.624	20.275	2.361	1.078	899.202
57.501	120.060	80.059	19.997	100.620	20.274	2.433	1.074	899.226
58.000	120.576	80.055	19.998	100.610	20.272	2.560	1.075	899.268
58.500	121.100	80.054	19.997	100.603	20.272	2.569	1.041	899.212
59.000	121.614	80.057	19.998	100.601	20.275	2.370	1.038	899.233
59.500	122.141	80.058	19.997	100.605	20.272	2.616	1.041	899.256
60.000	122.697	80.056	19.997	100.608	20.271	2.673	1.083	899.217
60.500	123.280	80.054	19.998	100.611	20.268	2.934	1.139	899.237
61.000	123.761	80.057	19.997	100.617	20.271	2.762	1.063	899.238
61.501	124.296	80.058	19.997	100.619	20.273	2.638	1.016	899.265
62.001	124.814	80.056	19.998	100.618	20.271	2.770	1.054	899.220
62.500	125.358	80.054	19.997	100.614	20.269	2.973	1.062	899.251
63.001	125.910	80.055	19.997	100.608	20.270	2.939	1.095	899.263
63.501	126.418	80.055	19.998	100.601	20.272	2.700	1.061	899.228
64.000	126.974	80.057	19.998	100.600	20.271	2.792	1.065	899.283
64.500	127.448	80.058	19.997	100.593	20.270	2.910	1.029	899.210
65.001	128.003	80.055	19.996	100.592	20.270	2.972	1.027	899.239
65.502	128.536	80.055	19.997	100.595	20.270	3.046	1.089	899.253
66.001	129.067	80.056	19.999	100.593	20.268	3.236	1.064	899.247
66.501	129.606	80.055	19.998	100.590	20.270	3.128	1.069	899.252
67.001	130.110	80.056	19.996	100.596	20.268	3.318	1.044	899.285
67.501	130.647	80.054	19.998	100.593	20.266	3.414	1.042	899.260
68.001	131.148	80.055	19.997	100.586	20.265	3.457	1.037	899.276
68.501	131.686	80.056	19.996	100.586	20.262	3.621	1.038	899.285
69.001	132.224	80.053	19.998	100.586	20.259	3.835	1.077	899.265
69.500	132.741	80.057	19.998	100.580	20.260	3.841	1.056	899.250
70.001	133.273	80.059	19.997	100.583	20.262	3.643	1.048	899.228
70.501	133.813	80.057	19.996	100.585	20.259	3.821	1.071	899.268
71.001	134.323	80.057	19.998	100.584	20.259	3.841	1.050	899.267
71.501	134.873	80.057	19.997	100.583	20.261	3.660	1.060	899.255
72.001	135.358	80.059	19.998	100.583	20.259	3.800	1.035	899.299
72.501	135.889	80.059	19.996	100.577	20.257	4.031	1.016	899.284
73.001	136.425	80.054	19.996	100.570	20.258	4.054	1.067	899.249
73.501	136.950	80.056	19.996	100.567	20.257	4.180	1.061	899.260
74.001	137.500	80.058	19.996	100.565	20.252	4.649	1.075	899.286
74.501	138.020	80.056	19.997	100.565	20.253	4.609	1.069	899.267
75.001	138.506	80.060	19.998	100.570	20.255	4.455	1.006	899.270
75.501	139.029	80.061	19.998	100.577	20.253	4.592	1.010	899.281
76.001	139.569	80.060	19.998	100.582	20.250	4.885	1.063	899.283
76.501	140.043	80.059	19.996	100.576	20.251	4.906	1.014	899.263
77.001	140.615	80.059	19.996	100.573	20.247	5.163	1.046	899.298
77.501	141.131	80.062	19.996	100.574	20.248	5.204	1.088	899.292
78.001	141.686	80.060	19.997	100.575	20.250	5.143	1.071	899.308
78.501	142.195	80.059	19.996	100.577	20.248	5.397	1.064	899.314
79.001	142.693	80.062	19.998	100.582	20.247	5.529	1.008	899.280
79.501	143.225	80.061	19.996	100.580	20.247	5.403	1.030	899.291
80.001	143.764	80.061	19.997	100.570	20.246	5.421	1.070	899.301
80.501	144.271	80.061	19.998	100.563	20.247	5.366	1.046	899.290
81.002	144.803	80.060	19.997	100.556	20.246	5.315	1.039	899.309
81.502	145.363	80.060	19.997	100.553	20.245	5.299	1.091	899.282
82.002	145.862	80.059	19.996	100.556	20.247	5.151	1.059	899.298
82.502	146.364	80.058	19.998	100.557	20.245	5.360	1.002	899.341
83.001	146.899	80.058	19.998	100.555	20.243	5.528	1.038	899.307
83.501	147.430	80.059	19.997	100.552	20.244	5.404	1.066	899.296
84.001	147.949	80.056	19.998	100.546	20.246	5.277	1.049	899.291
84.501	148.448	80.058	19.997	100.543	20.246	5.211	1.018	899.333
85.001	148.957	80.057	19.997	100.541	20.242	5.504	1.009	899.320
85.501	149.464	80.056	19.999	100.534	20.243	5.358	1.016	899.327
86.001	149.986	80.059	19.998	100.526	20.242	5.446	1.029	899.345
86.501	150.495	80.058	19.999	100.524	20.238	5.769	1.031	899.304
87.001	151.012	80.059	19.997	100.529	20.239	5.784	1.026	899.298
87.501	151.545	80.059	19.998	100.534	20.238	5.860	1.049	899.317
88.001	152.076	80.057	19.996	100.540	20.236	6.059	1.064	899.295
88.501	152.540	80.060	19.998	100.552	20.234	6.257	0.996	899.326
89.001	153.069	80.059	19.997	100.555	20.237	6.050	0.993	899.285
89.501	153.587	80.059	19.996	100.548	20.235	6.239	1.046	899.316
90.001	154.121	80.061	19.997	100.543	20.236	6.155	1.052	899.333
90.501	154.649	80.060	19.997	100.543	20.238	6.005	1.063	899.323
91.001	155.135	80.058	19.996	100.544	20.236	6.152	1.014	899.305
91.501	155.670	80.059	19.998	100.551	20.234	6.257	1.021	899.301
92.001	156.189	80.061	19.998	100.552	20.234	6.294	1.054	899.308
92.501	156.689	80.060	19.997	100.558	20.233	6.373	1.019	899.312
93.001	157.188	80.058	19.996	100.559	20.235	6.188	0.999	899.357
93.501	157.748	80.057	19.997	100.553	20.235	6.219	1.058	899.306
94.001	158.234	80.058	19.998	100.550	20.236	6.209	1.046	899.356
94.501	158.696	80.057	19.997	100.550	20.232	6.546	0.949	899.335
95.001	159.250	80.059	19.997	100.545	20.231	6.661	1.017	899.302
95.501	159.774	80.059	19.998	100.544	20.234	6.356	1.077	899.350
96.001	160.291	80.056	19.997	100.545	20.231	6.578	1.041	899.332
96.501	160.794	80.056	19.996	100.541	20.231	6.661	1.020	899.333
97.001	161.317	80.058	19.997	100.537	20.229	6.810	1.026	899.326
97.501	161.803	80.060	19.999	100.539	20.228	6.865	1.010	899.325
98.001	162.336	80.059	19.997	100.537	20.227	6.952	1.019	899.293
98.501	162.840	80.058	19.995	100.539	20.227	7.024	1.036	899.360
99.002	163.378	80.059	19.997	100.542	20.225	7.227	1.041	899.342
99.502	163.893	80.059	19.998	100.544	20.226	7.075	1.053	899.356
100.001	164.408	80.058	19.997	100.538	20.224	7.216	1.030	899.346
100.501	164.884	80.057	19.997	100.541	20.226	7.054	0.991	899.350
101.001	165.419	80.057	19.997	100.539	20.223	7.213	1.012	899.360
101.501	165.943	80.056	19.997	100.536	20.222	7.276	1.059	899.374
102.002	166.466	80.058	19.997	100.530	20.221	7.401	1.046	899.372
102.502	166.963	80.059	19.998	100.532	20.223	7.283	1.019	899.384
103.002	167.483	80.057	19.997	100.533	20.221	7.421	1.017	899.334
103.502	167.996	80.057	19.996	100.531	20.221	7.505	1.034	899.373
104.001	168.495	80.058	19.997	100.530	20.220	7.708	1.013	899.344
104.501	168.980	80.058	19.996	100.534	20.219	7.763	0.984	899.329
105.001	169.511	80.058	19.997	100.532	20.217	7.948	1.016	899.349
105.501	170.034	80.057	19.996	100.526	20.214	8.220	1.054	899.336
106.001	170.511	80.056	19.996	100.523	20.215	8.182	1.000	899.350
106.501	171.025	80.060	19.997	100.524	20.215	8.170	0.991	899.388
107.002	171.527	80.056	19.997	100.529	20.214	8.274	1.016	899.328
107.501	172.036	80.058	19.995	100.530	20.212	8.403	1.012	899.380
108.001	172.578	80.058	19.997	100.535	20.207	8.781	1.052	899.364
108.501	173.102	80.057	19.997	100.538	20.208	8.773	1.065	899.372
109.001	173.594	80.057	19.997	100.538	20.208	8.793	1.015	899.419
109.502	174.081	80.058	19.997	100.532	20.205	9.074	0.979	899.377
110.002	174.606	80.058	19.997	100.532	20.206	8.989	1.011	899.381
110.502	175.132	80.059	19.998	100.527	20.203	9.231	1.051	899.377
111.002	175.620	80.057	19.997	100.520	20.208	8.894	1.015	899.406
111.501	176.151	80.059	19.996	100.514	20.203	9.222	1.019	899.385
112.001	176.638	80.060	19.996	100.517	20.203	9.253	1.018	899.394
112.501	177.176	80.059	19.997	100.513	20.201	9.315	1.025	899.368
113.001	177.691	80.060	19.998	100.511	20.197	9.638	1.053	899.355
113.502	178.191	80.061	19.996	100.513	20.196	9.709	1.015	899.411
114.001	178.737	80.060	19.998	100.513	20.195	9.734	1.046	899.391
114.501	179.230	80.061	19.996	100.507	20.197	9.622	1.039	899.369
115.002	179.754	80.060	19.996	100.509	20.194	9.783	1.018	899.404
115.501	180.278	80.060	19.995	100.508	20.195	9.796	1.049	899.392
116.002	180.764	80.060	19.995	100.502	20.195	9.817	1.009	899.388
116.502	181.296	80.058	19.997	100.505	20.196	9.796	1.018	899.415
117.001	181.779	80.060	19.996	100.503	20.195	9.904	1.015	899.442
117.502	182.304	80.060	19.996	100.502	20.191	10.193	1.008	899.453
118.002	182.839	80.061	19.997	100.501	20.192	10.156	1.061	899.426
118.501	183.321	80.064	19.996	100.503	20.192	10.171	1.017	899.431
119.001	183.806	80.062	19.997	100.502	20.191	10.209	0.966	899.415
119.501	184.319	80.060	19.997	100.503	20.188	10.471	0.997	899.415
120.002	184.857	80.059	19.996	100.502	20.185	10.762	1.051	899.421
120.502	185.339	80.058	19.996	100.504	20.186	10.764	1.020	899.395
121.001	185.867	80.061	19.995	100.505	20.184	10.995	1.011	899.418
121.501	186.398	80.059	19.995	100.506	20.182	11.129	1.059	899.419
122.002	186.873	80.059	19.996	100.509	20.184	10.930	1.004	899.424
122.503	187.373	80.060	19.996	100.509	20.184	10.897	0.974	899.414
123.002	187.907	80.059	19.994	100.507	20.185	10.767	1.035	899.398
123.502	188.383	80.060	19.995	100.501	20.184	10.877	1.011	899.436
124.001	188.936	80.060	19.995	100.497	20.181	11.085	1.029	899.419
124.501	189.396	80.060	19.997	100.496	20.185	10.822	1.013	899.406
125.002	189.957	80.060	19.997	100.497	20.184	10.908	1.021	899.426
125.501	190.441	80.059	19.996	100.496	20.184	11.012	1.045	899.480
126.001	190.971	80.059	19.996	100.498	20.185	10.900	1.015	899.438
126.501	191.471	80.059	19.996	100.495	20.185	10.793	1.030	899.472
127.001	191.966	80.058	19.996	100.496	20.184	10.852	0.995	899.448
127.501	192.452	80.057	19.996	100.488	20.184	10.922	0.981	899.474
128.002	192.997	80.060	19.996	100.481	20.184	10.891	1.030	899.403
128.502	193.510	80.059	19.996	100.479	20.180	11.219	1.058	899.428
129.002	193.997	80.060	19.996	100.484	20.179	11.297	1.000	899.430
129.502	194.512	80.061	19.995	100.485	20.181	11.262	1.001	899.424
130.002	195.037	80.060	19.995	100.489	20.182	11.248	1.040	899.440
130.502	195.537	80.060	19.997	100.494	20.183	11.270	1.025	899.485
131.003	196.048	80.059	19.995	100.493	20.184	11.232	1.011	899.438
131.502	196.522	80.059	19.996	100.488	20.186	11.098	0.985	899.474
132.002	197.044	80.059	19.996	100.487	20.184	11.254	0.996	899.436
132.502	197.555	80.058	19.996	100.485	20.181	11.351	1.034	899.475
133.001	198.071	80.058	19.996	100.482	20.179	11.481	1.027	899.461
133.502	198.553	80.060	19.995	100.487	20.181	11.241	0.998	899.456
134.002	199.084	80.061	19.994	100.489	20.184	10.895	1.014	899.473
134.501	199.601	80.059	19.996	100.491	20.182	11.053	1.048	899.454
135.001	200.113	80.059	19.996	100.487	20.181	11.213	1.029	899.475
135.502	200.631	80.059	19.996	100.490	20.185	10.974	1.029	899.451
136.002	201.111	80.060	19.997	100.484	20.181	11.369	0.997	899.448
136.502	201.629	80.058	19.997	100.483	20.186	11.079	0.999	899.450
137.001	202.117	80.060	19.997	100.473	20.185	11.110	1.005	899.454
137.502	202.631	80.058	19.995	100.471	20.180	11.472	1.001	899.490
138.003	203.145	80.056	19.996	100.464	20.185	11.073	1.029	899.496
138.502	203.671	80.057	19.996	100.462	20.181	11.339	1.042	899.513
139.001	204.166	80.060	19.997	100.459	20.184	11.028	1.021	899.477
139.502	204.692	80.056	19.995	100.465	20.190	10.565	1.020	899.512
140.003	205.226	80.059	19.997	100.472	20.186	10.893	1.059	899.470
140.503	205.678	80.062	19.996	100.481	20.186	10.891	0.986	899.504
141.002	206.230	80.059	19.996	100.487	20.187	10.928	1.004	899.486
141.502	206.704	80.058	19.997	100.489	20.189	10.809	1.027	899.497
142.002	207.194	80.058	19.997	100.486	20.184	11.110	0.964	899.487
142.502	207.746	80.059	19.997	100.478	20.185	11.061	1.042	899.485
143.002	208.234	80.059	19.996	100.475	20.183	11.111	1.041	899.511
143.502	208.730	80.058	19.995	100.467	20.183	11.147	0.984	899.481
144.002	209.280	80.060	19.997	100.463	20.181	11.246	1.047	899.497
144.501	209.780	80.059	19.997	100.463	20.187	10.783	1.051	899.500
145.001	210.267	80.059	19.997	100.467	20.185	10.927	0.986	899.518
145.502	210.778	80.062	19.997	100.473	20.183	11.100	0.997	899.519
146.002	211.302	80.061	19.998	100.480	20.181	11.306	1.035	899.562
146.502	211.821	80.058	19.997	100.481	20.180	11.389	1.042	899.535
147.002	212.268	80.057	19.996	100.480	20.183	11.126	0.966	899.503
147.503	212.806	80.058	19.997	100.473	20.183	11.191	0.985	899.500
148.002	213.288	80.057	19.997	100.470	20.179	11.546	1.020	899.491
148.502	213.838	80.057	19.998	100.469	20.184	11.178	1.033	899.565
149.001	214.316	80.056	19.996	100.469	20.179	11.490	1.029	899.483
149.501	214.832	80.057	19.996	100.470	20.182	11.233	0.994	899.457
150.002	215.343	80.058	19.997	100.478	20.178	11.636	1.026	899.504
150.502	215.811	80.057	19.996	100.477	20.177	11.751	0.978	899.533
151.002	216.366	80.058	19.999	100.477	20.179	11.570	1.023	899.498
151.502	216.843	80.059	19.997	100.479	20.177	11.754	1.033	899.562
152.002	217.380	80.058	19.996	100.481	20.173	12.018	1.014	899.504
152.502	217.842	80.057	19.997	100.479	20.177	11.744	0.999	899.500
153.002	218.360	80.056	19.998	100.477	20.175	11.824	0.980	899.550
153.502	218.894	80.057	19.999	100.475	20.172	12.078	1.052	899.510
154.002	219.355	80.060	19.998	100.473	20.173	11.994	0.995	899.566
154.502	219.895	80.058	19.997	100.473	20.172	12.097	1.001	899.519
155.002	220.432	80.059	19.996	100.474	20.167	12.541	1.078	899.516
155.502	220.893	80.057	19.998	100.470	20.166	12.698	0.998	899.506
156.002	221.411	80.057	19.997	100.469	20.164	12.788	0.978	899.532
156.502	221.897	80.060	19.997	100.474	20.161	13.018	1.003	899.556
157.002	222.460	80.059	19.997	100.473	20.161	13.072	1.048	899.553
157.503	222.895	80.058	19.996	100.469	20.158	13.331	0.997	899.526
158.003	223.451	80.058	19.997	100.469	20.157	13.447	0.990	899.560
158.503	223.935	80.057	19.998	100.465	20.159	13.335	1.041	899.552
159.002	224.438	80.058	19.997	100.463	20.155	13.765	0.988	899.559
159.502	224.940	80.058	19.997	100.463	20.155	13.731	1.005	899.497
160.003	225.414	80.057	19.997	100.470	20.152	13.939	0.977	899.522
160.502	225.966	80.057	19.996	100.473	20.151	14.022	1.026	899.544
161.002	226.433	80.056	19.997	100.475	20.149	14.196	1.018	899.547
161.503	226.957	80.056	19.998	100.471	20.149	14.104	0.990	899.540
162.003	227.479	80.059	19.997	100.468	20.150	13.999	1.046	899.567
162.503	227.974	80.058	19.997	100.459	20.149	14.075	1.018	899.565
163.002	228.500	80.060	19.997	100.459	20.151	13.922	1.021	899.542
163.502	229.015	80.058	19.997	100.463	20.149	14.055	1.040	899.590
164.003	229.498	80.056	19.998	100.461	20.146	14.326	0.997	899.536
164.503	229.998	80.057	19.997	100.457	20.147	14.320	0.982	899.546
165.003	230.493	80.056	19.998	100.458	20.142	14.650	0.996	899.552
165.502	230.986	80.054	19.997	100.454	20.141	14.728	0.989	899.584
166.002	231.518	80.057	19.997	100.445	20.142	14.684	1.025	899.558
166.503	232.005	80.056	19.998	100.443	20.137	14.954	1.020	899.572
167.002	232.482	80.057	19.997	100.447	20.137	14.975	0.965	899.567
167.502	233.021	80.060	19.997	100.445	20.138	14.987	1.015	899.596
168.003	233.505	80.057	19.997	100.444	20.135	15.237	1.022	899.587
168.503	234.037	80.056	19.997	100.449	20.135	15.180	1.017	899.560
169.002	234.501	80.056	19.996	100.455	20.136	15.148	0.996	899.564
169.502	235.049	80.058	19.999	100.453	20.137	15.112	1.012	899.584
170.002	235.533	80.058	19.997	100.456	20.134	15.357	1.032	899.581
170.503	236.005	80.056	19.996	100.459	20.132	15.496	0.955	899.569
171.003	236.543	80.056	19.996	100.454	20.134	15.412	1.010	899.549
171.502	237.026	80.057	19.996	100.448	20.135	15.383	1.022	899.579
172.003	237.531	80.057	19.998	100.447	20.137	15.266	0.987	899.563
172.503	238.044	80.059	19.997	100.450	20.131	15.732	1.017	899.590
173.002	238.562	80.060	19.997	100.449	20.134	15.475	1.032	899.609
173.502	239.046	80.057	19.998	100.452	20.132	15.657	1.003	899.609
174.002	239.548	80.056	19.996	100.457	20.135	15.420	0.986	899.568
174.502	240.058	80.056	19.996	100.454	20.137	15.343	1.010	899.608
175.003	240.571	80.053	19.997	100.446	20.136	15.427	1.023	899.586
175.503	241.078	80.055	19.996	100.446	20.135	15.477	1.020	899.576
176.003	241.570	80.053	19.996	100.450	20.138	15.297	0.999	899.605
176.503	242.064	80.054	19.996	100.448	20.137	15.368	0.986	899.585
177.002	242.536	80.055	19.996	100.448	20.135	15.501	0.967	899.564
177.502	243.062	80.053	19.996	100.448	20.141	15.044	0.998	899.569
178.003	243.566	80.056	19.997	100.445	20.141	14.996	1.030	899.585
178.502	244.064	80.056	19.996	100.437	20.140	15.095	1.003	899.582
179.002	244.585	80.053	19.997	100.433	20.144	14.756	1.020	899.607
179.503	245.071	80.054	19.997	100.431	20.144	14.690	1.007	899.605
180.003	245.587	80.054	19.997	100.433	20.143	14.775	1.001	899.602
180.503	246.120	80.054	19.998	100.436	20.146	14.585	1.050	899.629
181.002	246.599	80.055	19.998	100.435	20.148	14.479	1.013	899.584
181.502	247.119	80.053	19.997	100.434	20.148	14.434	0.998	899.608
182.003	247.638	80.054	19.998	100.433	20.151	14.164	1.039	899.654
182.503	248.131	80.054	19.996	100.430	20.153	14.111	1.013	899.617
183.002	248.589	80.056	19.997	100.426	20.153	14.009	0.951	899.603
183.503	249.093	80.059	19.998	100.429	20.151	14.190	0.961	899.611
184.003	249.643	80.055	19.996	100.427	20.154	13.964	1.055	899.628
184.502	250.137	80.056	19.996	100.428	20.156	13.822	1.046	899.639
185.002	250.630	80.054	19.997	100.431	20.157	13.793	0.987	899.619
185.503	251.152	80.052	19.996	100.433	20.158	13.673	1.014	899.626
186.003	251.633	80.056	19.996	100.430	20.163	13.346	1.003	899.614
186.503	252.104	80.058	19.997	100.433	20.164	13.205	0.952	899.635
187.003	252.657	80.056	19.996	100.439	20.165	13.108	1.025	899.643
187.502	253.144	80.055	19.997	100.434	20.166	13.002	1.040	899.637
188.002	253.649	80.054	19.996	100.430	20.168	12.829	0.992	899.621
188.502	254.160	80.054	19.996	100.432	20.172	12.532	1.016	899.642
189.003	254.673	80.057	19.998	100.431	20.171	12.519	1.024	899.623
189.502	255.205	80.057	19.997	100.430	20.173	12.434	1.045	899.681
190.002	255.672	80.057	19.997	100.434	20.177	12.089	0.999	899.638
190.503	256.162	80.057	19.998	100.439	20.176	12.160	0.956	899.638
191.003	256.654	80.056	19.996	100.437	20.177	12.133	0.982	899.648
191.503	257.196	80.058	19.997	100.433	20.181	11.810	1.035	899.646
192.003	257.677	80.058	19.997	100.432	20.181	11.787	1.022	899.620
192.503	258.175	80.055	19.996	100.432	20.185	11.444	0.978	899.633
193.003	258.685	80.058	19.996	100.433	20.187	11.333	1.008	899.640
193.503	259.204	80.057	19.997	100.433	20.185	11.481	1.029	899.614
194.003	259.657	80.059	19.994	100.437	20.186	11.431	0.972	899.629
194.503	260.169	80.063	19.996	100.435	20.188	11.343	0.964	899.643
195.003	260.720	80.060	19.996	100.437	20.192	10.975	1.064	899.700
195.503	261.228	80.060	19.996	100.437	20.195	10.787	1.060	899.679
196.002	261.714	80.057	19.997	100.442	20.198	10.505	0.994	899.659
196.502	262.233	80.053	19.997	100.444	20.198	10.526	1.005	899.693
197.002	262.688	80.056	19.996	100.442	20.198	10.460	0.974	899.675
197.502	263.230	80.055	19.997	100.441	20.195	10.674	0.997	899.676
198.002	263.707	80.055	19.997	100.440	20.197	10.586	1.019	899.684
198.502	264.250	80.054	19.997	100.439	20.199	10.372	1.020	899.683
199.003	264.734	80.056	19.997	100.441	20.199	10.342	1.026	899.701
199.503	265.225	80.058	19.996	100.444	20.197	10.470	0.974	899.694
200.003	265.724	80.059	19.997	100.442	20.201	10.206	0.989	899.679
200.503	266.222	80.057	19.997	100.442	20.199	10.308	0.998	899.698
201.003	266.742	80.055	19.997	100.438	20.200	10.265	1.019	899.692
201.503	267.221	80.056	19.997	100.435	20.196	10.731	0.999	899.678
202.003	267.732	80.056	19.997	100.436	20.194	10.927	0.990	899.691
202.502	268.224	80.058	19.996	100.440	20.192	11.135	1.003	899.696
203.002	268.711	80.059	19.997	100.439	20.193	11.050	0.979	899.701
203.502	269.220	80.059	19.996	100.441	20.194	11.026	0.996	899.691
204.003	269.737	80.060	19.997	100.441	20.192	11.128	1.025	899.720
204.503	270.222	80.059	19.997	100.444	20.195	10.882	1.003	899.709
205.003	270.734	80.059	19.997	100.442	20.191	11.108	0.997	899.713
205.503	271.233	80.061	19.998	100.444	20.196	10.706	1.010	899.725
206.003	271.704	80.060	19.997	100.449	20.192	10.994	0.970	899.706
206.503	272.292	80.059	19.998	100.449	20.193	10.975	1.060	899.719
207.003	272.748	80.059	19.998	100.444	20.192	11.104	1.044	899.736
207.502	273.241	80.057	19.997	100.446	20.193	11.131	0.948	899.716
208.003	273.735	80.059	19.998	100.448	20.191	11.310	0.986	899.737
208.503	274.248	80.057	19.998	100.441	20.190	11.432	1.007	899.737
209.003	274.728	80.057	19.998	100.435	20.188	11.580	0.993	899.715
209.503	275.224	80.058	19.998	100.431	20.190	11.399	0.976	899.733
210.003	275.721	80.057	19.996	100.426	20.184	11.797	0.993	899.714
210.503	276.226	80.059	19.997	100.422	20.184	11.841	1.001	899.736
211.003	276.738	80.060	19.997	100.425	20.186	11.692	1.018	899.733
211.503	277.244	80.062	19.997	100.431	20.183	11.911	1.019	899.719
212.003	277.758	80.059	19.997	100.435	20.180	12.144	1.019	899.754
212.503	278.263	80.057	19.997	100.438	20.184	11.870	1.018	899.730
213.004	278.740	80.059	19.996	100.439	20.181	12.096	0.983	899.717
213.503	279.223	80.060	19.997	100.438	20.179	12.215	0.960	899.760
214.003	279.731	80.058	19.997	100.431	20.181	11.982	0.991	899.763
214.503	280.235	80.059	19.999	100.426	20.181	11.952	1.013	899.757
215.002	280.708	80.060	19.996	100.422	20.180	12.019	0.977	899.712
215.503	281.229	80.059	19.997	100.417	20.175	12.408	0.993	899.735
216.003	281.766	80.060	19.997	100.418	20.174	12.541	1.058	899.765
216.503	282.229	80.060	19.997	100.420	20.174	12.536	1.000	899.740
217.002	282.731	80.058	19.996	100.424	20.172	12.759	0.965	899.750
217.503	283.279	80.056	19.997	100.426	20.173	12.735	1.050	899.763
218.003	283.775	80.058	19.997	100.426	20.169	13.060	1.044	899.768
218.503	284.240	80.061	19.997	100.423	20.171	12.921	0.961	899.771
219.003	284.761	80.061	19.997	100.422	20.169	13.148	0.985	899.794
219.503	285.275	80.061	19.997	100.420	20.166	13.376	1.035	899.755
220.003	285.743	80.060	19.998	100.419	20.164	13.672	0.982	899.772
220.503	286.236	80.059	19.998	100.422	20.167	13.436	0.960	899.768
221.003	286.752	80.059	19.998	100.427	20.164	13.688	1.008	899.754
221.503	287.263	80.063	19.997	100.429	20.160	13.999	1.028	899.761
222.003	287.751	80.063	19.997	100.431	20.162	13.713	1.000	899.798
222.503	288.278	80.061	19.998	100.432	20.156	14.214	1.014	899.788
223.004	288.761	80.060	19.996	100.428	20.156	14.176	1.009	899.749
223.503	289.231	80.057	19.997	100.425	20.155	14.226	0.953	899.779
224.003	289.746	80.058	19.998	100.424	20.154	14.327	0.985	899.756
224.503	290.276	80.058	19.996	100.421	20.148	14.795	1.045	899.788
225.004	290.757	80.056	19.996	100.420	20.148	14.795	1.011	899.750
225.503	291.249	80.056	19.997	100.419	20.146	14.897	0.974	899.745
226.003	291.762	80.057	19.996	100.417	20.143	15.129	1.004	899.787
226.503	292.274	80.055	19.995	100.410	20.145	14.906	1.024	899.780
227.003	292.769	80.057	19.995	100.406	20.144	15.051	1.007	899.757
227.503	293.290	80.057	19.996	100.400	20.137	15.563	1.016	899.759
228.003	293.768	80.060	19.997	100.399	20.142	15.260	0.999	899.790
228.503	294.296	80.060	19.996	100.399	20.141	15.467	1.007	899.773
229.003	294.789	80.059	19.997	100.404	20.137	15.815	1.020	899.828
229.504	295.238	80.062	19.995	100.409	20.134	15.982	0.941	899.753
230.003	295.744	80.061	19.997	100.413	20.130	16.304	0.955	899.843
230.503	296.247	80.061	19.995	100.411	20.133	16.060	1.010	899.770
231.003	296.773	80.060	19.996	100.409	20.126	16.669	1.030	899.803
231.503	297.308	80.056	19.995	100.405	20.128	16.450	1.061	899.803
232.003	297.750	80.062	19.995	100.402	20.124	16.784	0.977	899.790
232.503	298.262	80.064	19.995	100.406	20.126	16.698	0.954	899.849
233.003	298.755	80.062	19.996	100.415	20.123	16.941	1.005	899.814
233.503	299.277	80.060	19.996	100.416	20.122	17.068	1.015	899.774
234.003	299.766	80.061	19.996	100.418	20.114	17.675	1.011	899.802
234.504	300.307	80.060	19.996	100.415	20.111	17.885	1.030	899.846
235.003	300.791	80.060	19.995	100.411	20.116	17.414	1.025	899.799
235.503	301.314	80.060	19.996	100.404	20.118	17.266	1.007	899.849
236.003	301.841	80.058	19.995	100.402	20.097	18.809	1.051	899.842
236.503	302.290	80.060	19.997	100.397	20.107	17.932	0.976	899.762
237.003	302.808	80.059	19.997	100.399	20.103	18.254	0.966	899.860
237.504	303.351	80.058	19.998	100.398	20.107	18.002	1.060	899.824
238.004	303.760	80.062	19.994	100.400	20.102	18.318	0.952	899.805
238.504	304.411	80.056	19.998	100.398	20.092	19.135	1.060	899.816
239.004	304.846	80.058	19.997	100.401	20.095	18.905	1.087	899.843
239.503	305.303	80.057	19.996	100.394	20.092	19.163	0.893	899.826
240.003	305.825	80.058	19.997	100.393	20.092	19.168	0.979	899.891
240.503	306.303	80.057	19.995	100.386	20.086	19.580	1.000	899.814
241.003	306.794	80.056	19.994	100.390	20.084	19.812	0.969	899.838
241.503	307.305	80.056	19.995	100.390	20.079	20.143	1.001	899.838
242.004	307.815	80.057	19.997	100.395	20.086	19.607	1.021	899.880
242.504	308.282	80.055	19.996	100.396	20.077	20.250	0.977	899.817
243.004	308.818	80.056	19.996	100.400	20.076	20.337	1.003	899.853
243.503	309.318	80.058	19.996	100.404	20.068	20.919	1.037	899.873
244.003	309.826	80.058	19.997	100.408	20.060	21.422	1.008	899.896
244.503	310.241	80.060	19.995	100.409	20.058	21.531	0.923	899.883
245.003	310.761	80.054	19.995	100.406	20.050	22.031	0.935	899.802
245.503	311.371	80.051	19.998	100.410	20.055	21.702	1.130	899.840
246.003	311.875	80.057	20.000	100.405	20.051	22.008	1.115	900.066
246.503	312.353	80.052	19.999	100.400	20.051	22.030	0.982	899.919
247.004	312.851	80.053	19.999	100.400	20.037	23.097	0.975	899.918
247.503	313.332	80.055	19.998	100.405	20.034	23.341	0.979	899.823
248.003	313.751	80.055	19.997	100.404	20.019	24.539	0.900	899.845
248.503	314.262	80.059	19.998	100.404	20.015	24.915	0.930	899.992
249.003	314.754	80.055	19.997	100.405	20.025	24.116	1.003	899.837
249.504	315.266	80.053	19.997	100.403	20.007	25.479	1.003	899.895
250.004	315.724	80.052	19.995	100.405	20.006	25.540	0.970	899.797
250.504	316.232	80.052	19.997	100.407	19.999	26.059	0.966	899.827
251.004	316.763	80.056	19.997	100.410	19.992	26.645	1.039	899.896
251.504	317.272	80.057	19.997	100.418	19.985	27.175	1.041	899.879
252.003	317.778	80.053	19.997	100.424	19.977	27.777	1.015	899.765
252.503	318.201	80.061	19.993	100.429	19.974	28.009	0.928	899.784
253.004	318.749	80.055	19.997	100.427	19.965	28.651	0.971	899.800
253.503	319.313	80.057	19.998	100.429	19.958	29.283	1.113	899.915
254.003	319.751	80.062	19.997	100.423	19.955	29.437	1.003	899.927
254.504	320.229	80.060	19.996	100.421	19.941	30.465	0.915	899.889
255.004	320.732	80.059	19.997	100.418	19.930	31.272	0.981	899.929
255.504	321.177	80.057	19.993	100.417	19.924	31.745	0.949	899.805
256.004	321.769	80.053	19.997	100.416	19.918	32.207	1.037	899.831
256.504	322.263	80.054	19.996	100.418	19.912	32.647	1.086	899.805
257.003	322.783	80.056	19.999	100.416	19.893	34.129	1.014	899.941
257.504	323.274	80.054	19.998	100.417	19.888	34.460	1.011	899.952
258.004	323.812	80.055	20.000	100.419	19.879	35.206	1.028	900.091
258.504	324.196	80.058	19.996	100.418	19.858	36.840	0.922	900.000
259.004	324.768	80.050	19.996	100.415	19.858	36.923	0.958	899.791
259.503	325.183	80.059	19.996	100.416	19.832	38.864	0.989	899.921
260.003	325.787	80.055	19.995	100.417	19.832	38.888	1.019	899.840
260.503	326.217	80.057	19.996	100.418	19.811	40.399	1.033	899.847
261.004	326.774	80.055	19.998	100.418	19.811	40.396	0.986	899.960
261.504	327.186	80.059	19.995	100.421	19.799	41.253	0.969	899.895
262.003	327.758	80.059	19.996	100.423	19.777	42.905	0.985	899.978
262.503	328.205	80.057	19.994	100.424	19.763	43.930	1.020	899.867
263.003	328.740	80.055	19.996	100.424	19.740	45.614	0.982	899.911
263.503	329.298	80.055	19.995	100.428	19.738	45.839	1.092	899.967
264.004	329.747	80.055	19.995	100.426	19.722	47.119	1.007	899.852
264.504	330.245	80.055	19.997	100.426	19.708	48.270	0.947	899.916
265.004	330.724	80.059	19.995	100.424	19.696	49.216	0.977	899.938
265.504	331.247	80.056	19.995	100.423	19.677	50.710	1.002	899.932
266.003	331.642	80.057	19.993	100.418	19.664	51.833	0.918	899.812
266.503	332.253	80.054	19.995	100.419	19.643	53.376	1.007	899.870
267.004	332.699	80.059	19.995	100.418	19.632	54.207	1.056	900.003
267.504	333.143	80.060	19.992	100.418	19.614	55.519	0.889	899.877
268.004	333.759	80.052	19.996	100.422	19.600	56.593	1.060	899.876
268.504	334.242	80.057	19.997	100.431	19.582	57.858	1.099	900.043
269.003	334.747	80.055	19.995	100.434	19.566	59.026	0.988	899.871
269.504	335.218	80.060	19.996	100.436	19.533	61.562	0.976	900.085
270.004	335.769	80.054	19.998	100.439	19.524	62.314	1.022	899.902
270.503	336.236	80.059	19.998	100.438	19.505	63.772	1.019	900.051
271.003	336.819	80.053	19.998	100.431	19.497	64.373	1.050	899.880
271.504	337.210	80.056	19.994	100.429	19.480	65.690	0.973	899.811
272.003	337.755	80.056	19.996	100.425	19.446	68.320	0.936	899.963
272.504	338.267	80.055	19.999	100.420	19.436	69.108	1.057	899.993
273.004	338.771	80.061	20.000	100.415	19.417	70.546	1.016	900.123
273.504	339.187	80.059	19.994	100.414	19.388	72.706	0.920	899.937
274.004	339.732	80.057	19.996	100.414	19.370	74.096	0.962	899.924
274.504	340.271	80.057	19.998	100.419	19.347	75.859	1.084	899.975
275.004	340.743	80.058	19.996	100.423	19.335	76.762	1.010	899.971
275.504	341.248	80.060	19.997	100.425	19.309	78.720	0.976	899.945
276.004	341.736	80.062	19.996	100.431	19.284	80.609	0.993	899.970
276.504	342.207	80.062	19.996	100.435	19.262	82.234	0.959	899.935
277.004	342.728	80.059	19.996	100.432	19.233	84.507	0.993	899.914
277.504	343.247	80.058	19.998	100.429	19.214	86.003	1.040	899.950
278.004	343.739	80.060	19.996	100.429	19.196	87.370	1.011	899.931
278.504	344.237	80.061	19.996	100.427	19.167	89.599	0.991	899.964
279.004	344.674	80.059	19.993	100.424	19.158	90.286	0.934	899.927
279.504	345.223	80.064	19.998	100.426	19.126	92.703	0.985	900.159
280.004	345.774	80.062	19.998	100.426	19.107	94.195	1.101	900.058
280.504	346.249	80.057	19.997	100.426	19.083	95.945	1.027	900.062
281.003	346.653	80.062	19.993	100.425	19.050	98.452	0.879	899.827
281.503	347.194	80.057	19.995	100.427	19.030	99.996	0.945	899.860
282.003	347.662	80.061	19.997	100.429	19.007	101.783	1.008	900.057
282.504	348.242	80.054	19.997	100.431	18.976	104.155	1.047	899.945
283.004	348.796	80.050	19.998	100.431	18.947	106.349	1.134	899.951
283.504	349.258	80.053	19.997	100.430	18.935	107.355	1.016	900.020
284.004	349.721	80.057	19.995	100.432	18.906	109.575	0.925	900.000
284.504	350.279	80.054	19.998	100.432	18.884	111.271	1.020	900.029
285.004	350.637	80.058	19.992	100.429	18.859	113.212	0.915	899.828
285.504	351.248	80.057	19.997	100.426	18.832	115.325	0.970	899.961
286.003	351.715	80.058	19.995	100.429	18.807	117.231	1.079	899.972
286.503	352.156	80.062	19.994	100.425	18.787	118.675	0.908	899.963
287.004	352.692	80.063	19.996	100.426	18.753	121.264	0.977	900.088
287.504	353.103	80.063	19.993	100.428	18.733	122.724	0.947	900.006
288.003	353.640	80.061	19.994	100.431	18.713	124.297	0.948	899.954
288.504	354.196	80.059	19.996	100.429	18.679	126.818	1.093	900.066
289.004	354.705	80.057	19.995	100.427	18.646	129.289	1.065	899.892
289.504	355.250	80.057	19.998	100.427	18.633	130.321	1.054	900.041
290.004	355.691	80.054	19.996	100.427	18.603	132.613	0.985	899.951
290.505	356.271	80.057	19.998	100.425	18.570	135.085	1.020	900.041
291.005	356.702	80.063	19.998	100.422	18.553	136.410	1.012	900.142
291.504	357.180	80.061	19.995	100.421	18.520	138.914	0.909	900.050
292.004	357.773	80.060	20.000	100.415	18.493	140.970	1.070	900.071
292.504	358.214	80.065	19.999	100.412	18.473	142.557	1.035	900.180
293.004	358.644	80.065	19.998	100.412	18.438	145.163	0.872	900.203
293.504	359.142	80.060	19.995	100.414	18.425	146.126	0.927	900.043
294.004	359.672	80.056	19.995	100.417	18.390	148.729	1.028	900.029
294.504	360.198	80.057	19.997	100.420	18.367	150.445	1.056	900.071
295.004	360.751	80.056	19.998	100.421	18.340	152.476	1.078	900.102
295.504	361.331	80.051	20.002	100.418	18.318	154.114	1.133	900.185
296.005	361.675	80.058	19.997	100.422	18.295	155.866	0.925	900.073
296.504	362.255	80.054	20.000	100.423	18.265	158.190	0.925	900.072
297.004	362.647	80.060	19.996	100.423	18.251	159.272	0.972	900.051
297.504	363.163	80.061	19.997	100.422	18.222	161.432	0.908	900.059
298.003	363.722	80.056	19.999	100.424	18.199	163.154	1.076	900.023
298.504	364.159	80.059	19.997	100.420	18.171	165.272	0.995	900.061
299.004	364.730	80.059	20.001	100.417	18.144	167.224	1.007	900.264
299.505	365.252	80.052	19.999	100.417	18.121	168.959	1.093	900.051
300.004	365.684	80.057	19.997	100.419	18.091	171.182	0.955	900.093
300.504	366.048	80.063	19.993	100.420	18.065	173.286	0.796	900.087
301.004	366.657	80.055	19.996	100.422	18.044	174.924	0.973	900.037
301.504	367.151	80.059	19.996	100.426	18.022	176.590	1.103	900.175
302.004	367.611	80.058	19.998	100.426	18.001	178.234	0.954	900.156
302.504	368.069	80.058	19.996	100.430	17.979	179.875	0.918	900.076
303.004	368.596	80.063	19.997	100.433	17.955	181.755	0.983	900.195
303.505	369.089	80.059	19.996	100.431	17.919	184.334	1.019	900.037
304.005	369.611	80.060	19.998	100.426	17.906	185.227	1.015	900.115
304.505	370.128	80.061	19.997	100.426	17.879	187.207	1.041	900.117
305.004	370.589	80.061	19.996	100.427	17.871	187.767	0.979	900.144
305.504	371.102	80.063	19.997	100.430	17.846	189.590	0.974	900.167
306.004	371.632	80.059	19.999	100.434	17.831	190.660	1.042	900.159
306.505	372.108	80.064	19.998	100.440	17.813	191.905	1.005	900.217
307.004	372.629	80.058	19.998	100.442	17.798	192.991	0.997	900.123
307.505	373.077	80.060	19.997	100.440	17.781	194.180	0.970	900.143
308.004	373.589	80.059	19.997	100.430	17.763	195.335	0.961	900.187
308.504	374.097	80.059	19.997	100.426	17.738	197.063	1.020	900.144
309.004	374.609	80.057	19.997	100.422	17.706	199.408	1.018	900.114
309.505	375.088	80.059	19.997	100.423	17.669	202.288	0.991	900.136
310.004	375.584	80.059	19.997	100.423	17.641	204.471	0.976	900.156
310.504	376.091	80.058	19.996	100.427	17.622	205.976	1.003	900.130
311.004	376.580	80.059	19.996	100.435	17.606	207.027	0.996	900.129
311.504	377.063	80.059	19.996	100.444	17.587	208.268	0.972	900.132
312.004	377.542	80.060	19.996	100.448	17.567	209.647	0.962	900.118
312.504	378.065	80.059	19.996	100.449	17.540	211.337	1.002	900.139
313.004	378.575	80.058	19.997	100.455	17.502	213.819	1.033	900.147
313.505	379.024	80.061	19.995	100.462	17.466	216.363	0.958	900.118
314.005	379.526	80.059	19.995	100.467	17.427	219.182	0.951	900.039
314.505	380.037	80.061	19.996	100.475	17.404	220.817	1.013	900.124
315.005	380.531	80.057	19.995	100.490	17.405	220.841	1.006	900.003
315.505	381.091	80.057	19.998	100.504	17.411	220.330	1.054	900.147
316.004	381.547	80.057	19.996	100.514	17.398	221.007	1.016	900.134
316.505	382.052	80.059	19.997	100.521	17.337	225.401	0.961	900.187
317.005	382.541	80.056	19.998	100.513	17.260	231.376	0.995	900.173
317.504	383.034	80.056	19.998	100.498	17.188	236.764	0.982	900.216
318.005	383.575	80.055	19.996	100.490	17.125	241.448	1.033	900.171
318.505	384.014	80.054	19.996	100.505	17.077	245.211	0.981	900.180
319.004	384.499	80.054	19.996	100.523	17.015	250.119	0.925	900.152
319.504	385.022	80.055	19.996	100.554	16.938	256.101	1.007	900.175
320.004	385.507	80.054	19.997	100.592	16.861	261.989	1.007	900.172
320.504	386.039	80.053	19.997	100.614	16.814	265.664	1.017	900.203
321.004	386.520	80.053	19.997	100.611	16.791	267.511	1.013	900.187
321.505	386.991	80.054	19.997	100.622	16.776	268.512	0.951	900.185
322.005	387.551	80.054	19.997	100.629	16.761	269.258	1.031	900.225
322.505	388.010	80.053	19.997	100.622	16.737	270.669	1.020	900.218
323.004	388.505	80.056	19.996	100.631	16.674	275.083	0.954	900.251
323.505	389.029	80.055	19.996	100.660	16.589	281.341	1.018	900.217
324.006	389.496	80.054	19.996	100.665	16.508	287.459	0.992	900.209
324.505	389.982	80.057	19.997	100.659	16.450	291.946	0.953	900.232
325.005	390.510	80.057	19.997	100.668	16.398	296.354	1.014	900.234
325.504	391.000	80.059	19.997	100.668	16.348	300.615	1.019	900.244
326.004	391.491	80.058	19.998	100.640	16.279	306.060	0.981	900.214
326.504	391.957	80.058	19.997	100.620	16.211	311.358	0.957	900.201
327.004	392.477	80.057	19.997	100.617	16.131	317.479	0.987	900.221
327.504	392.966	80.056	19.997	100.605	16.046	324.008	1.010	900.206
328.004	393.480	80.056	19.997	100.594	15.965	330.264	1.002	900.250
328.504	393.970	80.058	19.997	100.593	15.908	334.653	1.003	900.241
329.004	394.470	80.057	19.995	100.603	15.862	338.484	0.990	900.269
329.505	394.972	80.057	19.997	100.640	15.807	342.763	1.001	900.259
330.005	395.445	80.058	19.996	100.682	15.754	346.798	0.974	900.247
330.505	395.956	80.057	19.996	100.715	15.709	350.224	0.984	900.253
331.004	396.443	80.056	19.998	100.734	15.668	353.306	0.999	900.233
331.504	396.967	80.058	19.997	100.716	15.625	356.568	1.012	900.254
332.004	397.457	80.057	19.996	100.672	15.565	361.072	1.014	900.262
332.504	397.925	80.059	19.996	100.621	15.504	365.732	0.958	900.277
333.004	398.448	80.057	19.996	100.579	15.442	370.501	0.990	900.216
333.505	398.971	80.054	19.996	100.567	15.398	374.025	1.045	900.252
334.005	399.448	80.057	19.996	100.562	15.358	377.094	0.999	900.238
334.505	399.948	80.056	19.995	100.549	15.341	378.568	0.977	900.271
335.005	400.430	80.055	19.995	100.543	15.326	379.626	0.983	900.277
335.505	400.951	80.056	19.996	100.523	15.312	380.566	1.003	900.262
336.005	401.446	80.057	19.995	100.487	15.290	382.091	1.015	900.296
336.505	401.912	80.057	19.996	100.462	15.271	383.285	0.961	900.272
337.005	402.423	80.056	19.996	100.455	15.249	384.625	0.978	900.255
337.504	402.941	80.056	19.996	100.445	15.219	386.657	1.029	900.293
338.004	403.424	80.057	19.997	100.449	15.195	388.450	1.000	900.292
338.505	403.928	80.056	19.995	100.445	15.170	390.375	0.986	900.246
339.005	404.424	80.055	19.997	100.446	15.153	391.729	1.000	900.234
339.505	404.958	80.056	19.998	100.435	15.140	392.800	1.031	900.300
340.005	405.433	80.056	19.996	100.422	15.130	393.687	1.010	900.320
340.504	405.971	80.057	19.996	100.406	15.112	395.108	1.013	900.295
341.005	406.453	80.057	19.998	100.390	15.091	396.727	1.019	900.277
341.505	406.947	80.057	19.996	100.371	15.071	398.310	0.976	900.310
342.005	407.480	80.058	19.998	100.359	15.056	399.513	1.027	900.306
342.505	407.975	80.056	19.997	100.364	15.038	401.036	1.029	900.278
343.004	408.474	80.056	19.997	100.381	15.023	402.315	0.994	900.313
343.504	408.990	80.058	19.997	100.403	15.016	403.064	1.015	900.346
344.005	409.476	80.057	19.995	100.427	15.023	402.799	1.002	900.332
344.505	409.976	80.059	19.996	100.455	15.035	402.125	0.986	900.322
345.005	410.502	80.060	19.997	100.459	15.054	400.899	1.027	900.354
345.504	411.012	80.058	19.996	100.457	15.077	399.331	1.036	900.345
346.005	411.518	80.059	19.997	100.453	15.101	397.497	1.015	900.346
346.505	412.011	80.061	19.997	100.441	15.131	395.295	0.999	900.319
347.005	412.490	80.059	19.995	100.424	15.165	392.748	0.973	900.365
347.504	413.042	80.058	19.997	100.415	15.209	389.486	1.030	900.347
348.005	413.554	80.056	19.996	100.404	15.252	386.337	1.063	900.350
348.505	414.031	80.057	19.997	100.399	15.303	382.601	0.989	900.332
349.005	414.546	80.057	19.996	100.395	15.355	378.777	0.992	900.356
349.505	415.032	80.053	19.996	100.384	15.415	374.413	1.001	900.364
350.005	415.581	80.054	19.996	100.365	15.479	369.665	1.035	900.344
350.505	416.056	80.055	19.997	100.345	15.546	364.592	1.025	900.361
351.005	416.573	80.055	19.996	100.321	15.619	359.055	0.993	900.361
351.504	417.086	80.056	19.996	100.297	15.694	353.277	1.030	900.376
352.005	417.586	80.057	19.998	100.275	15.775	347.065	1.012	900.360
352.505	418.113	80.058	19.997	100.262	15.855	340.805	1.027	900.398
353.004	418.611	80.057	19.996	100.253	15.943	333.982	1.025	900.369
353.505	419.098	80.056	19.997	100.256	16.035	326.712	0.984	900.385
354.005	419.633	80.057	19.996	100.261	16.126	319.570	1.023	900.410
354.505	420.106	80.058	19.996	100.269	16.225	311.895	1.009	900.408
355.005	420.638	80.054	19.996	100.265	16.324	304.186	1.004	900.399
355.505	421.157	80.055	19.994	100.259	16.417	296.982	1.050	900.397
356.006	421.687	80.055	19.995	100.247	16.521	288.903	1.048	900.417
356.506	422.174	80.055	19.995	100.239	16.623	281.063	1.017	900.397
357.006	422.680	80.059	19.996	100.235	16.725	273.176	0.994	900.416
357.505	423.207	80.057	19.997	100.244	16.828	265.094	1.034	900.384
358.005	423.721	80.058	19.996	100.253	16.934	256.871	1.040	900.409
358.506	424.199	80.056	19.996	100.264	17.034	249.052	0.993	900.378
359.005	424.690	80.057	19.997	100.276	17.137	240.912	0.970	900.421
359.505	425.194	80.059	19.997	100.297	17.243	232.582	0.995	900.414
360.005	425.719	80.057	19.996	100.323	17.347	224.348	1.028	900.415
360.506	426.290	80.056	19.995	100.354	17.446	216.452	1.095	900.381
361.006	426.743	80.059	19.996	100.388	17.547	208.361	1.025	900.429
361.505	427.255	80.057	19.996	100.420	17.648	200.268	0.966	900.413
362.004	427.768	80.054	19.997	100.445	17.741	192.795	1.025	900.423
362.505	428.281	80.057	19.996	100.466	17.836	185.360	1.026	900.395
363.005	428.791	80.058	19.996	100.486	17.934	177.569	1.023	900.442
363.505	429.308	80.057	19.997	100.502	18.024	170.425	1.025	900.432
364.005	429.806	80.056	19.996	100.521	18.113	163.450	1.015	900.433
364.505	430.332	80.055	19.996	100.545	18.201	156.492	1.024	900.432
365.006	430.807	80.058	19.997	100.569	18.289	149.600	1.000	900.440
365.506	431.317	80.055	19.996	100.592	18.371	143.162	0.986	900.447
366.005	431.840	80.055	19.997	100.615	18.451	136.969	1.033	900.437
366.505	432.343	80.057	19.997	100.644	18.530	130.969	1.026	900.426
367.006	432.823	80.056	19.997	100.677	18.608	125.037	0.982	900.455
367.506	433.344	80.057	19.998	100.707	18.681	119.471	1.000	900.440
368.006	433.839	80.061	19.997	100.745	18.752	114.051	1.018	900.445
368.505	434.344	80.060	19.997	100.784	18.819	108.974	1.001	900.454
369.006	434.831	80.058	19.998	100.815	18.890	103.607	0.991	900.442
369.506	435.362	80.056	19.997	100.840	18.951	98.874	1.018	900.460
370.005	435.901	80.058	19.997	100.862	19.015	93.927	1.070	900.459
370.505	436.370	80.059	19.998	100.883	19.076	89.320	1.009	900.451
371.005	436.889	80.056	19.997	100.905	19.133	84.971	0.990	900.479
371.505	437.399	80.056	19.996	100.924	19.182	81.222	1.028	900.471
372.005	437.875	80.058	19.996	100.940	19.236	77.211	0.984	900.469
372.506	438.376	80.055	19.996	100.959	19.286	73.507	0.977	900.488
373.005	438.872	80.057	19.997	100.967	19.336	69.748	0.999	900.469
373.505	439.377	80.059	19.996	100.968	19.384	66.197	1.002	900.491
374.005	439.898	80.057	19.996	100.965	19.430	62.870	1.026	900.462
374.505	440.390	80.057	19.996	100.964	19.470	60.063	1.012	900.509
375.005	440.895	80.058	19.995	100.959	19.516	56.635	0.996	900.514
375.506	441.427	80.055	19.996	100.959	19.554	53.847	1.037	900.513
376.005	441.903	80.057	19.997	100.955	19.591	51.224	1.009	900.487
376.506	442.393	80.056	19.996	100.957	19.624	48.868	0.966	900.501
377.006	442.898	80.056	19.997	100.959	19.659	46.372	0.995	900.500
377.505	443.399	80.058	19.996	100.958	19.690	44.164	1.007	900.531
378.005	443.913	80.059	19.996	100.956	19.725	41.648	1.015	900.472
378.505	444.411	80.058	19.997	100.960	19.757	39.458	1.011	900.501
379.005	444.939	80.058	19.996	100.955	19.783	37.594	1.025	900.501
379.506	445.436	80.058	19.997	100.943	19.808	35.871	1.024	900.543
380.006	445.923	80.057	19.997	100.932	19.837	33.842	0.984	900.529
380.506	446.437	80.059	19.997	100.923	19.864	31.971	1.003	900.543
381.005	446.917	80.058	19.997	100.911	19.883	30.711	0.994	900.521
381.505	447.420	80.058	19.998	100.898	19.905	29.276	0.983	900.520
382.006	447.896	80.057	19.999	100.885	19.928	27.795	0.979	900.523
382.506	448.417	80.058	19.998	100.875	19.950	26.319	0.997	900.531
383.005	448.914	80.058	19.997	100.860	19.968	25.177	1.019	900.526
383.505	449.393	80.058	19.997	100.844	19.989	23.747	0.976	900.552
384.005	449.902	80.061	19.998	100.835	20.005	22.730	0.988	900.569
384.505	450.409	80.061	19.998	100.825	20.017	22.030	1.016	900.604
385.005	450.908	80.060	19.997	100.808	20.036	20.754	1.005	900.532
385.505	451.391	80.058	19.998	100.794	20.050	19.869	0.982	900.552
386.005	451.908	80.060	19.997	100.780	20.068	18.733	1.001	900.575
386.505	452.396	80.060	19.997	100.765	20.081	17.906	1.005	900.515
387.005	452.897	80.060	19.998	100.752	20.092	17.242	0.990	900.571
387.505	453.397	80.059	19.998	100.739	20.104	16.481	1.000	900.561
388.006	453.876	80.061	19.998	100.723	20.119	15.520	0.977	900.581
388.506	454.422	80.060	19.997	100.710	20.130	14.759	1.026	900.561
389.005	454.882	80.058	19.997	100.690	20.140	14.004	1.007	900.586
389.505	455.365	80.062	19.997	100.669	20.151	13.286	0.942	900.591
390.005	455.876	80.061	19.996	100.656	20.162	12.541	0.994	900.597
390.506	456.392	80.059	19.997	100.644	20.173	11.770	1.027	900.603
391.006	456.880	80.059	19.997	100.627	20.181	11.327	1.004	900.575
391.505	457.387	80.057	19.997	100.615	20.193	10.517	0.996	900.597
392.005	457.879	80.059	19.997	100.601	20.199	10.123	0.999	900.607
392.505	458.377	80.059	19.998	100.585	20.208	9.477	0.989	900.590
393.005	458.856	80.058	19.998	100.569	20.217	8.885	0.977	900.590
393.505	459.386	80.057	19.998	100.556	20.229	7.987	1.009	900.594
394.006	459.857	80.056	19.997	100.542	20.236	7.459	1.000	900.625
394.506	460.375	80.056	19.997	100.533	20.244	6.885	0.990	900.618
395.005	460.889	80.058	19.996	100.519	20.253	6.266	1.033	900.625
395.505	461.350	80.059	19.997	100.509	20.260	5.796	0.974	900.605
396.005	461.873	80.058	19.995	100.504	20.267	5.321	0.983	900.581
396.506	462.371	80.059	19.996	100.502	20.275	4.754	1.020	900.604
397.006	462.854	80.059	19.996	100.496	20.282	4.245	0.980	900.606
397.507	463.364	80.061	19.995	100.491	20.290	3.735	0.994	900.638
398.006	463.899	80.061	19.997	100.480	20.297	3.213	1.047	900.626
398.505	464.365	80.060	19.996	100.470	20.306	2.524	1.001	900.606
399.006	464.843	80.059	19.996	100.458	20.311	2.219	0.942	900.622
399.507	465.362	80.058	19.996	100.454	20.316	1.819	0.997	900.621
400.006	465.883	80.058	19.995	100.454	20.319	1.582	1.042	900.637
400.505	466.378	80.061	19.997	100.453	20.324	1.084	1.016	900.631
401.006	466.878	80.063	19.998	100.450	20.330	0.666	0.994	900.629
401.506	467.381	80.059	19.997	100.449	20.332	0.527	1.003	900.614
402.006	467.868	80.059	19.997	100.445	20.334	0.395	0.990	900.661
402.506	468.381	80.058	19.998	100.437	20.336	0.283	1.000	900.686
403.006	468.868	80.060	19.997	100.434	20.339	0.168	1.000	900.657
403.506	469.408	80.058	19.998	100.431	20.339	0.229	1.028	900.666
404.006	469.874	80.058	19.998	100.430	20.340	0.248	1.007	900.686
404.505	470.381	80.059	19.997	100.426	20.343	0.036	0.972	900.633
405.006	470.873	80.058	19.997	100.419	20.343	0.142	0.998	900.627
405.506	471.395	80.059	19.995	100.417	20.343	0.222	1.014	900.678
406.006	471.882	80.062	19.996	100.415	20.343	0.289	1.008	900.676
406.506	472.376	80.061	19.997	100.411	20.343	0.315	0.982	900.637
407.006	472.872	80.061	19.996	100.413	20.345	0.192	0.991	900.684
407.506	473.372	80.059	19.997	100.422	20.349	-0.049	0.996	900.665
408.006	473.855	80.060	19.996	100.425	20.347	0.139	0.983	900.669
408.506	474.388	80.059	19.996	100.422	20.349	0.050	1.015	900.694
409.006	474.868	80.056	19.997	100.419	20.351	-0.168	1.012	900.671
409.507	475.376	80.056	19.997	100.416	20.352	-0.230	0.989	900.673
410.006	475.875	80.058	19.997	100.410	20.350	-0.048	1.008	900.703
410.505	476.381	80.055	19.997	100.405	20.354	-0.343	1.004	900.676
411.006	476.881	80.058	19.996	100.402	20.355	-0.428	1.005	900.634
411.506	477.374	80.061	19.997	100.397	20.354	-0.331	0.994	900.673
412.006	477.890	80.057	19.998	100.387	20.355	-0.282	1.009	900.670
412.506	478.344	80.059	19.996	100.382	20.353	0.002	0.969	900.663
413.006	478.873	80.058	19.996	100.377	20.356	-0.179	0.983	900.663
413.507	479.380	80.057	19.996	100.374	20.354	0.147	1.037	900.738
414.006	479.892	80.057	19.996	100.371	20.355	0.121	1.021	900.690
414.505	480.348	80.056	19.996	100.372	20.356	0.154	0.968	900.701
415.006	480.849	80.057	19.997	100.366	20.357	0.140	0.956	900.654
415.506	481.394	80.058	19.996	100.361	20.357	0.155	1.046	900.703
416.005	481.884	80.058	19.997	100.363	20.352	0.535	1.036	900.698
416.506	482.387	80.059	19.997	100.365	20.356	0.205	0.992	900.670
417.006	482.856	80.060	19.997	100.364	20.357	0.033	0.973	900.698
417.505	483.391	80.061	19.998	100.364	20.357	0.136	1.004	900.692
418.006	483.867	80.061	19.998	100.365	20.357	0.101	1.010	900.705
418.506	484.365	80.059	19.997	100.363	20.359	-0.082	0.974	900.688
419.006	484.855	80.059	19.998	100.356	20.357	-0.009	0.987	900.693
419.506	485.354	80.060	19.998	100.350	20.355	0.266	0.990	900.694
420.006	485.883	80.058	19.997	100.345	20.356	0.213	1.029	900.709
420.506	486.389	80.058	19.998	100.336	20.354	0.276	1.034	900.720
421.006	486.895	80.059	19.998	100.325	20.356	0.132	1.011	900.720
421.506	487.395	80.057	19.997	100.318	20.356	0.227	1.006	900.738
422.006	487.868	80.059	19.998	100.314	20.356	0.351	0.974	900.708
422.506	488.401	80.060	19.997	100.310	20.358	0.244	1.007	900.734
423.006	488.877	80.059	19.997	100.310	20.360	-0.013	1.009	900.726
423.506	489.364	80.059	19.997	100.312	20.355	0.410	0.963	900.736
424.006	489.918	80.058	19.997	100.316	20.358	0.220	1.041	900.699
424.505	490.401	80.060	19.997	100.322	20.356	0.365	1.037	900.741
425.006	490.886	80.061	19.996	100.317	20.358	0.288	0.967	900.749
425.506	491.386	80.060	19.997	100.314	20.357	0.358	0.984	900.720
426.006	491.891	80.061	19.997	100.319	20.358	0.336	1.005	900.708
426.506	492.387	80.062	19.997	100.320	20.357	0.343	1.002	900.751
427.006	492.892	80.060	19.997	100.313	20.356	0.435	1.001	900.709
427.506	493.383	80.061	19.997	100.318	20.353	0.535	0.995	900.747
428.006	493.838	80.060	19.996	100.322	20.354	0.367	0.946	900.739
428.507	494.339	80.061	19.997	100.314	20.357	0.220	0.955	900.750
429.007	494.893	80.060	19.996	100.307	20.353	0.497	1.055	900.736
429.506	495.355	80.060	19.996	100.303	20.358	0.167	1.017	900.740
430.006	495.882	80.061	19.997	100.303	20.353	0.503	0.989	900.729
430.506	496.356	80.059	19.997	100.303	20.354	0.416	1.001	900.764
431.006	496.852	80.058	19.996	100.304	20.352	0.538	0.970	900.752
431.506	497.374	80.059	19.997	100.304	20.356	0.190	1.018	900.751
432.006	497.858	80.058	19.997	100.304	20.357	0.039	1.007	900.747
432.506	498.352	80.058	19.998	100.298	20.358	-0.040	0.978	900.762
433.006	498.857	80.059	19.996	100.293	20.357	0.082	0.998	900.716
433.507	499.359	80.059	19.996	100.294	20.359	0.100	1.006	900.752
434.006	499.859	80.060	19.996	100.298	20.359	0.221	1.002	900.765
434.506	500.332	80.062	19.996	100.303	20.362	0.041	0.973	900.736
435.006	500.841	80.059	19.996	100.311	20.362	0.165	0.982	900.766
435.506	501.350	80.061	19.997	100.313	20.361	0.163	1.018	900.758
436.006	501.838	80.058	19.997	100.311	20.358	0.387	0.996	900.724
436.507	502.362	80.060	19.997	100.307	20.364	-0.083	1.013	900.751
437.006	502.805	80.061	19.998	100.308	20.359	0.183	0.968	900.727
437.506	503.316	80.060	19.998	100.307	20.359	0.201	0.954	900.767
438.006	503.838	80.060	19.997	100.310	20.361	0.084	1.033	900.750
438.506	504.323	80.063	19.997	100.316	20.362	-0.038	1.007	900.741
439.006	504.833	80.061	19.997	100.319	20.360	0.081	0.994	900.780
439.506	505.371	80.061	19.997	100.321	20.361	-0.009	1.047	900.772
440.006	505.816	80.061	19.997	100.320	20.359	0.223	0.983	900.764
440.506	506.316	80.060	19.996	100.311	20.358	0.238	0.945	900.752
441.006	506.819	80.061	19.996	100.304	20.360	0.048	1.003	900.760
441.506	507.298	80.060	19.996	100.297	20.357	0.440	0.982	900.791
442.006	507.832	80.060	19.995	100.288	20.360	0.272	1.013	900.760
442.506	508.314	80.062	19.996	100.285	20.357	0.629	1.016	900.753
443.006	508.825	80.060	19.997	100.289	20.361	0.340	0.994	900.792
443.506	509.304	80.061	19.997	100.290	20.361	0.450	0.990	900.738
444.007	509.802	80.062	19.996	100.297	20.364	0.248	0.977	900.793
444.506	510.347	80.060	19.995	100.304	20.362	0.361	1.043	900.769
445.006	510.833	80.059	19.996	100.302	20.363	0.288	1.032	900.805
445.506	511.325	80.058	19.996	100.295	20.361	0.394	0.978	900.811
446.006	511.847	80.060	19.997	100.302	20.363	0.110	1.014	900.821
446.506	512.345	80.061	19.997	100.301	20.361	0.236	1.020	900.797
447.006	512.843	80.057	19.997	100.300	20.366	-0.203	0.995	900.825
447.507	513.341	80.058	19.997	100.303	20.364	-0.096	0.994	900.839
448.007	513.840	80.059	19.997	100.307	20.362	0.095	0.997	900.824
448.507	514.368	80.057	19.998	100.298	20.365	-0.031	1.028	900.862
449.006	514.842	80.058	19.998	100.292	20.368	-0.144	1.002	900.826
449.506	515.363	80.059	19.997	100.285	20.368	-0.061	0.995	900.834
450.006	515.837	80.056	19.996	100.280	20.369	-0.058	0.996	900.833
450.506	516.351	80.057	19.998	100.273	20.370	-0.098	0.988	900.832
451.006	516.852	80.056	19.997	100.271	20.369	-0.139	1.015	900.839
451.506	517.351	80.056	19.997	100.270	20.367	-0.046	1.000	900.831
452.007	517.871	80.057	19.997	100.268	20.366	-0.146	1.019	900.823
452.507	518.344	80.056	19.998	100.271	20.365	-0.154	0.993	900.862
453.006	518.844	80.056	19.997	100.279	20.367	-0.329	0.973	900.827
453.507	519.360	80.057	19.996	100.283	20.364	-0.073	1.016	900.847
454.007	519.837	80.055	19.998	100.288	20.365	-0.110	0.994	900.846
454.507	520.330	80.057	19.997	100.292	20.363	0.059	0.970	900.869
455.006	520.835	80.058	19.997	100.294	20.364	0.068	0.998	900.838
455.506	521.344	80.058	19.997	100.287	20.363	0.143	1.015	900.857
456.007	521.839	80.057	19.997	100.279	20.364	0.105	1.004	900.873
456.507	522.340	80.056	19.996	100.272	20.365	0.006	0.996	900.874
457.006	522.858	80.055	19.996	100.266	20.366	-0.025	1.019	900.862
457.506	523.340	80.055	19.996	100.261	20.365	0.124	1.000	900.844
458.006	523.845	80.056	19.996	100.263	20.367	-0.016	0.987	900.863
458.506	524.344	80.055	19.996	100.270	20.369	-0.123	1.004	900.862
459.007	524.853	80.057	19.996	100.279	20.367	0.107	1.008	900.849
459.506	525.374	80.056	19.997	100.287	20.368	-0.025	1.030	900.907
460.006	525.857	80.058	19.997	100.294	20.367	0.035	1.004	900.908
460.507	526.347	80.059	19.996	100.298	20.366	0.109	0.972	900.875
461.007	526.856	80.059	19.996	100.293	20.365	0.258	0.997	900.867
461.508	527.325	80.058	19.996	100.288	20.367	0.022	0.978	900.850
462.007	527.840	80.058	19.997	100.284	20.371	-0.218	0.985	900.921
462.506	528.348	80.060	19.997	100.279	20.369	-0.094	1.023	900.912
463.007	528.842	80.059	19.997	100.276	20.369	-0.068	1.002	900.870
463.506	529.338	80.057	19.997	100.281	20.367	0.088	0.990	900.923
464.006	529.808	80.061	19.997	100.280	20.370	-0.193	0.966	900.903
464.507	530.316	80.059	19.997	100.276	20.369	-0.101	0.978	900.894
465.007	530.846	80.058	19.997	100.275	20.368	0.064	1.038	900.901
465.507	531.326	80.060	19.998	100.272	20.368	0.076	1.011	900.910
466.007	531.831	80.059	19.997	100.263	20.367	0.123	0.984	900.920
466.507	532.344	80.057	19.997	100.264	20.370	-0.156	1.017	900.916
467.007	532.819	80.057	19.997	100.268	20.370	-0.185	0.989	900.872
467.507	533.317	80.056	19.997	100.269	20.367	0.086	0.973	900.910
468.007	533.828	80.058	19.997	100.268	20.371	-0.227	1.009	900.929
468.506	534.320	80.057	19.996	100.268	20.372	-0.277	1.004	900.937
469.006	534.848	80.056	19.996	100.265	20.374	-0.344	1.021	900.907
469.506	535.338	80.058	19.997	100.264	20.375	-0.398	1.017	900.892
470.007	535.850	80.056	19.997	100.265	20.373	-0.225	1.002	900.915
470.507	536.348	80.056	19.998	100.267	20.376	-0.463	1.011	900.942
471.006	536.852	80.056	19.999	100.269	20.375	-0.415	1.001	900.936
471.507	537.339	80.055	19.999	100.270	20.372	-0.295	0.990	900.899
472.007	537.850	80.057	19.998	100.264	20.375	-0.520	0.999	900.945
472.506	538.356	80.056	19.998	100.257	20.373	-0.372	1.017	900.932
473.007	538.842	80.056	19.998	100.256	20.374	-0.597	0.991	900.958
473.507	539.374	80.057	19.998	100.264	20.371	-0.432	1.018	900.940
474.007	539.827	80.057	19.998	100.264	20.374	-0.713	0.985	900.955
474.507	540.344	80.055	19.997	100.268	20.371	-0.480	0.970	900.912
475.007	540.824	80.056	19.998	100.271	20.372	-0.592	0.997	900.961
475.506	541.314	80.054	19.997	100.268	20.372	-0.547	0.970	900.940
476.006	541.834	80.056	19.998	100.254	20.371	-0.502	1.010	900.932
476.507	542.307	80.060	19.999	100.255	20.370	-0.404	0.993	900.952
477.007	542.821	80.058	19.998	100.255	20.368	-0.181	0.987	900.965
477.506	543.300	80.057	19.997	100.251	20.369	-0.132	0.993	900.960
478.007	543.846	80.058	19.997	100.254	20.373	-0.357	1.024	900.961
478.507	544.349	80.057	19.997	100.262	0.000	0.000	1.050	900.958
479.007	544.848	80.060	19.998	100.264	0.000	0.000	1.003	900.942
479.507	545.346	80.057	19.997	100.266	0.000	0.000	0.996	900.977
480.007	545.838	80.059	19.998	100.271	0.000	0.000	0.989	901.002
480.507	546.322	80.060	19.999	100.276	0.000	0.000	0.976	900.964
481.007	546.866	80.059	19.998	100.278	0.000	0.000	1.029	900.992
481.507	547.326	80.060	19.999	100.282	0.000	0.000	1.004	901.004
482.007	547.845	80.062	19.999	100.283	0.000	0.000	0.979	900.983
482.507	548.347	80.062	19.999	100.286	0.000	0.000	1.021	900.962
483.006	548.814	80.060	19.998	100.285	0.000	0.000	0.968	901.013
483.507	549.329	80.057	19.997	100.283	0.000	0.000	0.981	900.966
484.007	549.830	80.059	19.998	100.279	0.000	0.000	1.016	900.989
484.507	550.340	80.060	19.997	100.274	0.000	0.000	1.012	901.004
485.007	550.808	80.060	19.996	100.267	0.000	0.000	0.978	901.013
485.507	551.326	80.060	19.996	100.264	0.000	0.000	0.985	901.003
486.007	551.808	80.060	19.997	100.265	0.000	0.000	1.000	900.997
486.507	552.327	80.061	19.997	100.265	0.000	0.000	1.002	900.997
487.006	552.827	80.063	19.998	100.267	0.000	0.000	1.020	901.008
487.507	553.324	80.061	19.998	100.274	0.000	0.000	0.997	901.029
488.007	553.842	80.060	19.997	100.270	0.000	0.000	1.015	901.027
