File Name:	PS_14.txt	Version: 8.3.7.3						
Date:	07 Aug 2024
Operator:	KH
Test ID:	PS_14
Sample ID:	PS_14
Sample Mass (mg):	184.4500
Sample Cup Mass (mg):	4.2500
End Total Mass (mg):
Heating Rate (C/s):	1.0000
Combuster Temperature (C):	900.0
N2 Flow Rate (cc/min):	80.0
O2 Flow Rate (cc/min):	20.0
Calibration File:	Coeff.txt
T Correction Coefficients:	0.308738730	0.013615500	0.000000000
Time Shift (s):	10.0
Pre-Test Comments:
Post-Test Comments:
Baseline Flow:	99.774
Baseline O2:	20.406
Instrument ID:	2700
@
Time (s)	Temperature (C)	N2 Flow (cc/min)	O2 Flow (cc/min)	Total Flow (cc/min)	Oxygen (%)	HRR (W/g)	Heating Rate (C/s)	Combustor Temp (C)
0.000	75.199	80.011	19.981	99.774	20.393	-0.243	-0.012	898.889
0.500	75.169	80.012	19.981	99.773	20.374	-0.219	-0.016	898.893
1.000	75.153	80.010	19.980	99.776	20.349	-0.181	-0.047	898.911
1.500	75.211	80.011	19.981	99.799	20.327	-0.147	0.043	898.902
2.000	75.182	80.012	19.981	99.858	20.312	-0.121	0.029	898.896
2.500	75.174	80.009	19.982	99.946	20.290	-0.084	-0.038	898.889
3.000	75.185	80.012	19.982	100.061	20.279	-0.064	0.003	898.876
3.500	75.264	80.013	19.982	100.185	20.269	-0.045	0.090	898.890
4.000	75.320	80.011	19.982	100.299	20.264	-0.035	0.135	898.887
4.500	75.361	80.012	19.982	100.381	20.253	-0.018	0.098	898.882
5.000	75.403	80.011	19.983	100.440	20.250	-0.022	0.083	898.930
5.500	75.493	80.012	19.982	100.478	20.243	-0.039	0.132	898.919
6.000	75.566	80.014	19.982	100.514	20.241	-0.081	0.162	898.899
6.500	75.629	80.011	19.981	100.548	20.241	-0.130	0.136	898.916
7.000	75.712	80.012	19.981	100.578	20.238	-0.173	0.146	898.874
7.500	75.835	80.013	19.982	100.601	20.238	-0.220	0.207	898.923
8.000	75.921	80.012	19.980	100.619	20.237	-0.255	0.209	898.878
8.500	76.049	80.014	19.981	100.628	20.235	-0.270	0.213	898.894
9.000	76.144	80.015	19.981	100.634	20.238	-0.275	0.223	898.941
9.500	76.290	80.012	19.980	100.632	20.236	-0.265	0.241	898.877
9.999	76.410	80.011	19.981	100.628	20.231	-0.247	0.267	898.902
10.499	76.539	80.010	19.980	100.619	20.218	-0.214	0.249	898.936
11.000	76.656	80.013	19.980	100.613	20.194	-0.160	0.245	898.923
11.500	76.787	80.012	19.979	100.609	20.166	-0.101	0.248	898.926
12.000	76.965	80.011	19.979	100.618	20.134	-0.034	0.309	898.885
12.500	77.139	80.011	19.979	100.655	20.109	0.021	0.352	898.891
13.000	77.319	80.010	19.980	100.764	20.087	0.071	0.354	898.871
13.500	77.524	80.010	19.981	100.930	20.075	0.104	0.385	898.913
14.000	77.779	80.013	19.980	101.115	20.071	0.123	0.461	898.936
14.500	78.008	80.013	19.980	101.293	20.072	0.132	0.484	898.888
15.000	78.253	80.013	19.981	101.438	20.069	0.147	0.473	898.863
15.500	78.567	80.012	19.979	101.512	20.074	0.148	0.559	898.887
16.000	78.870	80.011	19.980	101.521	20.080	0.146	0.618	898.907
16.499	79.172	80.011	19.980	101.500	20.087	0.141	0.605	898.899
16.999	79.501	80.012	19.980	101.472	20.092	0.138	0.630	898.895
17.500	79.857	80.010	19.980	101.442	20.100	0.133	0.685	898.890
18.000	80.183	80.013	19.979	101.402	20.112	0.118	0.682	898.888
18.500	80.569	80.013	19.980	101.362	20.118	0.114	0.712	898.922
19.000	80.929	80.014	19.981	101.323	20.124	0.108	0.747	898.886
19.499	81.311	80.016	19.980	101.283	20.129	0.107	0.743	898.887
19.999	81.729	80.014	19.980	101.242	20.136	0.102	0.800	898.880
20.499	82.111	80.013	19.980	101.203	20.138	0.105	0.799	898.886
20.999	82.546	80.014	19.979	101.165	20.148	0.095	0.816	898.894
21.499	82.942	80.013	19.980	101.127	20.153	0.095	0.831	898.853
21.999	83.370	80.014	19.980	101.092	20.159	0.092	0.824	898.895
22.500	83.811	80.012	19.979	101.062	20.164	0.091	0.868	898.908
23.000	84.238	80.013	19.979	101.035	20.170	0.085	0.869	898.866
23.499	84.676	80.013	19.979	101.010	20.174	0.085	0.865	898.890
24.000	85.139	80.013	19.979	100.989	20.175	0.086	0.900	898.873
24.500	85.574	80.014	19.980	100.971	20.183	0.079	0.898	898.845
24.999	86.067	80.014	19.979	100.950	20.187	0.077	0.928	898.853
25.500	86.536	80.015	19.980	100.931	20.191	0.076	0.961	898.880
26.000	86.981	80.013	19.979	100.915	20.193	0.077	0.914	898.859
26.500	87.485	80.013	19.980	100.897	20.197	0.075	0.950	898.873
26.999	87.954	80.012	19.980	100.872	20.202	0.069	0.973	898.887
27.500	88.421	80.011	19.981	100.852	20.204	0.071	0.935	898.892
28.000	88.937	80.009	19.979	100.832	20.209	0.062	0.983	898.897
28.500	89.417	80.009	19.979	100.805	20.212	0.055	0.995	898.867
29.000	89.925	80.012	19.980	100.779	20.213	0.055	0.988	898.872
29.500	90.403	80.011	19.980	100.757	20.216	0.050	0.987	898.878
30.000	90.915	80.013	19.980	100.739	20.220	0.043	0.989	898.879
30.500	91.425	80.014	19.980	100.723	20.223	0.040	1.022	898.833
31.000	91.922	80.013	19.980	100.711	20.223	0.042	1.007	898.875
31.500	92.437	80.012	19.980	100.695	20.229	0.036	1.012	898.860
32.000	92.968	80.011	19.980	100.681	20.228	0.039	1.046	898.902
32.500	93.467	80.011	19.981	100.662	20.233	0.032	1.030	898.893
33.000	93.987	80.012	19.980	100.640	20.232	0.036	1.019	898.883
33.500	94.489	80.011	19.980	100.628	20.235	0.033	1.022	898.914
34.000	94.980	80.011	19.980	100.615	20.235	0.034	0.992	898.884
34.501	95.508	80.013	19.979	100.606	20.237	0.033	1.019	898.883
35.000	96.008	80.013	19.980	100.597	20.237	0.036	1.029	898.840
35.500	96.534	80.014	19.980	100.598	20.235	0.042	1.027	898.873
36.000	97.068	80.016	19.979	100.598	20.240	0.034	1.060	898.857
36.500	97.580	80.014	19.979	100.602	20.242	0.033	1.045	898.873
37.000	98.131	80.014	19.980	100.601	20.245	0.029	1.063	898.902
37.501	98.621	80.012	19.980	100.603	20.246	0.028	1.041	898.864
38.000	99.166	80.013	19.980	100.595	20.249	0.025	1.035	898.889
38.500	99.689	80.015	19.981	100.582	20.251	0.022	1.068	898.871
39.000	100.213	80.012	19.981	100.570	20.250	0.024	1.048	898.876
39.500	100.766	80.012	19.981	100.565	20.251	0.023	1.077	898.905
40.000	101.287	80.013	19.981	100.562	20.255	0.018	1.073	898.880
40.501	101.786	80.012	19.981	100.556	20.255	0.018	1.020	898.874
41.000	102.350	80.014	19.981	100.549	20.257	0.014	1.063	898.881
41.500	102.889	80.014	19.980	100.546	20.254	0.020	1.104	898.873
42.000	103.398	80.013	19.980	100.538	20.257	0.017	1.049	898.890
42.500	103.942	80.013	19.981	100.530	20.262	0.010	1.052	898.877
43.001	104.476	80.011	19.980	100.524	20.260	0.014	1.077	898.903
43.500	105.030	80.012	19.980	100.520	20.263	0.011	1.089	898.885
44.000	105.526	80.012	19.981	100.515	20.263	0.012	1.050	898.894
44.500	106.059	80.011	19.982	100.513	20.265	0.010	1.028	898.867
45.001	106.583	80.013	19.981	100.508	20.266	0.009	1.058	898.896
45.500	107.128	80.012	19.980	100.506	20.264	0.015	1.071	898.864
46.000	107.673	80.012	19.980	100.503	20.264	0.018	1.089	898.863
46.500	108.193	80.011	19.981	100.500	20.266	0.014	1.063	898.890
47.001	108.717	80.012	19.980	100.495	20.265	0.018	1.044	898.910
47.501	109.269	80.011	19.979	100.495	20.265	0.020	1.076	898.905
48.001	109.792	80.012	19.980	100.493	20.264	0.021	1.076	898.901
48.500	110.301	80.012	19.979	100.493	20.264	0.020	1.033	898.886
49.000	110.842	80.013	19.980	100.490	20.266	0.018	1.050	898.879
49.500	111.364	80.013	19.981	100.486	20.267	0.018	1.063	898.890
50.000	111.932	80.011	19.980	100.482	20.270	0.013	1.090	898.872
50.500	112.485	80.012	19.980	100.477	20.271	0.012	1.121	898.873
51.000	113.018	80.012	19.979	100.471	20.271	0.012	1.085	898.891
51.501	113.530	80.012	19.978	100.468	20.272	0.011	1.044	898.880
52.001	114.087	80.013	19.979	100.467	20.274	0.004	1.068	898.889
52.501	114.619	80.011	19.978	100.460	20.275	0.001	1.090	898.887
53.000	115.128	80.011	19.978	100.453	20.272	0.006	1.042	898.880
53.500	115.677	80.012	19.979	100.448	20.275	0.001	1.058	898.920
54.000	116.211	80.010	19.979	100.444	20.273	0.005	1.083	898.879
54.500	116.762	80.012	19.979	100.438	20.273	0.007	1.085	898.884
55.000	117.292	80.012	19.980	100.435	20.273	0.009	1.081	898.900
55.500	117.850	80.012	19.980	100.438	20.270	0.013	1.088	898.883
56.000	118.351	80.013	19.980	100.440	20.277	0.003	1.059	898.856
56.500	118.909	80.011	19.979	100.432	20.277	0.001	1.059	898.871
57.000	119.402	80.012	19.978	100.429	20.278	-0.003	1.051	898.883
57.500	119.962	80.016	19.980	100.429	20.278	-0.003	1.053	898.866
58.000	120.495	80.014	19.980	100.427	20.278	-0.003	1.093	898.926
58.500	121.031	80.015	19.980	100.425	20.280	-0.006	1.069	898.885
59.001	121.571	80.015	19.981	100.432	20.279	-0.003	1.076	898.888
59.500	122.082	80.014	19.981	100.439	20.279	0.000	1.051	898.891
60.000	122.626	80.016	19.980	100.443	20.279	0.000	1.054	898.855
60.500	123.168	80.014	19.981	100.444	20.277	0.005	1.085	898.916
61.000	123.695	80.014	19.980	100.444	20.278	0.004	1.069	898.912
61.501	124.222	80.016	19.980	100.435	20.277	0.005	1.053	898.889
62.001	124.767	80.013	19.980	100.429	20.279	0.002	1.072	898.879
62.500	125.303	80.015	19.979	100.426	20.275	0.010	1.083	898.897
63.000	125.807	80.018	19.980	100.426	20.278	0.008	1.040	898.888
63.500	126.374	80.014	19.980	100.427	20.280	0.005	1.070	898.876
64.001	126.898	80.014	19.979	100.438	20.286	-0.005	1.091	898.892
64.500	127.413	80.015	19.980	100.442	20.282	0.003	1.039	898.865
65.000	127.948	80.012	19.979	100.441	20.283	0.002	1.050	898.883
65.500	128.482	80.013	19.979	100.439	20.285	-0.002	1.069	898.924
66.000	129.006	80.012	19.981	100.435	20.285	-0.003	1.058	898.908
66.500	129.535	80.014	19.981	100.427	20.286	-0.004	1.053	898.908
67.000	130.085	80.013	19.980	100.422	20.288	-0.006	1.079	898.925
67.500	130.600	80.011	19.980	100.420	20.286	-0.000	1.065	898.888
68.000	131.151	80.015	19.980	100.418	20.285	0.002	1.065	898.935
68.501	131.675	80.017	19.981	100.415	20.287	0.000	1.074	898.904
69.001	132.204	80.016	19.980	100.417	20.287	0.001	1.053	898.917
69.501	132.704	80.016	19.979	100.417	20.284	0.006	1.030	898.930
70.000	133.233	80.013	19.980	100.410	20.285	0.005	1.030	898.910
70.500	133.763	80.015	19.982	100.404	20.288	-0.002	1.059	898.897
71.001	134.302	80.016	19.981	100.403	20.287	-0.000	1.070	898.936
71.501	134.798	80.015	19.982	100.398	20.286	0.001	1.035	898.894
72.001	135.354	80.016	19.982	100.397	20.285	0.003	1.051	898.921
72.501	135.882	80.016	19.981	100.398	20.288	-0.003	1.084	898.912
73.000	136.398	80.013	19.981	100.402	20.290	-0.006	1.045	898.926
73.500	136.926	80.015	19.981	100.401	20.289	-0.004	1.043	898.901
74.001	137.459	80.017	19.981	100.399	20.286	0.002	1.060	898.898
74.501	137.978	80.016	19.981	100.392	20.285	0.005	1.052	898.894
75.000	138.495	80.015	19.980	100.388	20.288	-0.001	1.036	898.906
75.500	139.030	80.013	19.980	100.384	20.288	-0.002	1.052	898.927
76.001	139.536	80.013	19.980	100.381	20.287	-0.001	1.040	898.947
76.501	140.075	80.015	19.981	100.377	20.287	-0.001	1.046	898.918
77.000	140.611	80.014	19.981	100.375	20.286	0.001	1.076	898.946
77.500	141.115	80.013	19.981	100.379	20.289	-0.003	1.039	898.931
78.000	141.653	80.015	19.981	100.381	20.290	-0.004	1.043	898.921
78.500	142.172	80.012	19.981	100.383	20.289	-0.003	1.057	898.927
79.000	142.697	80.015	19.980	100.386	20.288	-0.001	1.044	898.942
79.500	143.219	80.015	19.981	100.387	20.289	-0.004	1.047	898.947
80.000	143.746	80.013	19.980	100.385	20.291	-0.009	1.049	898.929
80.500	144.260	80.014	19.979	100.381	20.293	-0.016	1.041	898.915
81.000	144.778	80.014	19.980	100.381	20.295	-0.019	1.031	898.937
81.500	145.316	80.014	19.981	100.376	20.293	-0.016	1.057	898.952
82.000	145.810	80.012	19.981	100.380	20.292	-0.014	1.033	898.950
82.500	146.352	80.013	19.981	100.380	20.291	-0.013	1.036	898.945
83.000	146.859	80.016	19.981	100.383	20.292	-0.014	1.048	898.965
83.501	147.367	80.015	19.980	100.383	20.292	-0.012	1.014	898.959
84.001	147.887	80.015	19.981	100.384	20.289	-0.007	1.028	898.961
84.501	148.384	80.015	19.981	100.382	20.291	-0.009	1.017	898.943
85.001	148.914	80.016	19.980	100.378	20.292	-0.010	1.028	898.955
85.500	149.449	80.016	19.982	100.375	20.290	-0.002	1.066	898.935
86.000	149.971	80.013	19.982	100.378	20.292	-0.004	1.056	898.942
86.500	150.487	80.012	19.981	100.380	20.289	0.001	1.038	898.937
87.000	151.007	80.016	19.982	100.385	20.293	-0.003	1.037	898.964
87.500	151.505	80.015	19.980	100.395	20.295	-0.005	1.019	898.941
88.000	152.042	80.014	19.981	100.404	20.294	-0.005	1.034	898.925
88.500	152.540	80.016	19.982	100.400	20.295	-0.007	1.035	898.956
89.000	153.084	80.013	19.981	100.400	20.294	-0.005	1.042	898.936
89.500	153.587	80.015	19.980	100.401	20.298	-0.009	1.047	898.964
90.000	154.086	80.014	19.980	100.397	20.296	-0.006	1.001	898.942
90.500	154.617	80.014	19.980	100.390	20.294	-0.003	1.030	898.952
91.000	155.110	80.015	19.981	100.393	20.295	-0.002	1.025	898.938
91.500	155.641	80.014	19.981	100.391	20.294	-0.001	1.024	898.939
92.000	156.155	80.014	19.980	100.386	20.299	-0.009	1.045	898.947
92.500	156.679	80.013	19.981	100.378	20.295	-0.002	1.038	898.991
93.001	157.201	80.013	19.981	100.371	20.296	-0.003	1.045	898.962
93.501	157.700	80.013	19.981	100.364	20.295	-0.002	1.022	898.955
94.000	158.234	80.015	19.983	100.363	20.297	-0.007	1.033	898.949
94.501	158.705	80.015	19.981	100.360	20.292	0.002	1.004	898.947
95.001	159.235	80.015	19.981	100.357	20.292	0.003	1.003	898.957
95.500	159.788	80.019	19.981	100.361	20.294	0.001	1.084	898.934
96.000	160.294	80.017	19.980	100.361	20.297	-0.006	1.058	898.993
96.501	160.798	80.016	19.981	100.355	20.297	-0.007	1.009	898.952
97.001	161.279	80.015	19.982	100.353	20.297	-0.009	0.986	898.960
97.500	161.825	80.014	19.981	100.355	20.298	-0.011	1.027	898.978
98.000	162.329	80.017	19.981	100.350	20.297	-0.012	1.050	898.963
98.500	162.829	80.014	19.982	100.347	20.301	-0.017	1.004	898.968
99.000	163.345	80.015	19.981	100.346	20.301	-0.018	1.016	898.973
99.501	163.859	80.016	19.982	100.347	20.296	-0.006	1.030	898.982
100.001	164.390	80.014	19.982	100.344	20.296	-0.005	1.045	898.964
100.500	164.876	80.013	19.982	100.345	20.299	-0.008	1.017	898.938
101.000	165.406	80.014	19.982	100.347	20.298	-0.005	1.016	898.967
101.500	165.887	80.013	19.981	100.349	20.294	0.003	1.012	898.967
102.000	166.440	80.013	19.982	100.348	20.294	0.006	1.034	898.957
102.500	166.900	80.014	19.982	100.343	20.296	0.002	1.012	898.964
103.000	167.439	80.016	19.980	100.344	20.296	0.003	0.999	898.960
103.500	167.987	80.018	19.981	100.347	20.298	0.000	1.087	898.972
104.001	168.466	80.017	19.980	100.353	20.298	-0.001	1.026	898.965
104.501	168.986	80.018	19.980	100.360	20.297	-0.001	0.999	898.970
105.001	169.493	80.018	19.981	100.368	20.297	-0.001	1.028	898.991
105.501	170.013	80.016	19.982	100.366	20.301	-0.010	1.027	898.969
106.001	170.508	80.018	19.981	100.363	20.301	-0.012	1.014	898.989
106.501	171.016	80.018	19.981	100.361	20.300	-0.011	1.002	898.986
107.001	171.483	80.016	19.981	100.351	20.301	-0.009	0.976	898.982
107.501	172.010	80.018	19.982	100.344	20.302	-0.007	0.995	899.001
108.001	172.558	80.016	19.981	100.342	20.300	-0.001	1.074	898.948
108.501	173.063	80.018	19.981	100.334	20.300	0.000	1.053	898.969
109.001	173.582	80.018	19.981	100.327	20.302	-0.001	1.025	898.957
109.501	174.100	80.015	19.981	100.326	20.304	-0.003	1.037	898.992
110.001	174.582	80.017	19.982	100.325	20.303	-0.002	0.999	898.978
110.501	175.108	80.017	19.982	100.322	20.304	-0.006	1.008	898.983
111.001	175.601	80.014	19.983	100.325	20.307	-0.013	1.020	898.970
111.500	176.124	80.015	19.982	100.328	20.303	-0.006	1.016	898.972
112.001	176.648	80.015	19.981	100.332	20.300	0.000	1.047	898.983
112.501	177.153	80.016	19.981	100.337	20.307	-0.011	1.028	898.987
113.001	177.653	80.015	19.981	100.341	20.304	-0.005	1.005	899.005
113.502	178.173	80.014	19.982	100.348	20.307	-0.008	1.020	898.993
114.002	178.701	80.015	19.981	100.346	20.305	-0.006	1.048	898.984
114.502	179.200	80.016	19.981	100.336	20.304	-0.003	1.027	899.021
115.001	179.717	80.014	19.982	100.323	20.303	-0.001	1.017	898.982
115.501	180.200	80.016	19.981	100.311	20.304	-0.001	1.000	899.003
116.001	180.726	80.015	19.981	100.302	20.303	0.002	1.008	899.023
116.501	181.247	80.013	19.982	100.299	20.303	0.001	1.047	899.020
117.001	181.766	80.015	19.981	100.302	20.304	0.001	1.040	899.030
117.501	182.261	80.015	19.981	100.310	20.304	0.002	1.014	899.012
118.001	182.767	80.016	19.981	100.317	20.304	-0.001	1.001	899.011
118.501	183.302	80.016	19.981	100.317	20.304	-0.005	1.041	899.022
119.001	183.798	80.016	19.981	100.315	20.305	-0.009	1.031	899.028
119.501	184.345	80.017	19.980	100.315	20.307	-0.012	1.043	899.024
120.001	184.808	80.017	19.981	100.309	20.303	-0.007	1.009	899.018
120.501	185.368	80.015	19.980	100.304	20.302	-0.006	1.024	899.043
121.001	185.834	80.018	19.980	100.301	20.304	-0.008	1.026	899.014
121.501	186.343	80.015	19.980	100.301	20.309	-0.014	0.975	899.040
122.001	186.856	80.014	19.980	100.301	20.304	-0.003	1.023	899.020
122.501	187.337	80.016	19.980	100.298	20.303	-0.001	0.994	899.020
123.001	187.861	80.015	19.980	100.295	20.304	-0.001	1.004	899.033
123.501	188.364	80.015	19.979	100.291	20.304	0.001	1.027	899.034
124.001	188.896	80.016	19.980	100.287	20.307	-0.002	1.034	899.028
124.501	189.391	80.016	19.981	100.281	20.306	0.001	1.028	899.015
125.001	189.909	80.018	19.981	100.288	20.305	0.003	1.012	899.016
125.502	190.411	80.017	19.981	100.299	20.306	0.001	1.019	899.027
126.002	190.918	80.018	19.981	100.310	20.307	0.001	1.010	899.052
126.501	191.404	80.016	19.981	100.316	20.310	-0.003	0.993	899.036
127.002	191.928	80.017	19.981	100.319	20.303	0.009	1.009	899.057
127.502	192.463	80.019	19.982	100.319	20.309	-0.002	1.060	899.054
128.001	192.955	80.017	19.982	100.318	20.307	0.001	1.028	899.072
128.501	193.495	80.013	19.981	100.313	20.308	-0.002	1.032	899.065
129.001	194.004	80.013	19.981	100.306	20.308	-0.002	1.048	899.050
129.502	194.526	80.015	19.980	100.300	20.306	0.001	1.032	899.030
130.001	195.011	80.015	19.981	100.295	20.308	-0.003	1.007	899.087
130.501	195.503	80.018	19.981	100.288	20.309	-0.006	0.977	899.058
131.001	196.033	80.015	19.981	100.282	20.309	-0.006	1.022	899.069
131.502	196.542	80.015	19.980	100.281	20.307	-0.003	1.038	899.075
132.001	197.041	80.016	19.980	100.280	20.306	-0.001	1.009	899.045
132.501	197.553	80.012	19.979	100.275	20.306	-0.003	1.011	899.059
133.001	198.065	80.015	19.980	100.271	20.308	-0.006	1.024	899.053
133.501	198.547	80.017	19.981	100.270	20.309	-0.008	0.994	899.077
134.001	199.070	80.014	19.980	100.269	20.310	-0.009	1.005	899.058
134.502	199.562	80.012	19.980	100.270	20.310	-0.009	1.015	899.057
135.002	200.057	80.011	19.980	100.270	20.312	-0.011	0.988	899.101
135.501	200.590	80.012	19.980	100.273	20.310	-0.006	1.028	899.056
136.001	201.092	80.014	19.980	100.276	20.311	-0.009	1.033	899.051
136.502	201.573	80.012	19.980	100.281	20.313	-0.011	0.984	899.088
137.002	202.093	80.012	19.981	100.279	20.311	-0.007	1.002	899.060
137.501	202.611	80.014	19.982	100.284	20.312	-0.007	1.038	899.043
138.001	203.126	80.012	19.981	100.285	20.309	-0.001	1.033	899.067
138.502	203.630	80.013	19.982	100.285	20.309	-0.001	1.019	899.102
139.001	204.148	80.015	19.981	100.284	20.309	0.000	1.022	899.093
139.501	204.690	80.014	19.981	100.289	20.315	-0.009	1.060	899.092
140.001	205.153	80.014	19.981	100.290	20.312	-0.005	1.005	899.060
140.501	205.657	80.013	19.980	100.287	20.317	-0.013	0.967	899.082
141.001	206.176	80.013	19.980	100.291	20.313	-0.009	1.023	899.037
141.501	206.680	80.014	19.980	100.289	20.315	-0.013	1.022	899.101
142.002	207.195	80.013	19.980	100.286	20.318	-0.017	1.018	899.088
142.502	207.718	80.016	19.981	100.281	20.315	-0.010	1.039	899.092
143.001	208.223	80.013	19.981	100.281	20.315	-0.010	1.028	899.060
143.501	208.708	80.015	19.980	100.276	20.313	-0.006	0.989	899.091
144.002	209.227	80.014	19.980	100.277	20.312	-0.004	1.004	899.065
144.502	209.758	80.013	19.980	100.276	20.315	-0.009	1.050	899.112
145.002	210.253	80.013	19.980	100.274	20.315	-0.011	1.027	899.111
145.501	210.729	80.013	19.980	100.266	20.314	-0.009	0.972	899.106
146.001	211.257	80.011	19.980	100.263	20.315	-0.011	1.004	899.121
146.501	211.774	80.012	19.980	100.262	20.312	-0.006	1.045	899.094
147.001	212.299	80.012	19.980	100.263	20.311	-0.004	1.042	899.113
147.501	212.779	80.012	19.979	100.265	20.313	-0.006	1.004	899.144
148.002	213.269	80.013	19.980	100.273	20.312	-0.003	0.970	899.116
148.501	213.765	80.013	19.980	100.276	20.309	0.003	0.987	899.116
149.001	214.309	80.012	19.979	100.274	20.313	-0.003	1.040	899.136
149.502	214.809	80.015	19.980	100.269	20.313	-0.002	1.043	899.150
150.002	215.332	80.015	19.980	100.265	20.315	-0.004	1.023	899.142
150.502	215.790	80.013	19.980	100.263	20.312	-0.002	0.982	899.169
151.002	216.317	80.014	19.980	100.258	20.314	-0.005	0.984	899.155
151.502	216.837	80.014	19.979	100.258	20.313	-0.006	1.046	899.139
152.002	217.315	80.016	19.981	100.265	20.313	-0.006	0.999	899.134
152.501	217.832	80.015	19.980	100.270	20.314	-0.005	0.995	899.154
153.002	218.377	80.015	19.979	100.268	20.313	-0.003	1.063	899.139
153.502	218.848	80.016	19.980	100.270	20.312	-0.001	1.017	899.164
154.002	219.371	80.014	19.980	100.271	20.315	-0.006	0.993	899.140
154.502	219.867	80.012	19.979	100.266	20.316	-0.007	1.018	899.145
155.002	220.352	80.016	19.980	100.258	20.316	-0.007	0.981	899.170
155.502	220.869	80.014	19.980	100.256	20.313	-0.004	1.002	899.177
156.002	221.372	80.015	19.980	100.251	20.315	-0.008	1.022	899.151
156.501	221.873	80.014	19.980	100.248	20.311	-0.003	1.005	899.152
157.001	222.347	80.013	19.978	100.249	20.313	-0.004	0.975	899.153
157.501	222.884	80.015	19.979	100.251	20.314	-0.006	1.010	899.172
158.002	223.403	80.015	19.978	100.254	20.313	-0.003	1.055	899.165
158.502	223.908	80.014	19.978	100.259	20.313	-0.003	1.025	899.166
159.001	224.405	80.015	19.980	100.261	20.315	-0.006	1.003	899.143
159.501	224.911	80.014	19.979	100.261	20.317	-0.008	1.002	899.156
160.002	225.405	80.014	19.979	100.260	20.311	0.001	0.999	899.182
160.502	225.930	80.014	19.980	100.253	20.314	-0.005	1.019	899.183
161.002	226.398	80.014	19.980	100.249	20.317	-0.011	0.994	899.172
161.501	226.918	80.014	19.980	100.249	20.313	-0.004	0.988	899.149
162.002	227.451	80.016	19.979	100.248	20.316	-0.008	1.052	899.190
162.502	227.909	80.013	19.979	100.251	20.316	-0.008	0.992	899.179
163.002	228.426	80.016	19.979	100.259	20.315	-0.006	0.975	899.221
163.502	228.951	80.014	19.980	100.262	20.316	-0.006	1.041	899.203
164.003	229.427	80.014	19.979	100.260	20.317	-0.005	1.001	899.206
164.502	229.936	80.016	19.979	100.259	20.317	-0.004	0.986	899.187
165.001	230.453	80.013	19.980	100.257	20.317	-0.004	1.026	899.204
165.502	230.962	80.013	19.980	100.250	20.318	-0.006	1.025	899.215
166.002	231.448	80.016	19.980	100.248	20.318	-0.006	0.994	899.202
166.502	231.988	80.015	19.980	100.251	20.315	-0.002	1.027	899.201
167.002	232.477	80.015	19.981	100.251	20.316	-0.004	1.029	899.189
167.501	232.949	80.016	19.980	100.252	20.318	-0.008	0.961	899.195
168.002	233.434	80.015	19.979	100.257	20.313	0.001	0.957	899.194
168.502	233.971	80.017	19.979	100.259	20.316	-0.002	1.022	899.181
169.002	234.498	80.015	19.979	100.254	20.318	-0.003	1.064	899.241
169.503	235.001	80.016	19.978	100.254	20.320	-0.005	1.030	899.223
170.002	235.490	80.018	19.979	100.253	20.319	-0.003	0.992	899.211
170.502	235.952	80.014	19.980	100.250	20.321	-0.003	0.950	899.213
171.002	236.501	80.014	19.979	100.242	20.319	-0.000	1.011	899.194
171.502	237.017	80.015	19.980	100.240	20.319	-0.003	1.065	899.214
172.002	237.509	80.016	19.980	100.233	20.319	-0.004	1.007	899.228
172.503	237.990	80.015	19.981	100.230	20.317	-0.002	0.972	899.240
173.002	238.482	80.014	19.979	100.233	20.317	-0.002	0.974	899.219
173.502	239.001	80.015	19.980	100.237	20.319	-0.006	1.012	899.232
174.001	239.495	80.014	19.979	100.243	20.322	-0.011	1.013	899.240
174.502	240.007	80.014	19.981	100.247	20.320	-0.007	1.005	899.256
175.002	240.505	80.014	19.980	100.246	20.321	-0.008	1.010	899.225
175.502	241.000	80.013	19.980	100.237	20.319	-0.004	0.994	899.243
176.001	241.516	80.012	19.981	100.229	20.319	-0.003	1.011	899.199
176.502	241.994	80.012	19.980	100.221	20.321	-0.007	0.994	899.254
177.002	242.524	80.013	19.981	100.220	20.322	-0.009	1.008	899.245
177.502	243.000	80.013	19.982	100.217	20.323	-0.009	1.006	899.242
178.002	243.521	80.012	19.981	100.213	20.319	-0.001	0.997	899.260
178.502	244.035	80.010	19.981	100.215	20.324	-0.009	1.035	899.219
179.002	244.519	80.011	19.980	100.225	20.324	-0.011	0.998	899.228
179.502	245.049	80.011	19.980	100.225	20.323	-0.007	1.014	899.239
180.001	245.539	80.009	19.982	100.229	20.320	-0.003	1.020	899.243
180.501	246.063	80.010	19.979	100.235	20.320	-0.002	1.014	899.256
181.002	246.551	80.011	19.979	100.233	20.320	-0.003	1.011	899.250
181.502	247.061	80.012	19.980	100.225	20.324	-0.007	0.998	899.298
182.002	247.517	80.016	19.980	100.224	20.318	0.005	0.967	899.256
182.501	248.036	80.015	19.979	100.224	20.321	0.001	0.975	899.263
183.001	248.571	80.016	19.981	100.224	20.320	0.003	1.053	899.277
183.502	249.046	80.014	19.979	100.227	20.318	0.005	1.009	899.268
184.002	249.575	80.013	19.980	100.227	20.322	0.000	1.004	899.262
184.502	250.068	80.014	19.979	100.223	20.317	0.007	1.022	899.265
185.002	250.553	80.014	19.979	100.218	20.319	0.004	0.978	899.267
185.501	251.063	80.013	19.979	100.215	20.323	-0.003	0.994	899.263
186.002	251.587	80.015	19.980	100.215	20.324	-0.005	1.033	899.310
186.502	252.102	80.013	19.979	100.217	20.325	-0.006	1.039	899.283
187.002	252.609	80.011	19.979	100.217	20.323	-0.003	1.022	899.292
187.503	253.088	80.013	19.979	100.218	20.324	-0.006	0.986	899.295
188.002	253.615	80.012	19.979	100.216	20.323	-0.004	1.007	899.291
188.502	254.080	80.012	19.980	100.211	20.324	-0.005	0.993	899.292
189.002	254.582	80.012	19.980	100.201	20.324	-0.005	0.967	899.322
189.502	255.112	80.011	19.980	100.201	20.320	0.002	1.031	899.355
190.002	255.603	80.012	19.980	100.198	20.324	-0.006	1.021	899.312
190.502	256.113	80.011	19.979	100.200	20.327	-0.010	1.001	899.320
191.002	256.634	80.008	19.980	100.200	20.323	-0.005	1.031	899.307
191.502	257.125	80.010	19.980	100.200	20.323	-0.004	1.012	899.333
192.002	257.628	80.010	19.979	100.197	20.324	-0.006	0.995	899.346
192.502	258.134	80.015	19.980	100.198	20.322	-0.003	1.009	899.317
193.002	258.625	80.016	19.979	100.198	20.327	-0.013	0.997	899.324
193.502	259.119	80.014	19.979	100.199	20.324	-0.007	0.986	899.341
194.001	259.614	80.013	19.980	100.202	20.324	-0.007	0.989	899.362
194.502	260.113	80.012	19.980	100.203	20.324	-0.007	0.994	899.330
195.002	260.599	80.012	19.979	100.202	20.325	-0.010	0.985	899.344
195.502	261.119	80.012	19.979	100.202	20.325	-0.009	1.006	899.320
196.002	261.641	80.013	19.979	100.201	20.321	-0.000	1.041	899.341
196.502	262.148	80.011	19.980	100.204	20.324	-0.004	1.029	899.347
197.002	262.653	80.014	19.980	100.204	20.323	-0.000	1.012	899.354
197.502	263.121	80.011	19.979	100.204	20.326	-0.005	0.974	899.346
198.002	263.591	80.013	19.980	100.205	20.325	-0.001	0.938	899.369
198.502	264.137	80.014	19.979	100.206	20.325	-0.003	1.016	899.326
199.002	264.625	80.013	19.978	100.202	20.322	0.002	1.034	899.342
199.502	265.118	80.012	19.980	100.203	20.324	-0.002	0.981	899.371
200.003	265.637	80.014	19.980	100.208	20.324	-0.003	1.012	899.382
200.502	266.136	80.014	19.980	100.211	20.322	-0.001	1.018	899.382
201.002	266.666	80.016	19.979	100.210	20.324	-0.004	1.029	899.360
201.502	267.132	80.015	19.978	100.213	20.321	0.001	0.996	899.387
202.002	267.612	80.015	19.979	100.213	20.325	-0.006	0.946	899.388
202.502	268.130	80.016	19.979	100.210	20.325	-0.006	0.999	899.402
203.002	268.634	80.014	19.978	100.204	20.326	-0.008	1.022	899.362
203.502	269.117	80.015	19.979	100.199	20.323	-0.005	0.987	899.351
204.002	269.602	80.017	19.980	100.196	20.324	-0.005	0.968	899.384
204.502	270.143	80.015	19.979	100.193	20.323	-0.004	1.027	899.373
205.002	270.612	80.015	19.980	100.184	20.325	-0.006	1.011	899.410
205.502	271.138	80.016	19.980	100.185	20.326	-0.008	0.995	899.390
206.002	271.587	80.015	19.980	100.192	20.326	-0.007	0.974	899.403
206.502	272.134	80.017	19.980	100.195	20.329	-0.010	0.995	899.432
207.002	272.611	80.014	19.980	100.195	20.325	-0.001	1.023	899.406
207.502	273.113	80.014	19.981	100.201	20.324	0.001	0.980	899.405
208.002	273.630	80.016	19.981	100.199	20.325	-0.002	1.019	899.408
208.502	274.117	80.013	19.979	100.197	20.324	-0.000	1.004	899.392
209.002	274.623	80.018	19.979	100.197	20.325	-0.003	0.993	899.400
209.502	275.130	80.018	19.980	100.200	20.328	-0.008	1.012	899.432
210.003	275.607	80.017	19.979	100.203	20.332	-0.016	0.984	899.417
210.503	276.126	80.017	19.980	100.206	20.329	-0.010	0.997	899.409
211.003	276.630	80.015	19.981	100.206	20.324	-0.002	1.023	899.419
211.502	277.125	80.014	19.980	100.205	20.326	-0.006	0.999	899.433
212.002	277.641	80.016	19.980	100.201	20.323	-0.002	1.010	899.416
212.503	278.126	80.014	19.979	100.196	20.326	-0.006	1.000	899.458
213.003	278.643	80.015	19.979	100.196	20.326	-0.005	1.002	899.389
213.503	279.107	80.014	19.980	100.192	20.326	-0.006	0.982	899.433
214.003	279.615	80.012	19.980	100.189	20.327	-0.007	0.972	899.422
214.502	280.139	80.015	19.980	100.185	20.324	-0.002	1.032	899.415
215.002	280.604	80.016	19.980	100.186	20.328	-0.005	0.990	899.432
215.502	281.155	80.013	19.979	100.185	20.328	-0.006	1.015	899.428
216.002	281.601	80.015	19.980	100.188	20.326	-0.004	0.997	899.458
216.502	282.121	80.014	19.980	100.191	20.322	0.004	0.967	899.421
217.002	282.622	80.016	19.980	100.194	20.323	0.003	1.021	899.447
217.502	283.126	80.015	19.979	100.194	20.325	-0.000	1.006	899.438
218.002	283.609	80.014	19.979	100.192	20.322	0.006	0.987	899.469
218.502	284.117	80.015	19.979	100.191	20.326	-0.001	0.989	899.456
219.003	284.621	80.016	19.980	100.192	20.328	-0.003	1.011	899.477
219.503	285.136	80.014	19.979	100.196	20.329	-0.006	1.019	899.450
220.003	285.638	80.016	19.980	100.196	20.327	-0.002	1.017	899.444
220.503	286.141	80.017	19.981	100.190	20.324	0.002	1.005	899.461
221.002	286.642	80.015	19.980	100.191	20.330	-0.009	1.005	899.455
221.502	287.127	80.014	19.979	100.191	20.329	-0.008	0.986	899.442
222.003	287.645	80.014	19.981	100.187	20.326	-0.003	1.003	899.452
222.503	288.125	80.018	19.981	100.184	20.326	-0.004	0.997	899.451
223.003	288.618	80.018	19.980	100.189	20.330	-0.011	0.973	899.441
223.503	289.135	80.016	19.979	100.186	20.327	-0.007	1.010	899.454
224.002	289.621	80.017	19.979	100.180	20.323	-0.002	1.003	899.454
224.502	290.132	80.016	19.980	100.180	20.326	-0.007	0.997	899.442
225.002	290.642	80.015	19.979	100.182	20.328	-0.010	1.021	899.468
225.502	291.125	80.016	19.979	100.179	20.326	-0.006	0.993	899.449
226.002	291.623	80.015	19.980	100.179	20.328	-0.008	0.981	899.428
226.502	292.141	80.014	19.980	100.178	20.327	-0.007	1.016	899.453
227.002	292.634	80.012	19.980	100.178	20.326	-0.003	1.010	899.468
227.503	293.133	80.014	19.981	100.177	20.325	-0.000	0.991	899.479
228.004	293.672	80.017	19.981	100.180	20.326	-0.002	1.038	899.472
228.503	294.129	80.016	19.980	100.184	20.327	-0.003	0.997	899.492
229.002	294.628	80.015	19.979	100.188	20.328	-0.004	0.957	899.497
229.502	295.171	80.017	19.979	100.190	20.331	-0.009	1.042	899.494
230.003	295.620	80.015	19.980	100.191	20.325	0.002	0.991	899.489
230.503	296.142	80.014	19.980	100.192	20.326	0.002	0.971	899.440
231.003	296.656	80.018	19.979	100.193	20.327	0.001	1.037	899.509
231.503	297.153	80.015	19.980	100.195	20.326	0.001	1.011	899.511
232.003	297.653	80.014	19.979	100.198	20.329	-0.003	0.996	899.513
232.503	298.145	80.013	19.979	100.198	20.330	-0.006	0.992	899.462
233.003	298.680	80.011	19.980	100.195	20.329	-0.005	1.027	899.642
233.503	299.181	80.012	19.980	100.189	20.328	-0.003	1.036	899.560
234.003	299.654	80.013	19.979	100.187	20.327	0.000	0.974	899.452
234.503	300.163	80.014	19.980	100.183	20.332	-0.007	0.982	899.543
235.002	300.648	80.013	19.980	100.185	20.329	-0.002	0.994	899.525
235.503	301.170	80.012	19.979	100.184	20.328	-0.001	1.008	899.544
236.002	301.654	80.015	19.980	100.183	20.328	-0.001	1.007	899.540
236.502	302.146	80.016	19.980	100.179	20.328	-0.001	0.976	899.545
237.003	302.658	80.013	19.980	100.175	20.325	0.004	1.003	899.489
237.503	303.146	80.015	19.980	100.171	20.324	0.005	1.000	899.549
238.003	303.653	80.014	19.979	100.169	20.326	0.002	0.994	899.534
238.503	304.145	80.015	19.980	100.170	20.326	0.005	0.999	899.533
239.003	304.664	80.015	19.980	100.172	20.323	0.010	1.011	899.552
239.503	305.176	80.014	19.980	100.173	20.326	0.004	1.031	899.587
240.003	305.679	80.015	19.979	100.176	20.325	0.007	1.015	899.559
240.503	306.148	80.015	19.979	100.177	20.325	0.008	0.972	899.531
241.003	306.653	80.016	19.980	100.176	20.328	0.005	0.974	899.554
241.503	307.162	80.017	19.980	100.170	20.328	0.004	1.014	899.557
242.003	307.691	80.018	19.980	100.168	20.326	0.007	1.038	899.550
242.503	308.163	80.017	19.981	100.166	20.327	0.006	1.002	899.592
243.003	308.652	80.016	19.980	100.168	20.326	0.008	0.961	899.563
243.503	309.156	80.013	19.979	100.169	20.330	0.003	0.993	899.578
244.003	309.653	80.015	19.980	100.170	20.327	0.007	1.001	899.594
244.503	310.161	80.015	19.981	100.168	20.326	0.009	1.005	899.614
245.003	310.681	80.013	19.980	100.168	20.329	0.002	1.028	899.578
245.503	311.173	80.012	19.980	100.166	20.327	0.005	1.012	899.573
246.003	311.680	80.013	19.979	100.162	20.328	0.003	0.999	899.548
246.503	312.153	80.014	19.980	100.162	20.329	-0.001	0.979	899.594
247.003	312.649	80.016	19.980	100.162	20.325	0.006	0.970	899.594
247.503	313.154	80.016	19.979	100.158	20.323	0.009	1.003	899.596
248.002	313.641	80.013	19.979	100.150	20.321	0.013	0.992	899.612
248.502	314.174	80.014	19.980	100.153	20.323	0.008	1.019	899.573
249.003	314.678	80.012	19.978	100.153	20.319	0.012	1.036	899.585
249.503	315.126	80.015	19.979	100.152	20.320	0.010	0.952	899.605
250.003	315.653	80.015	19.980	100.151	20.321	0.008	0.975	899.631
250.503	316.136	80.014	19.980	100.152	20.321	0.008	1.010	899.605
251.003	316.681	80.016	19.979	100.144	20.320	0.010	1.029	899.604
251.502	317.175	80.014	19.978	100.142	20.322	0.008	1.039	899.619
252.003	317.635	80.014	19.978	100.148	20.322	0.009	0.953	899.611
252.503	318.151	80.016	19.978	100.155	20.323	0.008	0.976	899.626
253.002	318.659	80.016	19.978	100.159	20.322	0.012	1.025	899.645
253.503	319.185	80.015	19.977	100.161	20.323	0.010	1.033	899.660
254.003	319.658	80.014	19.979	100.163	20.326	0.006	0.999	899.623
254.503	320.180	80.014	19.979	100.158	20.321	0.015	0.996	899.636
255.003	320.620	80.015	19.980	100.157	20.324	0.008	0.962	899.643
255.503	321.153	80.015	19.981	100.163	20.323	0.010	0.972	899.659
256.004	321.650	80.015	19.979	100.173	20.326	0.003	1.029	899.637
256.503	322.138	80.015	19.979	100.174	20.324	0.007	0.986	899.632
257.003	322.633	80.017	19.979	100.179	20.324	0.005	0.984	899.668
257.503	323.114	80.015	19.979	100.176	20.322	0.009	0.976	899.638
258.003	323.597	80.017	19.980	100.172	20.323	0.010	0.964	899.648
258.503	324.116	80.015	19.979	100.171	20.324	0.008	1.002	899.652
259.003	324.646	80.017	19.980	100.172	20.323	0.010	1.049	899.678
259.503	325.109	80.016	19.980	100.167	20.325	0.005	0.993	899.661
260.002	325.622	80.017	19.980	100.167	20.326	0.002	0.976	899.678
260.502	326.136	80.018	19.980	100.163	20.323	0.008	1.026	899.670
261.003	326.623	80.017	19.980	100.156	20.324	0.006	1.000	899.659
261.504	327.101	80.016	19.981	100.154	20.326	0.003	0.965	899.651
262.003	327.630	80.017	19.980	100.156	20.323	0.008	1.008	899.664
262.503	328.145	80.014	19.979	100.159	20.322	0.012	1.044	899.677
263.003	328.642	80.015	19.979	100.164	20.327	0.007	1.011	899.691
263.503	329.104	80.016	19.980	100.165	20.327	0.009	0.960	899.675
264.003	329.651	80.017	19.980	100.167	20.324	0.015	1.009	899.686
264.503	330.117	80.014	19.980	100.169	20.325	0.014	1.013	899.681
265.003	330.635	80.014	19.979	100.165	20.328	0.011	0.984	899.717
265.503	331.132	80.013	19.979	100.161	20.323	0.021	1.015	899.691
266.003	331.650	80.016	19.980	100.158	20.326	0.014	1.014	899.689
266.503	332.135	80.014	19.981	100.159	20.327	0.011	1.003	899.708
267.003	332.624	80.014	19.981	100.162	20.324	0.015	0.974	899.689
267.503	333.139	80.015	19.980	100.167	20.327	0.009	1.005	899.691
268.003	333.633	80.014	19.981	100.171	20.327	0.008	1.009	899.732
268.503	334.138	80.017	19.981	100.171	20.324	0.012	0.998	899.713
269.003	334.621	80.015	19.980	100.168	20.322	0.013	0.987	899.698
269.504	335.150	80.015	19.980	100.161	20.324	0.010	1.012	899.710
270.003	335.651	80.012	19.979	100.155	20.320	0.017	1.030	899.716
270.503	336.126	80.012	19.980	100.148	20.323	0.011	0.975	899.718
271.003	336.647	80.014	19.979	100.140	20.322	0.011	0.997	899.717
271.503	337.135	80.016	19.979	100.136	20.326	0.005	1.010	899.718
272.003	337.627	80.014	19.980	100.131	20.323	0.010	0.979	899.728
272.503	338.165	80.013	19.980	100.125	20.325	0.007	1.030	899.705
273.003	338.676	80.015	19.980	100.127	20.323	0.011	1.049	899.742
273.503	339.132	80.014	19.981	100.131	20.321	0.014	0.966	899.724
274.003	339.619	80.015	19.980	100.135	20.323	0.012	0.943	899.730
274.503	340.126	80.016	19.981	100.142	20.322	0.017	0.994	899.724
275.003	340.630	80.016	19.980	100.144	20.324	0.012	1.011	899.728
275.503	341.118	80.015	19.980	100.146	20.325	0.011	0.993	899.750
276.003	341.642	80.014	19.981	100.150	20.322	0.017	1.013	899.742
276.503	342.105	80.015	19.981	100.156	20.322	0.015	0.987	899.739
277.003	342.642	80.016	19.980	100.156	20.325	0.009	0.999	899.748
277.503	343.132	80.013	19.982	100.159	20.325	0.009	1.026	899.740
278.003	343.622	80.015	19.981	100.159	20.323	0.015	0.980	899.728
278.503	344.129	80.014	19.981	100.160	20.326	0.011	0.998	899.776
279.003	344.639	80.014	19.981	100.159	20.327	0.009	1.016	899.785
279.503	345.155	80.017	19.981	100.158	20.324	0.017	1.026	899.785
280.003	345.639	80.017	19.981	100.159	20.321	0.021	1.001	899.750
280.503	346.087	80.014	19.982	100.159	20.324	0.017	0.931	899.758
281.003	346.637	80.012	19.981	100.155	20.324	0.016	0.998	899.766
281.503	347.125	80.016	19.982	100.146	20.320	0.022	1.039	899.739
282.003	347.630	80.018	19.982	100.145	20.320	0.020	0.992	899.789
282.503	348.127	80.018	19.982	100.147	20.319	0.020	1.002	899.756
283.003	348.631	80.015	19.982	100.146	20.316	0.026	1.002	899.752
283.503	349.167	80.018	19.982	100.147	20.317	0.024	1.040	899.790
284.003	349.633	80.017	19.981	100.153	20.322	0.017	1.001	899.788
284.503	350.128	80.013	19.979	100.154	20.318	0.023	0.961	899.796
285.003	350.660	80.016	19.979	100.147	20.318	0.026	1.027	899.778
285.503	351.135	80.018	19.980	100.145	20.317	0.028	1.008	899.777
286.003	351.641	80.014	19.980	100.144	20.313	0.035	0.981	899.804
286.503	352.114	80.014	19.979	100.136	20.317	0.028	0.979	899.820
287.003	352.629	80.013	19.979	100.131	20.317	0.028	0.988	899.798
287.504	353.133	80.016	19.980	100.134	20.316	0.030	1.019	899.820
288.004	353.641	80.015	19.979	100.135	20.315	0.030	1.012	899.830
288.504	354.145	80.014	19.980	100.136	20.314	0.030	1.012	899.823
289.004	354.627	80.014	19.981	100.142	20.313	0.033	0.986	899.844
289.503	355.138	80.017	19.980	100.147	20.315	0.028	0.993	899.818
290.004	355.648	80.014	19.979	100.147	20.315	0.027	1.020	899.850
290.504	356.116	80.019	19.980	100.147	20.314	0.029	0.979	899.843
291.003	356.637	80.017	19.980	100.147	20.312	0.032	0.990	899.864
291.503	357.113	80.017	19.981	100.145	20.311	0.036	0.996	899.836
292.004	357.603	80.018	19.979	100.142	20.311	0.036	0.965	899.830
292.504	358.136	80.019	19.979	100.138	20.312	0.036	1.024	899.852
293.003	358.596	80.021	19.980	100.136	20.309	0.042	0.994	899.835
293.503	359.081	80.018	19.980	100.134	20.312	0.037	0.945	899.865
294.003	359.617	80.018	19.981	100.134	20.311	0.039	1.021	899.866
294.503	360.093	80.018	19.982	100.136	20.311	0.041	1.012	899.844
295.003	360.590	80.018	19.981	100.135	20.308	0.046	0.973	899.835
295.503	361.099	80.016	19.981	100.139	20.308	0.045	1.006	899.846
296.004	361.606	80.018	19.979	100.145	20.308	0.047	1.016	899.850
296.504	362.107	80.016	19.980	100.145	20.308	0.046	1.008	899.834
297.003	362.616	80.015	19.980	100.149	20.309	0.045	1.010	899.841
297.503	363.120	80.013	19.980	100.151	20.305	0.051	1.013	899.871
298.003	363.639	80.014	19.981	100.146	20.305	0.049	1.023	899.901
298.503	364.134	80.017	19.980	100.141	20.302	0.054	1.014	899.878
299.003	364.609	80.015	19.980	100.142	20.304	0.051	0.969	899.863
299.504	365.104	80.016	19.980	100.137	20.304	0.050	0.970	899.899
300.003	365.604	80.017	19.981	100.136	20.302	0.054	0.996	899.893
300.503	366.120	80.016	19.981	100.136	20.304	0.052	1.016	899.905
301.003	366.601	80.016	19.981	100.133	20.300	0.060	0.996	899.915
301.504	367.122	80.015	19.980	100.130	20.300	0.059	1.001	899.882
302.004	367.603	80.014	19.980	100.126	20.301	0.057	1.002	899.898
302.503	368.119	80.014	19.982	100.127	20.294	0.067	0.998	899.912
303.003	368.587	80.013	19.980	100.125	20.293	0.070	0.984	899.866
303.503	369.078	80.015	19.980	100.126	20.295	0.066	0.959	899.913
304.003	369.591	80.017	19.980	100.125	20.291	0.073	1.004	899.927
304.503	370.120	80.015	19.979	100.126	20.291	0.075	1.041	899.924
305.003	370.580	80.017	19.980	100.126	20.292	0.074	0.989	899.921
305.503	371.097	80.017	19.980	100.134	20.288	0.080	0.977	899.923
306.003	371.613	80.015	19.980	100.131	20.290	0.077	1.032	899.912
306.504	372.105	80.016	19.980	100.133	20.286	0.082	1.007	899.893
307.004	372.610	80.018	19.979	100.134	20.286	0.081	0.997	899.909
307.504	373.109	80.016	19.979	100.132	20.285	0.083	1.004	899.902
308.004	373.596	80.014	19.980	100.126	20.283	0.086	0.986	899.912
308.504	374.106	80.012	19.980	100.127	20.279	0.092	0.996	899.928
309.004	374.621	80.015	19.979	100.129	20.279	0.092	1.024	899.922
309.505	375.128	80.015	19.980	100.129	20.274	0.099	1.022	899.951
310.004	375.639	80.012	19.979	100.133	20.272	0.103	1.019	899.925
310.504	376.111	80.014	19.979	100.135	20.270	0.107	0.984	899.931
311.004	376.620	80.015	19.980	100.133	20.267	0.112	0.982	899.902
311.504	377.103	80.014	19.980	100.126	20.261	0.122	0.993	899.940
312.004	377.615	80.015	19.979	100.123	20.262	0.120	0.995	899.923
312.504	378.089	80.018	19.979	100.119	20.260	0.124	0.986	899.916
313.004	378.602	80.017	19.979	100.123	20.252	0.139	0.986	899.933
313.504	379.105	80.016	19.980	100.126	20.252	0.138	1.016	899.925
314.004	379.632	80.016	19.979	100.132	20.250	0.142	1.030	899.943
314.504	380.082	80.016	19.979	100.135	20.245	0.150	0.976	899.950
315.004	380.624	80.015	19.980	100.135	20.241	0.157	0.993	899.977
315.504	381.109	80.012	19.979	100.132	20.236	0.166	1.028	899.947
316.003	381.594	80.015	19.980	100.134	20.232	0.171	0.970	899.963
316.503	382.079	80.015	19.980	100.135	20.225	0.183	0.970	899.962
317.003	382.592	80.014	19.980	100.137	20.222	0.189	0.998	899.952
317.503	383.115	80.016	19.979	100.138	20.214	0.203	1.036	899.976
318.004	383.618	80.018	19.979	100.138	20.212	0.206	1.026	899.992
318.504	384.086	80.016	19.979	100.137	20.204	0.217	0.971	899.994
319.004	384.599	80.016	19.980	100.135	20.197	0.228	0.981	899.946
319.504	385.127	80.016	19.979	100.132	20.190	0.237	1.042	899.989
320.004	385.640	80.017	19.979	100.133	20.181	0.251	1.041	899.986
320.504	386.085	80.019	19.980	100.131	20.175	0.259	0.958	899.982
321.004	386.591	80.018	19.980	100.130	20.169	0.269	0.950	899.964
321.504	387.110	80.020	19.979	100.132	20.157	0.290	1.024	899.996
322.005	387.592	80.017	19.980	100.130	20.149	0.304	1.001	899.971
322.505	388.135	80.016	19.980	100.128	20.140	0.318	1.025	899.993
323.005	388.589	80.017	19.980	100.131	20.131	0.332	0.996	899.995
323.505	389.088	80.018	19.980	100.131	20.119	0.353	0.954	900.008
324.004	389.595	80.017	19.979	100.130	20.105	0.374	1.007	900.024
324.504	390.120	80.019	19.979	100.131	20.091	0.398	1.030	900.058
325.005	390.612	80.017	19.980	100.133	20.073	0.428	1.017	900.034
325.504	391.088	80.019	19.979	100.133	20.058	0.455	0.969	900.036
326.004	391.615	80.019	19.979	100.137	20.036	0.493	1.003	900.041
326.505	392.096	80.018	19.979	100.142	20.018	0.524	1.008	900.026
327.004	392.586	80.017	19.980	100.149	19.996	0.563	0.972	900.031
327.504	393.087	80.016	19.981	100.155	19.966	0.613	0.991	900.026
328.004	393.576	80.018	19.981	100.161	19.940	0.655	0.989	899.998
328.504	394.059	80.020	19.979	100.158	19.910	0.703	0.971	900.015
329.005	394.591	80.018	19.980	100.156	19.877	0.756	1.014	900.003
329.505	395.075	80.017	19.978	100.153	19.843	0.811	1.016	900.025
330.004	395.569	80.018	19.979	100.155	19.809	0.869	0.979	900.017
330.503	396.090	80.019	19.980	100.157	19.773	0.929	1.015	900.003
331.004	396.609	80.019	19.979	100.163	19.735	0.996	1.040	900.029
331.504	397.062	80.015	19.980	100.168	19.704	1.052	0.972	900.023
332.004	397.553	80.016	19.979	100.167	19.659	1.131	0.943	900.034
332.505	398.101	80.015	19.979	100.163	19.609	1.220	1.039	900.048
333.005	398.585	80.015	19.979	100.155	19.537	1.344	1.032	900.040
333.504	399.082	80.015	19.980	100.148	19.450	1.493	0.981	900.046
334.004	399.581	80.016	19.979	100.145	19.347	1.671	0.997	900.048
334.504	400.086	80.013	19.979	100.146	19.246	1.845	1.004	900.033
335.004	400.582	80.015	19.978	100.146	19.145	2.021	1.001	900.086
335.504	401.077	80.016	19.978	100.153	19.063	2.167	0.992	900.075
336.004	401.592	80.016	19.979	100.162	18.997	2.291	1.010	900.044
336.504	402.108	80.017	19.978	100.169	18.944	2.393	1.030	900.079
337.004	402.609	80.016	19.978	100.172	18.910	2.464	1.017	900.086
337.504	403.085	80.017	19.979	100.173	18.883	2.517	0.978	900.101
338.004	403.596	80.017	19.979	100.167	18.861	2.559	0.986	900.090
338.504	404.090	80.016	19.979	100.154	18.829	2.610	1.004	900.104
339.004	404.610	80.018	19.980	100.139	18.781	2.684	1.014	900.105
339.504	405.089	80.017	19.980	100.123	18.712	2.791	0.999	900.077
340.004	405.594	80.018	19.979	100.105	18.635	2.913	0.983	900.093
340.505	406.097	80.017	19.979	100.093	18.562	3.029	1.009	900.087
341.004	406.585	80.017	19.979	100.080	18.518	3.098	0.991	900.095
341.504	407.090	80.018	19.980	100.063	18.543	3.054	0.993	900.108
342.004	407.598	80.017	19.978	100.039	18.626	2.906	1.013	900.099
342.504	408.078	80.018	19.979	100.011	18.730	2.712	0.987	900.127
343.005	408.598	80.019	19.979	99.971	18.824	2.531	1.000	900.140
343.504	409.097	80.019	19.978	99.919	18.873	2.419	1.020	900.108
344.004	409.577	80.019	19.979	99.864	18.866	2.400	0.980	900.127
344.504	410.082	80.017	19.979	99.821	18.799	2.492	0.984	900.137
345.005	410.569	80.019	19.979	99.793	18.685	2.678	0.991	900.130
345.505	411.103	80.019	19.979	99.785	18.531	2.944	1.022	900.133
346.004	411.571	80.017	19.979	99.806	18.339	3.283	1.002	900.136
346.504	412.073	80.016	19.979	99.837	18.130	3.655	0.970	900.165
347.004	412.575	80.018	19.980	99.861	17.909	4.046	1.004	900.094
347.504	413.044	80.017	19.979	99.885	17.684	4.440	0.971	900.144
348.004	413.581	80.016	19.978	99.894	17.456	4.833	1.007	900.109
348.504	414.075	80.015	19.980	99.894	17.221	5.235	1.031	900.156
349.004	414.532	80.015	19.979	99.909	17.001	5.609	0.950	900.140
349.504	415.082	80.015	19.979	99.957	16.835	5.895	1.006	900.134
350.004	415.552	80.018	19.980	100.036	16.742	6.056	1.020	900.137
350.504	416.056	80.018	19.980	100.144	16.740	6.054	0.975	900.135
351.004	416.560	80.017	19.980	100.270	16.798	5.940	1.009	900.162
351.504	417.035	80.015	19.978	100.376	16.843	5.835	0.978	900.162
352.004	417.547	80.013	19.979	100.426	16.819	5.841	0.986	900.173
352.504	418.054	80.015	19.979	100.408	16.680	6.045	1.019	900.193
353.004	418.547	80.015	19.979	100.343	16.468	6.390	1.000	900.167
353.504	419.020	80.013	19.979	100.237	16.281	6.719	0.966	900.182
354.005	419.525	80.016	19.980	100.134	16.160	6.947	0.978	900.173
354.505	420.058	80.015	19.980	100.050	16.096	7.084	1.039	900.223
355.004	420.533	80.015	19.979	99.984	16.035	7.201	1.008	900.210
355.504	421.039	80.017	19.980	99.928	15.930	7.372	0.980	900.188
356.004	421.488	80.014	19.980	99.881	15.741	7.664	0.955	900.202
356.504	421.993	80.015	19.979	99.823	15.455	8.096	0.954	900.187
357.004	422.527	80.012	19.979	99.764	15.069	8.703	1.039	900.217
357.504	423.022	80.011	19.978	99.736	14.644	9.413	1.030	900.198
358.004	423.466	80.011	19.979	99.775	14.332	9.958	0.940	900.210
358.504	423.981	80.010	19.979	99.870	14.250	10.133	0.958	900.194
359.004	424.487	80.008	19.978	100.030	14.343	10.006	1.020	900.213
359.504	424.985	80.009	19.979	100.193	14.477	9.778	1.003	900.208
360.004	425.467	80.009	19.979	100.285	14.514	9.661	0.979	900.211
360.505	425.964	80.012	19.979	100.244	14.369	9.838	0.979	900.230
361.004	426.465	80.016	19.980	100.093	14.052	10.228	0.999	900.262
361.504	426.923	80.014	19.980	99.892	13.584	10.910	0.959	900.228
362.005	427.436	80.013	19.979	99.743	12.949	11.933	0.971	900.241
362.504	427.907	80.012	19.979	99.710	12.302	13.095	0.984	900.222
363.005	428.404	80.013	19.978	99.792	11.881	13.894	0.966	900.213
363.506	428.874	80.011	19.979	99.930	11.761	14.162	0.967	900.213
364.005	429.390	80.010	19.978	100.093	11.882	14.073	0.988	900.239
364.504	429.873	80.013	19.978	100.138	12.071	13.826	1.000	900.220
365.004	430.366	80.013	19.979	99.966	12.195	13.597	0.976	900.230
365.504	430.854	80.012	19.979	99.698	12.157	13.494	0.981	900.225
366.004	431.328	80.013	19.979	99.473	11.875	13.802	0.961	900.244
366.505	431.821	80.016	19.980	99.328	11.175	14.871	0.967	900.240
367.005	432.315	80.015	19.980	99.466	10.007	16.745	0.987	900.265
367.505	432.800	80.013	19.979	99.924	8.897	18.532	0.978	900.248
368.005	433.295	80.011	19.979	100.296	8.269	19.582	0.980	900.239
368.505	433.783	80.013	19.978	100.938	8.201	19.791	0.984	900.236
369.005	434.241	80.013	19.978	101.263	8.473	19.461	0.947	900.265
369.504	434.751	80.012	19.979	101.071	8.920	18.787	0.969	900.252
370.004	435.234	80.012	19.978	100.144	9.365	18.030	0.993	900.306
370.504	435.717	80.013	19.979	99.444	9.510	17.713	0.966	900.270
371.004	436.214	80.012	19.979	98.620	8.955	18.480	0.979	900.302
371.505	436.707	80.013	19.979	98.158	7.753	20.310	0.989	900.256
372.005	437.164	80.014	19.980	98.141	6.568	22.141	0.950	900.297
372.505	437.638	80.013	19.981	98.932	5.875	23.241	0.932	900.285
373.004	438.129	80.011	19.979	99.906	5.598	23.724	0.965	900.279
373.504	438.602	80.009	19.980	100.643	5.563	23.835	0.964	900.321
374.004	439.117	80.011	19.979	100.781	5.712	23.652	0.987	900.308
374.504	439.585	80.012	19.978	100.421	6.005	23.209	0.982	900.295
375.005	440.077	80.011	19.980	99.749	6.280	22.767	0.960	900.302
375.505	440.566	80.012	19.978	98.752	6.191	22.855	0.981	900.327
376.005	441.043	80.013	19.980	97.802	5.530	23.815	0.965	900.330
376.505	441.549	80.010	19.979	97.456	4.595	25.207	0.983	900.355
377.005	442.027	80.013	19.978	97.759	3.882	26.280	0.984	900.306
377.505	442.503	80.013	19.979	98.497	3.528	26.821	0.955	900.343
378.005	442.999	80.012	19.979	99.356	3.427	26.988	0.972	900.310
378.505	443.493	80.012	19.979	100.154	3.421	27.011	0.989	900.340
379.005	443.947	80.014	19.979	100.281	3.429	27.006	0.949	900.346
379.505	444.469	80.014	19.979	99.855	3.431	27.001	0.978	900.333
380.004	444.921	80.017	19.979	98.893	3.410	27.021	0.975	900.323
380.504	445.426	80.014	19.979	97.903	3.381	27.054	0.957	900.316
381.004	445.899	80.015	19.979	97.148	3.354	27.082	0.977	900.347
381.505	446.407	80.011	19.978	97.112	3.358	27.070	0.980	900.352
382.005	446.882	80.012	19.979	97.479	3.380	27.033	0.984	900.325
382.505	447.352	80.014	19.978	98.075	3.423	26.967	0.946	900.328
383.004	447.862	80.013	19.980	98.620	3.499	26.854	0.980	900.386
383.504	448.333	80.014	19.981	98.885	3.597	26.709	0.981	900.368
384.004	448.820	80.015	19.980	98.777	3.708	26.542	0.957	900.365
384.505	449.339	80.014	19.980	98.399	3.838	26.347	1.004	900.338
385.006	449.855	80.014	19.979	97.941	3.980	26.134	1.036	900.377
385.505	450.321	80.015	19.980	97.520	4.146	25.884	0.983	900.329
386.004	450.818	80.015	19.980	97.291	4.329	25.610	0.964	900.375
386.504	451.316	80.015	19.979	97.310	4.541	25.287	0.995	900.397
387.004	451.799	80.011	19.979	97.511	4.773	24.929	0.981	900.373
387.504	452.307	80.013	19.979	97.760	5.032	24.525	0.991	900.368
388.005	452.804	80.014	19.979	98.002	5.313	24.082	1.004	900.380
388.505	453.292	80.013	19.979	98.172	5.617	23.600	0.985	900.403
389.005	453.818	80.013	19.980	98.267	5.943	23.078	1.014	900.416
389.505	454.323	80.016	19.980	98.311	6.291	22.526	1.031	900.419
390.005	454.846	80.016	19.979	98.332	6.663	21.940	1.029	900.386
390.505	455.342	80.018	19.980	98.348	7.057	21.314	1.020	900.406
391.004	455.831	80.016	19.979	98.370	7.460	20.674	0.984	900.404
391.505	456.337	80.017	19.980	98.409	7.882	20.001	0.994	900.407
392.005	456.831	80.017	19.979	98.468	8.311	19.314	1.001	900.396
392.505	457.352	80.014	19.978	98.549	8.765	18.582	1.015	900.404
393.005	457.878	80.015	19.978	98.618	9.238	17.813	1.046	900.413
393.505	458.419	80.019	19.978	98.639	9.727	17.018	1.067	900.397
394.005	458.880	80.020	19.979	98.758	10.221	16.210	1.002	900.421
394.505	459.408	80.017	19.979	98.940	10.717	15.394	0.990	900.437
395.004	459.936	80.016	19.979	99.161	11.214	14.568	1.056	900.411
395.504	460.441	80.017	19.979	99.480	11.707	13.744	1.032	900.419
396.005	460.936	80.019	19.979	99.858	12.198	12.922	1.000	900.440
396.505	461.451	80.017	19.979	100.099	12.679	12.108	1.010	900.462
397.005	461.986	80.016	19.979	100.275	13.157	11.299	1.050	900.441
397.505	462.520	80.017	19.979	100.423	13.623	10.504	1.070	900.425
398.005	463.012	80.018	19.979	100.536	14.073	9.725	1.025	900.473
398.505	463.545	80.016	19.979	100.697	14.510	8.962	1.025	900.427
399.005	464.084	80.018	19.978	100.887	14.935	8.215	1.073	900.424
399.505	464.577	80.018	19.978	101.047	15.342	7.489	1.032	900.463
400.005	465.081	80.017	19.979	101.202	15.730	6.789	0.996	900.420
400.505	465.622	80.016	19.979	101.347	16.103	6.120	1.046	900.462
401.005	466.171	80.016	19.977	101.455	16.458	5.496	1.090	900.463
401.505	466.691	80.018	19.978	101.615	16.790	4.920	1.068	900.455
402.005	467.177	80.015	19.977	101.809	17.105	4.380	1.006	900.470
402.505	467.697	80.018	19.977	101.980	17.397	3.892	1.006	900.518
403.005	468.248	80.019	19.978	102.129	17.669	3.448	1.071	900.459
403.505	468.749	80.017	19.978	102.273	17.924	3.027	1.052	900.484
404.005	469.220	80.017	19.980	102.398	18.150	2.647	0.972	900.464
404.506	469.781	80.019	19.979	102.543	18.364	2.286	1.032	900.482
405.006	470.287	80.018	19.979	102.700	18.555	1.966	1.066	900.477
405.505	470.801	80.017	19.980	102.872	18.733	1.673	1.021	900.465
406.005	471.333	80.017	19.979	103.054	18.896	1.409	1.047	900.542
406.505	471.809	80.018	19.979	103.222	19.039	1.183	1.009	900.532
407.004	472.322	80.019	19.979	103.416	19.171	0.980	0.989	900.489
407.504	472.834	80.015	19.978	103.630	19.288	0.805	1.024	900.487
408.005	473.340	80.016	19.978	103.781	19.393	0.653	1.018	900.523
408.505	473.863	80.015	19.978	103.851	19.488	0.518	1.030	900.496
409.005	474.340	80.015	19.978	103.873	19.569	0.406	1.001	900.503
409.504	474.870	80.017	19.979	103.827	19.644	0.303	1.007	900.513
410.005	475.385	80.018	19.980	103.742	19.711	0.211	1.044	900.537
410.505	475.853	80.015	19.978	103.676	19.772	0.130	0.983	900.524
411.005	476.372	80.016	19.980	103.651	19.825	0.075	0.987	900.527
411.505	476.904	80.014	19.980	103.641	19.874	0.043	1.051	900.531
412.005	477.419	80.017	19.980	103.619	19.915	0.031	1.048	900.540
412.505	477.879	80.018	19.979	103.584	19.955	0.020	0.975	900.533
413.005	478.379	80.013	19.979	103.537	19.986	0.024	0.959	900.565
413.505	478.909	80.018	19.980	103.472	20.016	0.028	1.029	900.542
414.005	479.397	80.016	19.980	103.395	20.040	0.033	1.018	900.547
414.505	479.906	80.017	19.980	103.309	20.069	0.012	0.998	900.581
415.005	480.396	80.019	19.980	103.219	20.089	-0.004	1.000	900.579
415.505	480.908	80.019	19.979	103.124	20.107	-0.016	1.002	900.561
416.005	481.391	80.018	19.979	103.032	20.129	-0.031	0.995	900.562
416.505	481.902	80.018	19.979	102.942	20.141	-0.026	0.994	900.574
417.005	482.415	80.016	19.981	102.862	20.157	-0.030	1.023	900.619
417.505	482.901	80.017	19.980	102.792	20.171	-0.028	0.999	900.554
418.005	483.414	80.016	19.980	102.718	20.182	-0.021	1.000	900.605
418.504	483.871	80.016	19.979	102.597	20.195	-0.016	0.970	900.606
419.005	484.342	80.018	19.979	102.409	20.197	0.004	0.928	900.603
419.505	484.900	80.016	19.980	102.195	20.210	0.001	1.028	900.626
420.005	485.380	80.017	19.979	101.985	20.215	0.006	1.037	900.606
420.505	485.890	80.020	19.979	101.790	20.224	0.000	0.991	900.655
421.005	486.369	80.017	19.979	101.642	20.230	0.001	0.989	900.628
421.506	486.870	80.016	19.979	101.548	20.237	-0.004	0.979	900.618
422.006	487.332	80.017	19.981	101.480	20.245	-0.009	0.962	900.644
422.506	487.845	80.015	19.982	101.413	20.247	-0.003	0.975	900.642
423.006	488.350	80.016	19.980	101.351	20.252	-0.000	1.017	900.636
423.506	488.846	80.014	19.980	101.283	20.256	0.010	1.001	900.608
424.006	489.368	80.015	19.979	101.216	20.259	0.021	1.020	900.662
424.505	489.837	80.016	19.979	101.134	20.260	0.036	0.992	900.641
425.005	490.345	80.016	19.980	101.043	20.268	0.036	0.977	900.642
425.505	490.855	80.015	19.978	100.953	20.268	0.047	1.018	900.646
426.005	491.343	80.017	19.979	100.873	20.272	0.049	0.997	900.639
426.505	491.822	80.016	19.981	100.808	20.278	0.040	0.967	900.650
427.005	492.315	80.013	19.979	100.762	20.277	0.042	0.972	900.627
427.505	492.809	80.015	19.980	100.724	20.282	0.035	0.987	900.624
428.005	493.340	80.015	19.980	100.690	20.281	0.037	1.025	900.656
428.505	493.827	80.018	19.979	100.667	20.288	0.026	1.018	900.685
429.005	494.277	80.015	19.980	100.647	20.288	0.031	0.938	900.641
429.505	494.812	80.017	19.978	100.622	20.289	0.033	0.985	900.675
430.005	495.287	80.016	19.979	100.594	20.290	0.038	1.009	900.629
430.506	495.840	80.014	19.981	100.550	20.294	0.036	1.028	900.671
431.005	496.320	80.017	19.980	100.488	20.293	0.042	1.033	900.677
431.505	496.776	80.018	19.978	100.433	20.293	0.045	0.937	900.664
432.005	497.338	80.016	19.979	100.382	20.300	0.036	1.019	900.686
432.505	497.788	80.016	19.977	100.340	20.300	0.035	1.012	900.667
433.005	498.294	80.013	19.980	100.312	20.300	0.036	0.955	900.683
433.505	498.772	80.014	19.981	100.304	20.306	0.029	0.982	900.647
434.006	499.294	80.015	19.979	100.299	20.306	0.031	0.999	900.702
434.506	499.785	80.014	19.980	100.302	20.312	0.023	1.014	900.659
435.006	500.327	80.016	19.980	100.300	20.310	0.027	1.033	900.723
435.506	500.781	80.015	19.978	100.297	20.315	0.022	0.995	900.680
436.006	501.291	80.012	19.979	100.291	20.314	0.027	0.963	900.682
436.506	501.791	80.019	19.978	100.276	20.314	0.027	1.010	900.715
437.006	502.300	80.018	19.979	100.255	20.319	0.021	1.010	900.688
437.506	502.782	80.018	19.980	100.239	20.321	0.017	0.992	900.694
438.005	503.281	80.018	19.978	100.224	20.325	0.012	0.981	900.691
438.506	503.795	80.017	19.979	100.212	20.331	0.001	1.013	900.692
439.005	504.255	80.017	19.979	100.203	20.331	-0.001	0.974	900.692
439.505	504.798	80.019	19.979	100.201	20.333	-0.006	1.003	900.700
440.005	505.279	80.016	19.978	100.200	20.333	-0.006	1.024	900.696
440.505	505.779	80.016	19.978	100.196	20.340	-0.018	0.981	900.714
441.005	506.307	80.015	19.978	100.187	20.341	-0.020	1.028	900.734
441.505	506.789	80.014	19.979	100.183	20.343	-0.021	1.009	900.694
442.005	507.279	80.019	19.979	100.174	20.343	-0.019	0.971	900.740
442.505	507.748	80.017	19.979	100.168	20.342	-0.018	0.960	900.709
443.005	508.245	80.016	19.979	100.162	20.343	-0.019	0.966	900.718
443.505	508.741	80.018	19.979	100.153	20.344	-0.020	0.992	900.755
444.005	509.252	80.016	19.979	100.147	20.346	-0.022	1.006	900.724
444.506	509.770	80.017	19.980	100.148	20.343	-0.014	1.029	900.721
445.006	510.291	80.017	19.979	100.143	20.343	-0.014	1.040	900.763
445.505	510.755	80.015	19.979	100.142	20.347	-0.020	0.985	900.735
446.005	511.264	80.016	19.979	100.152	20.348	-0.020	0.972	900.737
446.506	511.755	80.015	19.980	100.157	20.348	-0.020	1.000	900.757
447.006	512.250	80.013	19.980	100.156	20.350	-0.023	0.985	900.761
447.506	512.752	80.017	19.980	100.160	20.348	-0.021	0.997	900.748
448.005	513.278	80.016	19.979	100.160	20.345	-0.018	1.029	900.747
448.505	513.760	80.016	19.980	100.157	20.348	-0.021	1.008	900.775
449.005	514.280	80.017	19.979	100.151	20.345	-0.015	1.001	900.777
449.505	514.767	80.016	19.979	100.148	20.349	-0.021	1.008	900.748
450.005	515.276	80.018	19.979	100.144	20.347	-0.015	0.997	900.803
450.505	515.726	80.019	19.980	100.141	20.352	-0.023	0.959	900.780
451.005	516.258	80.015	19.980	100.140	20.347	-0.015	0.981	900.804
451.506	516.746	80.014	19.980	100.140	20.351	-0.022	1.019	900.760
452.006	517.261	80.013	19.979	100.132	20.353	-0.025	1.003	900.784
452.506	517.735	80.013	19.979	100.123	20.350	-0.020	0.989	900.789
453.006	518.239	80.014	19.980	100.121	20.349	-0.018	0.978	900.810
453.505	518.773	80.016	19.978	100.118	20.348	-0.015	1.038	900.811
454.006	519.242	80.017	19.980	100.119	20.351	-0.019	1.003	900.773
454.506	519.790	80.016	19.980	100.126	20.351	-0.018	1.017	900.810
455.006	520.286	80.016	19.979	100.131	20.353	-0.022	1.045	900.827
455.505	520.776	80.016	19.980	100.130	20.349	-0.016	0.986	900.849
456.005	521.238	80.016	19.980	100.127	20.350	-0.019	0.951	900.839
456.506	521.735	80.014	19.979	100.122	20.351	-0.021	0.958	900.805
457.006	522.261	80.015	19.978	100.117	20.352	-0.023	1.024	900.816
457.505	522.773	80.016	19.978	100.110	20.353	-0.024	1.038	900.850
458.005	523.244	80.016	19.978	100.109	20.355	-0.028	0.982	900.843
458.506	523.740	80.017	19.979	100.109	20.355	-0.029	0.966	900.848
459.006	524.258	80.014	19.979	100.112	20.355	-0.029	1.014	900.847
459.506	524.767	80.015	19.978	100.114	20.356	-0.031	1.027	900.850
460.006	525.228	80.012	19.979	100.115	20.356	-0.032	0.971	900.854
460.506	525.741	80.015	19.979	100.110	20.359	-0.035	0.975	900.852
461.006	526.229	80.014	19.980	100.107	20.356	-0.030	1.001	900.821
461.506	526.722	80.013	19.980	100.100	20.355	-0.027	0.980	900.826
462.006	527.250	80.015	19.980	100.100	20.351	-0.020	1.020	900.883
462.506	527.734	80.015	19.979	100.102	20.352	-0.021	1.013	900.847
463.005	528.260	80.015	19.978	100.104	20.354	-0.023	1.010	900.863
463.506	528.759	80.016	19.980	100.110	20.354	-0.024	1.025	900.877
464.006	529.254	80.017	19.980	100.114	20.353	-0.023	0.995	900.912
464.505	529.750	80.017	19.979	100.111	20.351	-0.020	0.991	900.912
465.005	530.255	80.017	19.980	100.111	20.355	-0.027	1.000	900.895
465.506	530.744	80.014	19.979	100.113	20.356	-0.028	0.994	900.888
466.006	531.254	80.014	19.979	100.113	20.352	-0.021	1.000	900.920
466.505	531.749	80.015	19.979	100.117	20.352	-0.020	1.006	900.907
467.005	532.241	80.015	19.980	100.118	20.358	-0.029	0.986	900.908
467.506	532.750	80.014	19.979	100.119	20.357	-0.026	1.000	900.915
468.006	533.267	80.014	19.979	100.114	20.357	-0.024	1.027	900.891
468.505	533.763	80.013	19.979	100.110	20.355	-0.019	1.014	900.922
469.005	534.240	80.016	19.979	100.105	20.352	-0.017	0.972	900.919
469.505	534.747	80.019	19.979	100.105	20.355	-0.022	0.984	900.902
470.006	535.263	80.017	19.977	100.104	20.353	-0.018	1.023	900.939
470.506	535.750	80.015	19.978	100.105	20.357	-0.025	1.004	900.937
471.005	536.255	80.014	19.979	100.104	20.355	-0.025	0.991	900.902
471.505	536.728	80.016	19.979	100.107	20.354	-0.023	0.977	900.963
472.006	537.224	80.015	19.979	100.109	20.359	-0.029	0.969	900.916
472.506	537.723	80.012	19.979	100.110	20.357	-0.026	0.994	900.915
473.006	538.222	80.015	19.979	100.108	20.358	-0.028	0.999	900.934
473.506	538.744	80.015	19.979	100.104	20.356	-0.025	1.022	900.921
474.005	539.215	80.015	19.979	100.101	20.355	-0.022	0.993	900.940
474.506	539.726	80.017	19.980	100.097	20.355	-0.021	0.981	900.934
475.006	540.244	80.017	19.980	100.090	20.357	-0.026	1.029	900.956
475.506	540.726	80.016	19.979	100.086	20.355	-0.024	1.001	900.939
476.006	541.187	80.015	19.978	100.087	20.356	-0.024	0.943	900.925
476.506	541.703	80.014	19.980	100.089	20.358	-0.027	0.977	900.942
477.006	542.199	80.016	19.979	100.091	20.358	-0.029	1.012	900.942
477.506	542.732	80.015	19.978	100.093	20.355	-0.024	1.029	900.935
478.006	543.213	80.012	19.980	100.099	20.354	-0.021	1.015	900.934
478.506	543.695	80.013	19.979	100.101	20.359	-0.028	0.962	900.920
479.006	544.209	80.013	19.979	100.095	0.000	0.000	0.995	900.948
479.506	544.701	80.012	19.979	100.093	0.000	0.000	1.006	900.920
480.006	545.204	80.017	19.979	100.094	0.000	0.000	0.995	900.933
480.507	545.708	80.013	19.979	100.095	0.000	0.000	1.007	900.964
481.007	546.209	80.013	19.979	100.093	0.000	0.000	1.006	900.957
481.506	546.694	80.014	19.978	100.091	0.000	0.000	0.986	900.968
482.006	547.191	80.013	19.979	100.092	0.000	0.000	0.981	900.950
482.506	547.729	80.014	19.979	100.097	0.000	0.000	1.034	900.964
483.006	548.208	80.012	19.979	100.096	0.000	0.000	1.017	900.951
483.506	548.714	80.013	19.980	100.096	0.000	0.000	0.985	900.966
484.006	549.220	80.015	19.979	100.099	0.000	0.000	1.012	900.987
484.506	549.710	80.015	19.980	100.101	0.000	0.000	0.996	900.955
485.006	550.226	80.016	19.979	100.096	0.000	0.000	1.008	900.996
485.505	550.745	80.019	19.979	100.092	0.000	0.000	1.036	900.970
486.006	551.228	80.017	19.979	100.091	0.000	0.000	1.001	900.987
486.506	551.732	80.016	19.979	100.089	0.000	0.000	0.986	900.981
487.006	552.220	80.018	19.979	100.086	0.000	0.000	0.992	900.999
487.506	552.745	80.015	19.979	100.086	0.000	0.000	1.013	900.993
488.006	553.201	80.016	19.979	100.088	0.000	0.000	0.982	900.980
488.506	553.710	80.017	19.979	100.088	0.000	0.000	0.966	900.980
