File Name:	PMMA_DE_10mm_60Kmin_4mg_R3.txt	Version: 8.3.7.3
Date:	05 Sep 2024
Operator:	KH
Test ID:	PMMA_DE_10mm_4mg_60K_R3
Sample ID:	PMMA_DE_10mm_4mg
Sample Mass (mg):	4.0700
Sample Cup Mass (mg):	182.2100
End Total Mass (mg):	0.0000
Heating Rate (C/s):	1.0000
Combuster Temperature (C):	900.0
N2 Flow Rate (cc/min):	80.0
O2 Flow Rate (cc/min):	20.0
Calibration File:	Coeff.txt
T Correction Coefficients:	0.308738730	0.013615500	0.000000000
Time Shift (s):	10.0
Pre-Test Comments:
Post-Test Comments:
Baseline Flow:	100.250
Baseline O2:	20.251
Instrument ID:	2700
@
Time (s)	Temperature (C)	N2 Flow (cc/min)	O2 Flow (cc/min)	Total Flow (cc/min)	Oxygen (%)	HRR (W/g)	Heating Rate (C/s)	Combustor Temp (C)
0.000	75.215	80.015	19.977	100.250	20.244	-12.134	-0.019	899.418
0.500	75.223	80.013	19.976	100.250	20.224	-10.452	-0.027	899.425
1.000	75.244	80.016	19.977	100.250	20.204	-8.833	0.029	899.393
1.499	75.272	80.015	19.977	100.260	20.176	-6.534	0.049	899.427
1.999	75.290	80.014	19.976	100.305	20.153	-4.670	0.046	899.417
2.499	75.305	80.016	19.976	100.392	20.142	-3.785	0.033	899.380
2.999	75.274	80.014	19.977	100.504	20.128	-2.626	-0.016	899.399
3.499	75.363	80.016	19.977	100.638	20.119	-1.959	0.058	899.418
4.000	75.415	80.015	19.976	100.779	20.114	-1.547	0.141	899.403
4.500	75.479	80.013	19.975	100.902	20.107	-1.062	0.115	899.399
4.999	75.531	80.016	19.974	100.998	20.106	-1.374	0.116	899.399
5.499	75.591	80.017	19.976	101.073	20.102	-2.062	0.112	899.381
6.000	75.681	80.015	19.976	101.125	20.100	-3.425	0.150	899.387
6.500	75.762	80.015	19.976	101.153	20.098	-5.231	0.171	899.413
6.999	75.859	80.014	19.977	101.159	20.097	-7.171	0.178	899.407
7.500	75.950	80.011	19.976	101.150	20.098	-9.330	0.188	899.382
8.000	76.073	80.014	19.977	101.139	20.095	-10.934	0.214	899.395
8.499	76.156	80.014	19.976	101.128	20.094	-12.090	0.206	899.404
9.000	76.265	80.014	19.976	101.119	20.096	-12.938	0.192	899.369
9.500	76.382	80.014	19.976	101.115	20.094	-12.940	0.226	899.384
9.999	76.511	80.013	19.976	101.116	20.092	-12.663	0.247	899.400
10.499	76.688	80.015	19.976	101.114	20.076	-11.168	0.306	899.374
10.999	76.822	80.014	19.977	101.111	20.054	-8.869	0.310	899.359
11.500	76.965	80.013	19.976	101.108	20.022	-5.830	0.277	899.350
12.000	77.134	80.015	19.976	101.113	19.992	-2.840	0.312	899.350
12.500	77.329	80.013	19.976	101.147	19.966	-0.057	0.364	899.354
13.000	77.510	80.014	19.975	101.232	19.949	1.902	0.376	899.390
13.500	77.754	80.013	19.975	101.362	19.936	3.578	0.425	899.368
13.999	77.972	80.014	19.977	101.521	19.930	4.642	0.462	899.353
14.500	78.216	80.015	19.976	101.687	19.933	5.002	0.462	899.371
15.000	78.462	80.014	19.976	101.835	19.937	5.191	0.490	899.339
15.500	78.738	80.014	19.976	101.941	19.939	5.446	0.522	899.329
16.000	79.066	80.014	19.976	101.999	19.941	5.766	0.604	899.335
16.499	79.377	80.013	19.976	102.022	19.948	5.708	0.640	899.352
17.000	79.691	80.014	19.977	102.026	19.955	5.601	0.624	899.348
17.500	80.074	80.015	19.976	102.006	19.965	5.201	0.696	899.352
18.001	80.421	80.013	19.976	101.973	19.973	5.015	0.730	899.333
18.500	80.783	80.013	19.976	101.930	19.979	5.082	0.710	899.352
18.999	81.190	80.012	19.976	101.886	19.990	4.624	0.769	899.360
19.499	81.580	80.012	19.978	101.835	20.001	4.084	0.797	899.362
19.999	81.984	80.015	19.977	101.783	20.007	4.044	0.795	899.349
20.499	82.353	80.012	19.978	101.736	20.010	4.209	0.773	899.323
21.000	82.779	80.014	19.978	101.690	20.018	3.904	0.794	899.359
21.500	83.192	80.012	19.977	101.645	20.020	4.069	0.838	899.322
22.000	83.622	80.011	19.978	101.606	20.026	3.819	0.844	899.321
22.500	84.052	80.012	19.979	101.574	20.026	4.082	0.861	899.307
23.000	84.491	80.014	19.976	101.545	20.033	3.700	0.867	899.318
23.501	84.965	80.013	19.978	101.517	20.034	3.688	0.913	899.337
24.000	85.407	80.013	19.978	101.484	20.040	3.356	0.918	899.302
24.499	85.848	80.014	19.978	101.456	20.045	2.977	0.883	899.315
25.000	86.346	80.014	19.978	101.424	20.051	2.597	0.939	899.300
25.500	86.822	80.014	19.977	101.390	20.056	2.279	0.974	899.322
26.000	87.320	80.012	19.976	101.357	20.061	2.057	0.973	899.320
26.500	87.778	80.014	19.977	101.335	20.065	1.811	0.957	899.347
27.000	88.307	80.014	19.976	101.310	20.071	1.460	0.987	899.309
27.500	88.773	80.011	19.977	101.283	20.072	1.565	0.994	899.315
28.000	89.262	80.013	19.977	101.256	20.072	1.819	0.955	899.292
28.500	89.724	80.014	19.976	101.234	20.076	1.627	0.951	899.305
29.000	90.237	80.013	19.977	101.210	20.079	1.467	0.975	899.328
29.500	90.750	80.013	19.977	101.193	20.083	1.225	1.026	899.316
30.000	91.247	80.013	19.976	101.182	20.083	1.356	1.010	899.319
30.500	91.750	80.013	19.977	101.176	20.084	1.314	1.000	899.321
30.999	92.231	80.015	19.977	101.168	20.087	1.051	0.985	899.308
31.500	92.804	80.013	19.976	101.164	20.089	0.989	1.053	899.331
32.000	93.281	80.014	19.976	101.162	20.091	0.912	1.050	899.302
32.500	93.790	80.014	19.976	101.159	20.093	0.745	0.987	899.293
32.999	94.300	80.013	19.976	101.150	20.093	0.778	1.019	899.283
33.499	94.821	80.015	19.976	101.143	20.094	0.810	1.031	899.289
34.000	95.346	80.017	19.976	101.133	20.096	0.791	1.045	899.291
34.499	95.877	80.016	19.976	101.121	20.102	0.476	1.056	899.289
35.000	96.383	80.014	19.976	101.110	20.100	0.702	1.037	899.295
35.500	96.895	80.012	19.976	101.097	20.104	0.497	1.018	899.291
36.000	97.416	80.012	19.977	101.088	20.102	0.737	1.034	899.256
36.500	97.929	80.015	19.977	101.083	20.105	0.608	1.034	899.294
37.000	98.488	80.013	19.976	101.076	20.105	0.570	1.071	899.305
37.500	98.991	80.014	19.976	101.074	20.103	0.744	1.062	899.274
38.000	99.507	80.015	19.976	101.074	20.107	0.458	1.019	899.285
38.500	100.071	80.015	19.977	101.075	20.111	0.177	1.081	899.249
39.000	100.607	80.016	19.978	101.068	20.112	0.194	1.100	899.288
39.500	101.157	80.016	19.977	101.061	20.114	0.023	1.085	899.291
40.000	101.672	80.015	19.978	101.059	20.119	-0.292	1.065	899.273
40.500	102.225	80.014	19.978	101.056	20.121	-0.418	1.068	899.299
41.000	102.720	80.014	19.977	101.048	20.117	-0.110	1.048	899.256
41.500	103.254	80.014	19.978	101.041	20.119	-0.216	1.030	899.237
42.000	103.762	80.016	19.978	101.033	20.118	-0.091	1.042	899.246
42.500	104.312	80.013	19.978	101.021	20.120	-0.221	1.058	899.294
43.000	104.836	80.012	19.977	101.012	20.118	-0.098	1.074	899.295
43.500	105.366	80.012	19.977	101.010	20.122	-0.334	1.054	899.261
44.000	105.926	80.010	19.977	101.009	20.125	-0.490	1.089	899.296
44.500	106.437	80.013	19.978	101.009	20.122	-0.280	1.070	899.280
45.000	106.975	80.015	19.977	101.007	20.122	-0.211	1.049	899.249
45.500	107.517	80.011	19.976	101.005	20.124	-0.141	1.080	899.251
46.000	108.045	80.013	19.978	101.002	20.125	-0.104	1.071	899.243
46.500	108.597	80.012	19.977	101.000	20.125	-0.124	1.081	899.241
46.999	109.088	80.012	19.977	100.998	20.123	0.072	1.043	899.267
47.500	109.631	80.012	19.978	100.998	20.125	-0.006	1.033	899.242
48.000	110.173	80.012	19.978	100.995	20.128	-0.316	1.084	899.242
48.501	110.738	80.013	19.978	100.992	20.128	-0.330	1.107	899.263
49.001	111.235	80.013	19.978	100.988	20.128	-0.394	1.062	899.243
49.500	111.799	80.014	19.977	100.986	20.129	-0.375	1.063	899.235
49.999	112.315	80.015	19.978	100.986	20.129	-0.429	1.081	899.270
50.500	112.873	80.013	19.977	100.985	20.131	-0.509	1.073	899.252
51.000	113.397	80.012	19.976	100.982	20.133	-0.633	1.082	899.243
51.500	113.943	80.011	19.977	100.980	20.131	-0.486	1.069	899.230
52.000	114.493	80.009	19.976	100.978	20.131	-0.438	1.095	899.230
52.501	115.011	80.011	19.975	100.967	20.135	-0.720	1.068	899.233
53.001	115.512	80.010	19.977	100.955	20.136	-0.745	1.019	899.221
53.501	116.076	80.010	19.977	100.949	20.135	-0.669	1.065	899.233
54.000	116.612	80.013	19.979	100.947	20.131	-0.318	1.101	899.250
54.500	117.127	80.009	19.977	100.943	20.132	-0.388	1.052	899.254
55.000	117.686	80.008	19.977	100.947	20.132	-0.415	1.074	899.201
55.500	118.214	80.013	19.977	100.953	20.130	-0.280	1.087	899.240
56.000	118.766	80.011	19.977	100.954	20.131	-0.362	1.079	899.229
56.500	119.282	80.013	19.977	100.951	20.131	-0.381	1.066	899.231
57.001	119.806	80.011	19.977	100.950	20.128	-0.134	1.041	899.229
57.500	120.366	80.013	19.977	100.947	20.134	-0.591	1.086	899.221
57.999	120.896	80.016	19.977	100.947	20.136	-0.730	1.091	899.235
58.499	121.414	80.013	19.977	100.946	20.133	-0.535	1.047	899.218
59.000	121.937	80.013	19.977	100.946	20.133	-0.487	1.041	899.221
59.500	122.463	80.014	19.977	100.944	20.133	-0.494	1.049	899.214
60.000	123.032	80.013	19.976	100.940	20.138	-0.879	1.093	899.209
60.501	123.531	80.013	19.976	100.936	20.136	-0.779	1.067	899.210
61.001	124.071	80.015	19.977	100.933	20.133	-0.464	1.040	899.221
61.500	124.593	80.014	19.977	100.933	20.133	-0.455	1.063	899.207
62.000	125.156	80.012	19.977	100.934	20.135	-0.521	1.084	899.238
62.500	125.658	80.011	19.976	100.935	20.134	-0.453	1.064	899.181
63.000	126.207	80.011	19.976	100.935	20.134	-0.416	1.053	899.207
63.500	126.738	80.013	19.977	100.937	20.131	-0.148	1.081	899.207
64.000	127.267	80.012	19.978	100.935	20.132	-0.243	1.059	899.210
64.500	127.761	80.012	19.978	100.934	20.129	-0.027	1.023	899.205
65.000	128.313	80.014	19.977	100.934	20.130	-0.099	1.047	899.207
65.500	128.824	80.012	19.976	100.937	20.131	-0.218	1.062	899.198
66.000	129.373	80.014	19.976	100.935	20.129	-0.069	1.059	899.205
66.500	129.906	80.015	19.977	100.935	20.131	-0.172	1.082	899.213
67.000	130.414	80.013	19.977	100.935	20.130	-0.000	1.041	899.201
67.500	130.968	80.015	19.976	100.937	20.131	-0.031	1.061	899.186
68.001	131.476	80.016	19.976	100.935	20.129	0.143	1.061	899.189
68.501	131.998	80.015	19.976	100.934	20.130	0.068	1.030	899.216
69.000	132.528	80.013	19.977	100.931	20.131	0.060	1.053	899.230
69.500	133.096	80.012	19.978	100.926	20.128	0.217	1.098	899.186
70.000	133.577	80.013	19.979	100.923	20.127	0.260	1.048	899.199
70.500	134.133	80.012	19.977	100.920	20.127	0.243	1.038	899.197
71.000	134.632	80.012	19.977	100.920	20.129	0.128	1.056	899.160
71.500	135.179	80.013	19.978	100.924	20.128	0.229	1.045	899.222
72.000	135.696	80.014	19.977	100.929	20.126	0.396	1.064	899.204
72.501	136.207	80.013	19.978	100.925	20.124	0.675	1.029	899.182
73.000	136.767	80.015	19.978	100.925	20.120	1.046	1.071	899.224
73.500	137.279	80.013	19.977	100.925	20.123	0.825	1.071	899.155
74.001	137.780	80.013	19.977	100.920	20.122	0.877	1.012	899.218
74.501	138.301	80.013	19.976	100.914	20.123	0.835	1.023	899.230
75.000	138.815	80.013	19.977	100.914	20.123	0.884	1.036	899.252
75.500	139.369	80.015	19.978	100.910	20.122	0.945	1.067	899.173
76.000	139.860	80.014	19.977	100.907	20.122	0.905	1.044	899.212
76.500	140.395	80.013	19.977	100.909	20.120	1.105	1.026	899.228
77.000	140.933	80.015	19.976	100.914	20.121	1.051	1.074	899.200
77.500	141.415	80.016	19.976	100.917	20.119	1.232	1.020	899.197
78.000	141.980	80.014	19.977	100.917	20.118	1.253	1.046	899.232
78.501	142.489	80.014	19.976	100.915	20.115	1.445	1.074	899.208
79.000	143.025	80.012	19.976	100.910	20.113	1.660	1.046	899.233
79.500	143.527	80.013	19.976	100.904	20.114	1.561	1.038	899.177
80.001	144.033	80.013	19.975	100.899	20.115	1.473	1.007	899.206
80.501	144.571	80.009	19.975	100.898	20.112	1.691	1.044	899.174
81.000	145.088	80.011	19.975	100.895	20.109	1.985	1.055	899.215
81.501	145.602	80.013	19.976	100.895	20.110	2.006	1.031	899.200
82.000	146.121	80.013	19.976	100.894	20.109	2.116	1.034	899.212
82.500	146.652	80.015	19.975	100.894	20.111	1.945	1.051	899.186
83.000	147.123	80.013	19.976	100.895	20.110	2.020	1.002	899.183
83.500	147.638	80.011	19.977	100.895	20.108	2.136	0.986	899.193
84.000	148.189	80.009	19.977	100.893	20.107	2.191	1.066	899.185
84.500	148.696	80.011	19.976	100.893	20.110	2.005	1.058	899.175
85.000	149.214	80.012	19.976	100.889	20.107	2.186	1.025	899.195
85.500	149.747	80.012	19.977	100.890	20.108	2.077	1.050	899.204
86.000	150.266	80.010	19.976	100.894	20.107	2.147	1.052	899.225
86.500	150.755	80.012	19.978	100.895	20.106	2.223	1.008	899.179
87.001	151.302	80.011	19.977	100.896	20.106	2.271	1.036	899.218
87.500	151.793	80.011	19.977	100.896	20.102	2.566	1.038	899.208
88.000	152.329	80.012	19.977	100.892	20.104	2.491	1.027	899.208
88.501	152.833	80.014	19.977	100.885	20.100	2.806	1.039	899.223
89.001	153.348	80.012	19.978	100.882	20.102	2.686	1.019	899.168
89.501	153.852	80.011	19.977	100.879	20.102	2.730	1.021	899.205
90.000	154.388	80.010	19.976	100.881	20.094	3.354	1.041	899.201
90.500	154.911	80.012	19.978	100.883	20.094	3.326	1.058	899.211
91.000	155.419	80.012	19.978	100.886	20.094	3.302	1.031	899.224
91.500	155.922	80.012	19.978	100.887	20.092	3.458	1.011	899.226
92.000	156.426	80.013	19.978	100.887	20.094	3.284	1.007	899.169
92.500	156.980	80.013	19.978	100.886	20.092	3.397	1.057	899.217
93.000	157.497	80.013	19.978	100.889	20.088	3.693	1.072	899.213
93.500	158.024	80.013	19.977	100.888	20.086	3.824	1.044	899.202
94.000	158.525	80.013	19.976	100.889	20.090	3.570	1.027	899.197
94.501	159.024	80.012	19.976	100.888	20.087	3.916	1.000	899.220
95.001	159.545	80.013	19.977	100.886	20.083	4.274	1.019	899.242
95.501	160.056	80.012	19.976	100.880	20.081	4.471	1.033	899.200
96.001	160.572	80.015	19.977	100.878	20.078	4.656	1.028	899.216
96.500	161.051	80.014	19.976	100.876	20.074	4.958	0.993	899.193
97.001	161.564	80.013	19.976	100.878	20.071	5.245	0.992	899.225
97.501	162.090	80.014	19.977	100.878	20.073	5.073	1.040	899.185
98.001	162.615	80.011	19.977	100.877	20.067	5.456	1.050	899.193
98.502	163.096	80.010	19.978	100.876	20.065	5.626	1.006	899.160
99.002	163.619	80.010	19.977	100.877	20.062	5.884	1.005	899.167
99.501	164.158	80.009	19.977	100.879	20.060	6.109	1.063	899.206
100.001	164.690	80.009	19.976	100.881	20.056	6.269	1.072	899.209
100.501	165.158	80.010	19.977	100.885	20.056	6.255	1.000	899.192
101.001	165.691	80.009	19.975	100.888	20.051	6.583	1.001	899.198
101.501	166.198	80.012	19.976	100.881	20.052	6.571	1.039	899.170
102.002	166.701	80.012	19.976	100.870	20.047	6.989	1.010	899.221
102.501	167.236	80.012	19.975	100.864	20.041	7.442	1.039	899.200
103.000	167.720	80.014	19.975	100.864	20.037	7.740	1.020	899.243
103.500	168.219	80.009	19.976	100.866	20.033	8.014	0.983	899.158
104.001	168.728	80.013	19.976	100.870	20.026	8.560	1.007	899.187
104.501	169.228	80.015	19.976	100.871	20.025	8.681	1.009	899.192
105.000	169.753	80.013	19.976	100.871	20.019	9.137	1.024	899.184
105.501	170.266	80.013	19.976	100.870	20.014	9.396	1.038	899.185
106.001	170.764	80.011	19.975	100.867	20.012	9.662	1.012	899.166
106.501	171.271	80.011	19.974	100.868	20.005	10.252	1.005	899.150
107.001	171.761	80.013	19.975	100.870	19.999	10.691	0.997	899.216
107.501	172.319	80.011	19.976	100.876	19.997	10.873	1.049	899.226
108.000	172.825	80.014	19.976	100.878	19.990	11.410	1.064	899.188
108.501	173.314	80.014	19.976	100.875	19.984	11.886	0.995	899.184
109.001	173.866	80.013	19.977	100.875	19.978	12.427	1.042	899.200
109.500	174.350	80.017	19.976	100.875	19.970	12.939	1.035	899.190
110.001	174.889	80.018	19.975	100.873	19.968	13.095	1.022	899.192
110.501	175.388	80.019	19.974	100.872	19.965	13.381	1.039	899.220
111.000	175.891	80.016	19.975	100.875	19.959	13.932	1.001	899.212
111.501	176.407	80.014	19.975	100.872	19.953	14.439	1.018	899.193
112.001	176.935	80.016	19.976	100.875	19.947	14.908	1.045	899.214
112.500	177.433	80.017	19.976	100.875	19.942	15.332	1.027	899.193
113.000	177.937	80.016	19.976	100.877	19.937	15.827	1.001	899.191
113.501	178.449	80.014	19.975	100.873	19.931	16.321	1.015	899.191
114.001	178.933	80.014	19.975	100.871	19.927	16.682	0.997	899.182
114.501	179.447	80.013	19.976	100.870	19.924	16.873	0.999	899.191
115.001	179.967	80.015	19.977	100.869	19.915	17.518	1.034	899.178
115.501	180.477	80.016	19.976	100.866	19.912	17.760	1.029	899.187
116.001	180.971	80.014	19.977	100.866	19.906	18.165	1.004	899.187
116.501	181.499	80.012	19.976	100.865	19.899	18.678	1.023	899.208
117.001	182.043	80.012	19.977	100.866	19.896	18.876	1.072	899.186
117.501	182.507	80.014	19.975	100.867	19.890	19.397	1.007	899.201
118.002	183.077	80.014	19.976	100.863	19.889	19.535	1.034	899.211
118.501	183.542	80.011	19.975	100.858	19.885	19.873	1.036	899.166
119.001	184.023	80.012	19.975	100.854	19.876	20.583	0.946	899.176
119.501	184.579	80.014	19.975	100.851	19.873	20.874	1.037	899.236
120.001	185.068	80.013	19.977	100.847	19.866	21.416	1.045	899.202
120.501	185.580	80.014	19.977	100.841	19.865	21.540	1.001	899.171
121.000	186.073	80.012	19.976	100.839	19.862	21.795	1.005	899.225
121.500	186.616	80.012	19.976	100.839	19.860	22.036	1.035	899.215
122.001	187.122	80.012	19.976	100.837	19.854	22.531	1.049	899.197
122.501	187.580	80.010	19.977	100.836	19.852	22.774	0.964	899.207
123.001	188.116	80.012	19.975	100.842	19.849	23.039	0.993	899.218
123.501	188.604	80.012	19.975	100.844	19.845	23.400	1.026	899.224
124.000	189.141	80.011	19.976	100.846	19.842	23.651	1.026	899.218
124.501	189.667	80.013	19.976	100.847	19.840	23.770	1.061	899.167
125.001	190.160	80.011	19.976	100.844	19.840	23.786	1.018	899.221
125.500	190.669	80.011	19.977	100.840	19.839	23.990	1.003	899.162
126.000	191.206	80.013	19.976	100.838	19.837	24.238	1.046	899.226
126.500	191.699	80.012	19.977	100.834	19.839	24.151	1.029	899.191
127.001	192.208	80.012	19.977	100.830	19.838	24.269	1.002	899.215
127.500	192.714	80.012	19.977	100.828	19.838	24.363	1.016	899.232
128.001	193.236	80.011	19.978	100.826	19.839	24.265	1.028	899.195
128.501	193.735	80.012	19.977	100.824	19.839	24.271	1.021	899.250
129.001	194.228	80.012	19.977	100.820	19.842	24.012	0.992	899.226
129.501	194.746	80.013	19.978	100.812	19.841	24.032	1.010	899.236
130.002	195.254	80.015	19.977	100.809	19.841	24.020	1.025	899.221
130.502	195.763	80.014	19.978	100.807	19.842	23.968	1.018	899.213
131.001	196.282	80.013	19.978	100.801	19.846	23.752	1.030	899.230
131.501	196.808	80.015	19.978	100.800	19.847	23.689	1.046	899.243
132.001	197.323	80.015	19.977	100.805	19.851	23.455	1.041	899.235
132.501	197.819	80.014	19.976	100.801	19.856	23.081	1.011	899.234
133.000	198.296	80.014	19.976	100.792	19.861	22.685	0.972	899.234
133.501	198.807	80.013	19.977	100.788	19.866	22.219	0.987	899.226
134.001	199.346	80.014	19.977	100.781	19.870	21.867	1.050	899.185
134.501	199.821	80.013	19.977	100.773	19.869	21.861	1.015	899.221
135.001	200.328	80.014	19.978	100.769	19.877	21.215	0.981	899.225
135.501	200.860	80.015	19.978	100.774	19.883	20.637	1.040	899.224
136.000	201.346	80.015	19.977	100.778	19.892	20.018	1.019	899.215
136.501	201.907	80.014	19.978	100.778	19.898	19.524	1.046	899.207
137.001	202.388	80.016	19.979	100.782	19.906	19.022	1.041	899.206
137.501	202.870	80.014	19.977	100.784	19.910	18.742	0.962	899.218
138.002	203.372	80.012	19.977	100.776	19.916	18.363	0.984	899.234
138.501	203.922	80.012	19.977	100.771	19.925	17.788	1.054	899.240
139.000	204.426	80.013	19.978	100.768	19.929	17.397	1.054	899.225
139.501	204.918	80.014	19.978	100.763	19.935	17.008	0.995	899.249
140.001	205.436	80.015	19.977	100.762	19.942	16.381	1.010	899.254
140.501	205.909	80.016	19.978	100.772	19.950	15.704	0.990	899.246
141.001	206.462	80.017	19.978	100.777	19.961	14.841	1.025	899.248
141.501	206.953	80.016	19.978	100.782	19.965	14.409	1.043	899.242
142.002	207.441	80.016	19.978	100.785	19.972	13.824	0.979	899.239
142.502	208.005	80.016	19.978	100.790	19.982	13.044	1.052	899.230
143.002	208.487	80.014	19.977	100.792	19.989	12.443	1.046	899.219
143.502	209.006	80.015	19.977	100.790	19.996	11.852	1.002	899.238
144.001	209.522	80.016	19.976	100.790	20.003	11.272	1.036	899.245
144.501	209.990	80.015	19.976	100.788	20.010	10.721	0.984	899.226
145.001	210.525	80.017	19.977	100.777	20.017	10.124	1.004	899.259
145.500	211.043	80.013	19.977	100.769	20.022	9.664	1.053	899.239
146.001	211.531	80.014	19.976	100.770	20.029	9.106	1.006	899.257
146.501	212.057	80.014	19.977	100.770	20.034	8.635	1.014	899.273
147.001	212.566	80.013	19.976	100.772	20.040	8.143	1.035	899.245
147.501	213.049	80.015	19.977	100.779	20.044	7.801	0.991	899.223
148.002	213.578	80.016	19.977	100.783	20.049	7.353	1.011	899.255
148.502	214.089	80.014	19.976	100.786	20.056	6.777	1.041	899.277
149.001	214.593	80.015	19.975	100.791	20.061	6.397	1.016	899.259
149.501	215.090	80.013	19.976	100.795	20.067	5.963	1.000	899.275
150.001	215.625	80.013	19.976	100.799	20.074	5.477	1.033	899.272
150.501	216.091	80.014	19.977	100.804	20.078	5.270	1.003	899.247
151.001	216.596	80.013	19.976	100.805	20.079	5.246	0.971	899.275
151.501	217.124	80.015	19.976	100.805	20.080	5.131	1.032	899.243
152.001	217.609	80.015	19.977	100.811	20.084	4.841	1.012	899.273
152.502	218.112	80.013	19.976	100.816	20.090	4.359	0.989	899.275
153.001	218.634	80.016	19.977	100.818	20.091	4.241	1.026	899.239
153.501	219.119	80.018	19.977	100.823	20.093	4.027	1.007	899.252
154.001	219.639	80.017	19.977	100.826	20.093	3.995	1.004	899.258
154.502	220.152	80.018	19.977	100.828	20.099	3.643	1.033	899.293
155.001	220.671	80.016	19.976	100.833	20.100	3.598	1.033	899.269
155.501	221.160	80.017	19.977	100.838	20.100	3.620	1.008	899.307
156.001	221.693	80.018	19.977	100.841	20.102	3.520	1.022	899.289
156.501	222.197	80.015	19.976	100.841	20.104	3.438	1.037	899.325
157.001	222.660	80.016	19.976	100.834	20.103	3.530	0.966	899.261
157.501	223.188	80.017	19.977	100.827	20.105	3.409	0.991	899.296
158.001	223.689	80.015	19.976	100.822	20.104	3.413	1.030	899.249
158.501	224.210	80.018	19.977	100.821	20.103	3.614	1.023	899.282
159.001	224.713	80.016	19.978	100.823	20.106	3.447	1.024	899.266
159.501	225.217	80.015	19.977	100.826	20.106	3.506	1.007	899.297
160.001	225.724	80.014	19.977	100.829	20.109	3.313	1.012	899.267
160.501	226.234	80.012	19.977	100.833	20.108	3.438	1.017	899.296
161.001	226.715	80.015	19.977	100.834	20.109	3.442	0.991	899.292
161.501	227.258	80.014	19.977	100.832	20.106	3.613	1.023	899.281
162.002	227.731	80.013	19.977	100.829	20.111	3.273	1.015	899.289
162.502	228.251	80.014	19.975	100.826	20.108	3.427	0.994	899.284
163.001	228.780	80.014	19.976	100.820	20.108	3.450	1.050	899.313
163.501	229.272	80.014	19.976	100.814	20.107	3.601	1.020	899.269
164.002	229.760	80.015	19.976	100.810	20.106	3.740	0.980	899.270
164.501	230.274	80.017	19.977	100.813	20.107	3.766	1.002	899.274
165.001	230.765	80.014	19.977	100.814	20.106	3.912	1.006	899.282
165.501	231.259	80.014	19.976	100.816	20.104	4.142	0.985	899.296
166.001	231.754	80.013	19.975	100.811	20.106	4.001	0.988	899.311
166.502	232.287	80.015	19.975	100.806	20.107	3.922	1.027	899.304
167.001	232.771	80.013	19.976	100.797	20.105	4.091	1.018	899.280
167.501	233.267	80.012	19.975	100.791	20.103	4.231	0.980	899.269
168.002	233.750	80.015	19.976	100.787	20.104	4.038	0.979	899.313
168.501	234.282	80.013	19.976	100.791	20.101	4.311	1.016	899.272
169.001	234.785	80.014	19.975	100.794	20.106	4.036	1.035	899.271
169.501	235.322	80.015	19.975	100.794	20.107	4.004	1.039	899.283
170.002	235.806	80.015	19.976	100.792	20.109	3.891	1.020	899.318
170.502	236.298	80.015	19.978	100.789	20.109	4.018	0.977	899.286
171.001	236.774	80.013	19.977	100.785	20.109	4.046	0.968	899.312
171.502	237.319	80.011	19.977	100.780	20.107	4.162	1.021	899.277
172.001	237.809	80.013	19.976	100.779	20.105	4.341	1.035	899.301
172.501	238.291	80.012	19.977	100.770	20.105	4.334	0.972	899.318
173.001	238.849	80.012	19.978	100.764	20.105	4.356	1.040	899.306
173.501	239.345	80.014	19.977	100.764	20.109	4.015	1.054	899.301
174.002	239.808	80.013	19.978	100.764	20.105	4.260	0.959	899.287
174.502	240.305	80.012	19.977	100.766	20.108	4.045	0.961	899.298
175.001	240.833	80.014	19.976	100.773	20.106	4.194	1.025	899.313
175.501	241.342	80.011	19.977	100.774	20.106	4.221	1.036	899.309
176.002	241.846	80.013	19.977	100.765	20.109	4.024	1.012	899.344
176.502	242.328	80.012	19.977	100.761	20.106	4.217	0.986	899.328
177.001	242.847	80.012	19.978	100.757	20.108	4.155	1.003	899.342
177.501	243.336	80.013	19.977	100.754	20.104	4.551	1.008	899.297
178.001	243.842	80.011	19.978	100.748	20.103	4.685	0.995	899.298
178.501	244.327	80.012	19.978	100.747	20.106	4.472	0.990	899.332
179.002	244.845	80.012	19.975	100.746	20.108	4.311	1.002	899.310
179.502	245.370	80.011	19.977	100.745	20.109	4.293	1.044	899.335
180.002	245.876	80.014	19.977	100.744	20.109	4.294	1.032	899.332
180.501	246.384	80.014	19.976	100.748	20.110	4.192	1.015	899.347
181.002	246.872	80.013	19.977	100.751	20.107	4.350	0.995	899.311
181.502	247.374	80.013	19.978	100.753	20.113	3.854	0.989	899.361
182.002	247.882	80.013	19.977	100.753	20.111	3.984	1.009	899.353
182.502	248.391	80.014	19.977	100.750	20.109	4.080	1.017	899.336
183.002	248.909	80.016	19.977	100.748	20.105	4.237	1.028	899.338
183.502	249.396	80.014	19.976	100.750	20.108	3.896	1.005	899.357
184.002	249.903	80.014	19.976	100.746	20.105	4.176	0.994	899.357
184.502	250.419	80.014	19.976	100.739	20.105	4.231	1.025	899.356
185.001	250.911	80.012	19.976	100.737	20.109	3.941	1.009	899.322
185.501	251.446	80.013	19.977	100.730	20.110	3.900	1.026	899.364
186.002	251.864	80.014	19.976	100.727	20.112	3.876	0.953	899.339
186.502	252.403	80.012	19.976	100.731	20.109	4.112	0.958	899.329
187.001	252.897	80.014	19.978	100.734	20.108	4.084	1.034	899.315
187.501	253.401	80.014	19.977	100.732	20.114	3.668	0.998	899.361
188.001	253.897	80.014	19.977	100.734	20.113	3.805	1.000	899.355
188.501	254.434	80.014	19.978	100.734	20.111	4.021	1.032	899.335
189.001	254.901	80.014	19.977	100.733	20.110	4.037	1.003	899.380
189.501	255.435	80.014	19.978	100.739	20.111	4.082	1.000	899.359
190.002	255.942	80.014	19.976	100.748	20.109	4.280	1.041	899.344
190.502	256.432	80.014	19.976	100.760	20.114	3.882	0.997	899.356
191.001	256.945	80.017	19.977	100.762	20.111	4.113	1.003	899.330
191.502	257.439	80.016	19.976	100.759	20.111	4.055	1.006	899.352
192.002	257.945	80.019	19.978	100.751	20.111	4.111	1.000	899.371
192.502	258.451	80.017	19.978	100.749	20.108	4.292	1.012	899.341
193.002	258.964	80.016	19.976	100.744	20.107	4.391	1.019	899.361
193.502	259.452	80.017	19.977	100.739	20.107	4.428	1.001	899.356
194.002	259.972	80.018	19.976	100.744	20.109	4.231	1.009	899.352
194.501	260.458	80.017	19.976	100.751	20.108	4.303	1.007	899.371
195.002	260.956	80.019	19.977	100.747	20.108	4.400	0.983	899.349
195.502	261.469	80.015	19.976	100.741	20.110	4.306	1.011	899.380
196.001	261.952	80.014	19.976	100.740	20.109	4.354	0.997	899.337
196.501	262.461	80.016	19.977	100.735	20.110	4.185	0.991	899.359
197.002	262.977	80.016	19.976	100.729	20.110	4.267	1.024	899.378
197.502	263.479	80.014	19.975	100.731	20.105	4.584	1.019	899.367
198.002	263.975	80.013	19.977	100.734	20.108	4.236	0.999	899.387
198.501	264.480	80.011	19.976	100.734	20.104	4.556	1.001	899.350
199.001	264.943	80.010	19.976	100.732	20.106	4.338	0.967	899.371
199.502	265.460	80.013	19.976	100.732	20.105	4.476	0.980	899.352
200.001	265.957	80.010	19.975	100.731	20.105	4.429	1.015	899.372
200.501	266.490	80.010	19.976	100.731	20.107	4.274	1.030	899.361
201.002	266.975	80.010	19.976	100.730	20.103	4.550	1.017	899.379
201.501	267.481	80.009	19.975	100.733	20.103	4.486	0.991	899.358
202.001	267.950	80.011	19.975	100.735	20.103	4.559	0.976	899.384
202.501	268.495	80.010	19.975	100.725	20.104	4.484	1.014	899.362
203.001	269.002	80.008	19.976	100.721	20.101	4.736	1.051	899.381
203.502	269.480	80.008	19.977	100.724	20.099	4.924	0.984	899.379
204.002	269.964	80.009	19.978	100.726	20.099	4.980	0.962	899.351
204.502	270.488	80.012	19.977	100.726	20.096	5.267	1.009	899.391
205.002	270.991	80.010	19.977	100.736	20.096	5.333	1.027	899.333
205.502	271.494	80.011	19.976	100.740	20.093	5.651	1.006	899.352
206.001	271.998	80.013	19.977	100.739	20.092	5.691	1.008	899.375
206.501	272.450	80.012	19.976	100.737	20.090	5.849	0.956	899.364
207.002	272.972	80.008	19.975	100.739	20.090	5.897	0.973	899.354
207.502	273.501	80.014	19.976	100.740	20.086	6.189	1.051	899.409
208.002	273.996	80.013	19.976	100.742	20.080	6.526	1.024	899.383
208.502	274.494	80.011	19.975	100.745	20.082	6.396	0.993	899.352
209.002	274.987	80.012	19.976	100.746	20.077	6.844	0.991	899.394
209.502	275.452	80.011	19.976	100.742	20.076	6.949	0.959	899.375
210.002	275.991	80.013	19.976	100.742	20.075	6.990	1.004	899.400
210.502	276.536	80.012	19.976	100.738	20.073	7.076	1.083	899.412
211.002	276.986	80.012	19.977	100.734	20.066	7.641	0.995	899.411
211.502	277.487	80.014	19.976	100.732	20.064	7.736	0.951	899.400
212.002	277.977	80.011	19.976	100.727	20.060	7.952	0.991	899.424
212.502	278.479	80.012	19.976	100.720	20.057	8.182	0.992	899.384
213.002	278.983	80.013	19.977	100.720	20.055	8.400	1.006	899.387
213.502	279.491	80.011	19.978	100.719	20.048	8.945	1.012	899.351
214.002	280.008	80.011	19.977	100.720	20.048	8.889	1.024	899.433
214.502	280.519	80.009	19.977	100.722	20.043	9.308	1.027	899.416
215.002	280.994	80.011	19.978	100.724	20.039	9.625	0.986	899.394
215.502	281.502	80.013	19.977	100.726	20.035	9.943	0.984	899.408
216.002	282.013	80.010	19.976	100.724	20.030	10.311	1.019	899.428
216.502	282.525	80.010	19.976	100.718	20.025	10.700	1.022	899.411
217.002	283.009	80.011	19.975	100.718	20.022	10.969	0.996	899.403
217.502	283.529	80.012	19.976	100.725	20.019	11.172	1.004	899.422
218.002	284.001	80.012	19.975	100.727	20.013	11.627	0.991	899.420
218.502	284.488	80.014	19.975	100.727	20.006	12.176	0.959	899.451
219.002	284.988	80.012	19.977	100.733	20.001	12.630	0.987	899.423
219.502	285.515	80.011	19.976	100.735	19.998	12.846	1.027	899.391
220.003	285.982	80.010	19.977	100.732	19.990	13.544	0.994	899.433
220.502	286.506	80.012	19.977	100.727	19.986	13.876	0.992	899.410
221.002	287.015	80.012	19.976	100.729	19.979	14.393	1.033	899.420
221.502	287.484	80.011	19.976	100.732	19.976	14.717	0.978	899.404
222.002	287.972	80.010	19.975	100.729	19.970	15.080	0.958	899.427
222.501	288.488	80.012	19.976	100.728	19.967	15.368	1.003	899.405
223.002	289.023	80.010	19.977	100.733	19.958	15.946	1.050	899.394
223.502	289.517	80.011	19.976	100.731	19.954	16.286	1.029	899.434
224.002	290.002	80.016	19.978	100.726	19.947	16.840	0.980	899.441
224.502	290.518	80.014	19.977	100.726	19.942	17.114	1.002	899.440
225.002	291.022	80.015	19.978	100.729	19.936	17.570	1.019	899.418
225.502	291.523	80.011	19.977	100.725	19.928	18.164	1.005	899.437
226.002	292.010	80.012	19.977	100.727	19.919	18.883	0.989	899.456
226.502	292.520	80.014	19.977	100.725	19.915	19.208	0.996	899.426
227.002	293.023	80.013	19.977	100.723	19.908	19.666	1.011	899.440
227.502	293.523	80.013	19.976	100.716	19.901	20.196	1.003	899.452
228.002	294.020	80.014	19.976	100.716	19.894	20.796	0.997	899.440
228.503	294.515	80.013	19.977	100.711	19.888	21.264	0.991	899.434
229.003	295.019	80.015	19.976	100.713	19.881	21.768	0.999	899.465
229.502	295.511	80.016	19.976	100.714	19.872	22.478	0.997	899.449
230.002	296.016	80.015	19.976	100.718	19.870	22.782	0.998	899.426
230.502	296.525	80.017	19.976	100.719	19.861	23.564	1.014	899.447
231.001	297.025	80.012	19.976	100.719	19.855	24.060	1.009	899.461
231.502	297.526	80.014	19.978	100.718	19.849	24.575	1.001	899.443
232.002	298.017	80.015	19.977	100.722	19.842	25.177	0.992	899.425
232.502	298.538	80.011	19.977	100.726	19.838	25.592	1.012	899.471
233.002	299.041	80.014	19.977	100.724	19.832	26.129	1.023	899.454
233.502	299.560	80.012	19.977	100.725	19.822	26.835	1.022	899.490
234.002	300.045	80.013	19.978	100.726	19.817	27.153	1.004	899.451
234.502	300.534	80.015	19.977	100.726	19.812	27.570	0.973	899.438
235.003	301.041	80.015	19.976	100.723	19.802	28.412	0.995	899.465
235.503	301.558	80.014	19.977	100.723	19.798	28.649	1.025	899.484
236.003	302.042	80.012	19.976	100.724	19.792	28.969	1.001	899.495
236.502	302.550	80.010	19.976	100.723	19.788	29.272	0.993	899.507
237.002	303.066	80.010	19.978	100.716	19.783	29.657	1.025	899.502
237.502	303.540	80.011	19.977	100.712	19.779	29.869	0.989	899.473
238.002	304.034	80.010	19.977	100.707	19.773	30.206	0.968	899.505
238.501	304.550	80.011	19.976	100.699	19.769	30.558	1.010	899.469
239.002	305.049	80.008	19.976	100.693	19.764	31.090	1.015	899.482
239.502	305.545	80.007	19.977	100.689	19.758	31.646	0.994	899.495
240.002	306.050	80.010	19.977	100.685	19.757	31.723	1.001	899.508
240.502	306.532	80.011	19.977	100.682	19.753	32.036	0.987	899.483
241.002	307.023	80.011	19.978	100.686	19.748	32.428	0.973	899.493
241.502	307.515	80.010	19.978	100.688	19.740	32.981	0.984	899.482
242.002	308.040	80.010	19.978	100.684	19.740	33.009	1.019	899.471
242.501	308.527	80.013	19.979	100.682	19.736	33.222	1.012	899.502
243.001	309.053	80.012	19.978	100.686	19.732	33.547	1.012	899.496
243.502	309.514	80.011	19.978	100.692	19.725	34.132	0.987	899.475
244.003	310.044	80.011	19.977	100.696	19.721	34.409	0.991	899.510
244.502	310.545	80.013	19.977	100.703	19.716	34.814	1.031	899.482
245.002	310.999	80.012	19.977	100.710	19.714	34.964	0.956	899.495
245.502	311.543	80.014	19.977	100.711	19.713	35.085	0.999	899.492
246.002	312.006	80.014	19.977	100.701	19.707	35.486	1.007	899.514
246.502	312.509	80.014	19.978	100.690	19.706	35.507	0.966	899.541
247.002	312.992	80.013	19.978	100.684	19.699	36.045	0.986	899.463
247.502	313.564	80.012	19.976	100.686	19.697	36.157	1.054	899.526
248.002	314.033	80.012	19.978	100.688	19.695	36.188	1.041	899.520
248.502	314.511	80.012	19.977	100.690	19.692	36.246	0.947	899.532
249.002	315.046	80.012	19.977	100.695	19.690	36.343	1.013	899.518
249.502	315.517	80.014	19.976	100.695	19.683	36.963	1.006	899.505
250.002	316.069	80.014	19.976	100.692	19.678	37.226	1.023	899.523
250.502	316.552	80.013	19.976	100.690	19.674	37.384	1.034	899.530
251.002	317.037	80.015	19.977	100.691	19.672	37.471	0.969	899.552
251.502	317.548	80.013	19.975	100.694	19.666	37.986	0.996	899.527
252.002	318.051	80.013	19.976	100.693	19.659	38.543	1.014	899.521
252.502	318.545	80.011	19.977	100.689	19.656	38.719	0.998	899.539
253.002	319.031	80.014	19.976	100.685	19.651	38.975	0.981	899.511
253.502	319.533	80.017	19.977	100.689	19.642	39.609	0.988	899.540
254.002	320.038	80.016	19.977	100.694	19.637	39.991	1.006	899.535
254.502	320.533	80.015	19.977	100.698	19.635	40.068	0.999	899.525
255.003	321.032	80.016	19.976	100.704	19.624	40.745	0.994	899.532
255.502	321.533	80.014	19.976	100.714	19.618	41.159	1.000	899.529
256.002	322.058	80.014	19.977	100.718	19.605	42.160	1.027	899.548
256.502	322.545	80.014	19.977	100.721	19.597	42.705	1.011	899.533
257.003	323.029	80.013	19.977	100.726	19.589	43.298	0.971	899.509
257.502	323.538	80.013	19.977	100.732	19.581	43.798	0.994	899.526
258.002	324.047	80.013	19.977	100.736	19.567	44.804	1.019	899.575
258.502	324.536	80.014	19.977	100.738	19.557	45.526	0.998	899.574
259.002	325.062	80.016	19.977	100.739	19.545	46.440	1.014	899.573
259.502	325.520	80.014	19.978	100.740	19.528	47.697	0.983	899.562
260.002	326.042	80.013	19.977	100.742	19.516	48.552	0.981	899.574
260.502	326.545	80.012	19.976	100.746	19.500	49.753	1.025	899.532
261.002	327.016	80.011	19.977	100.750	19.483	50.984	0.974	899.541
261.502	327.520	80.012	19.976	100.756	19.466	52.116	0.974	899.569
262.003	328.039	80.015	19.977	100.765	19.444	53.609	1.023	899.555
262.503	328.546	80.010	19.974	100.770	19.429	54.692	1.028	899.564
263.002	329.018	80.009	19.975	100.770	19.407	56.391	0.979	899.569
263.502	329.552	80.011	19.976	100.770	19.390	57.562	1.005	899.583
264.002	330.051	80.010	19.976	100.776	19.368	59.296	1.033	899.565
264.502	330.549	80.012	19.975	100.779	19.344	61.213	0.997	899.584
265.002	331.067	80.012	19.977	100.784	19.324	62.715	1.016	899.591
265.502	331.577	80.012	19.976	100.792	19.301	64.436	1.028	899.587
266.002	332.077	80.012	19.976	100.794	19.278	66.157	1.010	899.585
266.502	332.543	80.012	19.976	100.791	19.250	68.226	0.966	899.598
267.002	333.047	80.013	19.976	100.796	19.226	69.962	0.969	899.608
267.503	333.556	80.014	19.977	100.800	19.199	71.948	1.013	899.612
268.002	334.075	80.014	19.976	100.799	19.168	74.370	1.028	899.601
268.502	334.561	80.012	19.977	100.809	19.140	76.513	1.005	899.610
269.002	335.104	80.011	19.978	100.823	19.111	78.718	1.030	899.598
269.502	335.581	80.012	19.976	100.832	19.080	81.125	1.020	899.630
270.002	336.071	80.013	19.977	100.835	19.051	83.363	0.966	899.613
270.502	336.539	80.010	19.977	100.841	19.017	85.919	0.958	899.588
271.002	337.040	80.013	19.977	100.841	18.985	88.347	0.969	899.583
271.502	337.550	80.015	19.977	100.834	18.951	90.949	1.010	899.616
272.003	338.030	80.014	19.976	100.828	18.917	93.453	0.989	899.614
272.503	338.549	80.015	19.977	100.833	18.882	96.192	1.000	899.599
273.002	339.032	80.014	19.976	100.835	18.846	98.852	1.003	899.612
273.502	339.533	80.013	19.976	100.837	18.814	101.329	0.984	899.624
274.002	340.041	80.012	19.977	100.843	18.775	104.273	1.008	899.625
274.502	340.533	80.013	19.977	100.851	18.740	106.981	1.000	899.604
275.002	341.026	80.012	19.976	100.850	18.702	109.814	0.985	899.608
275.502	341.533	80.013	19.976	100.852	18.660	112.947	0.999	899.608
276.003	342.044	80.010	19.977	100.851	18.622	115.848	1.018	899.638
276.502	342.522	80.013	19.978	100.847	18.584	118.676	0.990	899.626
277.003	343.026	80.013	19.977	100.843	18.544	121.735	0.983	899.639
277.502	343.540	80.012	19.976	100.840	18.498	125.212	1.018	899.623
278.002	344.025	80.014	19.976	100.840	18.459	128.130	0.999	899.610
278.502	344.530	80.013	19.978	100.843	18.417	131.354	0.989	899.637
279.003	345.026	80.013	19.978	100.846	18.376	134.545	1.000	899.643
279.503	345.518	80.013	19.977	100.846	18.331	137.867	0.989	899.672
280.003	346.007	80.012	19.977	100.846	18.286	141.270	0.982	899.614
280.502	346.528	80.012	19.975	100.846	18.243	144.604	1.010	899.636
281.002	347.025	80.015	19.977	100.841	18.199	148.047	1.018	899.665
281.502	347.506	80.014	19.977	100.843	18.154	151.494	0.978	899.640
282.002	348.026	80.013	19.976	100.843	18.109	154.881	1.002	899.661
282.502	348.509	80.012	19.976	100.846	18.064	158.341	1.003	899.667
283.002	349.013	80.014	19.976	100.847	18.018	161.850	0.987	899.659
283.502	349.485	80.014	19.975	100.849	17.968	165.617	0.976	899.673
284.002	350.014	80.015	19.976	100.847	17.920	169.252	1.000	899.675
284.502	350.515	80.015	19.977	100.848	17.879	172.294	1.030	899.669
285.002	351.012	80.015	19.976	100.848	17.831	175.886	0.998	899.675
285.503	351.505	80.014	19.977	100.849	17.782	179.520	0.989	899.682
286.003	352.012	80.014	19.976	100.848	17.734	183.100	1.000	899.674
286.503	352.521	80.013	19.977	100.845	17.685	186.771	1.016	899.701
287.003	353.019	80.013	19.979	100.847	17.638	190.302	1.008	899.650
287.503	353.484	80.012	19.978	100.848	17.591	193.862	0.964	899.662
288.002	353.994	80.010	19.978	100.841	17.541	197.709	0.975	899.669
288.502	354.478	80.012	19.978	100.835	17.495	201.186	0.994	899.682
289.002	354.992	80.013	19.978	100.832	17.447	204.912	0.998	899.698
289.503	355.467	80.012	19.978	100.826	17.396	208.848	0.989	899.715
290.002	355.954	80.010	19.979	100.820	17.350	212.322	0.962	899.699
290.502	356.455	80.011	19.978	100.822	17.306	215.683	0.988	899.720
291.002	356.942	80.012	19.979	100.825	17.257	219.478	0.987	899.715
291.502	357.430	80.014	19.978	100.824	17.217	222.495	0.975	899.694
292.003	357.930	80.013	19.977	100.826	17.167	226.328	0.989	899.712
292.502	358.428	80.011	19.978	100.831	17.122	229.758	0.998	899.701
293.002	358.927	80.011	19.978	100.834	17.077	233.257	0.997	899.708
293.502	359.461	80.010	19.978	100.838	17.029	236.893	1.034	899.714
294.002	359.918	80.013	19.977	100.842	16.992	239.706	0.991	899.744
294.503	360.438	80.015	19.977	100.843	16.946	243.238	0.977	899.735
295.003	360.928	80.016	19.978	100.835	16.904	246.366	1.010	899.714
295.502	361.435	80.016	19.977	100.830	16.863	249.398	0.997	899.727
296.002	361.931	80.016	19.977	100.824	16.825	252.205	1.003	899.708
296.502	362.432	80.014	19.977	100.815	16.785	255.151	0.996	899.747
297.002	362.929	80.013	19.976	100.808	16.751	257.682	0.997	899.730
297.503	363.431	80.012	19.975	100.809	16.711	260.517	0.999	899.753
298.003	363.943	80.013	19.977	100.801	16.681	262.759	1.014	899.746
298.503	364.400	80.014	19.978	100.796	16.645	265.421	0.968	899.718
299.003	364.894	80.013	19.977	100.795	16.611	267.894	0.951	899.737
299.503	365.393	80.013	19.977	100.789	16.578	270.381	0.994	899.726
300.002	365.894	80.014	19.977	100.778	16.546	272.679	1.000	899.750
300.503	366.407	80.012	19.977	100.772	16.509	275.439	1.014	899.723
301.003	366.866	80.011	19.978	100.767	16.481	277.353	0.972	899.768
301.502	367.388	80.012	19.977	100.764	16.450	279.542	0.982	899.731
302.002	367.892	80.013	19.977	100.762	16.417	281.842	1.025	899.723
302.503	368.370	80.014	19.976	100.764	16.384	284.159	0.981	899.772
303.003	368.882	80.015	19.977	100.767	16.356	286.068	0.990	899.766
303.503	369.377	80.011	19.976	100.771	16.323	288.401	1.007	899.755
304.003	369.884	80.012	19.978	100.775	16.288	290.883	1.002	899.750
304.502	370.393	80.011	19.977	100.781	16.257	293.130	1.017	899.779
305.002	370.877	80.013	19.978	100.788	16.228	295.223	0.993	899.746
305.502	371.370	80.013	19.977	100.790	16.196	297.580	0.976	899.780
306.003	371.880	80.012	19.978	100.792	16.162	300.082	1.003	899.749
306.503	372.369	80.010	19.978	100.795	16.124	302.967	1.000	899.776
307.002	372.901	80.009	19.976	100.800	16.094	305.288	1.022	899.815
307.502	373.368	80.013	19.977	100.802	16.056	308.079	0.999	899.794
308.002	373.881	80.009	19.977	100.812	16.019	310.821	0.979	899.778
308.502	374.347	80.009	19.977	100.826	15.980	313.726	0.978	899.786
309.003	374.842	80.012	19.977	100.839	15.942	316.673	0.961	899.734
309.503	375.323	80.014	19.978	100.851	15.903	319.608	0.977	899.802
310.002	375.836	80.012	19.977	100.869	15.864	322.597	0.994	899.758
310.502	376.367	80.015	19.977	100.883	15.826	325.543	1.043	899.769
311.003	376.838	80.014	19.977	100.894	15.794	328.127	1.002	899.811
311.502	377.337	80.014	19.976	100.902	15.771	330.020	0.969	899.791
312.003	377.836	80.012	19.977	100.909	15.753	331.529	0.997	899.794
312.504	378.334	80.012	19.977	100.910	15.734	333.029	0.998	899.805
313.003	378.823	80.013	19.976	100.915	15.706	335.192	0.988	899.824
313.503	379.332	80.013	19.976	100.914	15.675	337.629	0.998	899.812
314.003	379.857	80.010	19.975	100.909	15.642	340.208	1.034	899.824
314.503	380.316	80.011	19.976	100.907	15.615	342.229	0.984	899.832
315.003	380.815	80.012	19.978	100.909	15.600	343.423	0.957	899.832
315.504	381.318	80.011	19.977	100.907	15.594	343.962	1.001	899.823
316.004	381.817	80.011	19.977	100.907	15.593	344.144	1.003	899.834
316.503	382.311	80.011	19.976	100.905	15.593	344.164	0.994	899.857
317.003	382.791	80.012	19.976	100.899	15.596	344.118	0.973	899.829
317.504	383.318	80.011	19.977	100.884	15.599	343.912	1.006	899.838
318.004	383.801	80.008	19.976	100.869	15.604	343.632	1.011	899.831
318.503	384.310	80.010	19.976	100.853	15.598	344.015	0.994	899.846
319.003	384.797	80.010	19.976	100.839	15.590	344.673	0.996	899.848
319.503	385.322	80.010	19.976	100.825	15.571	346.123	1.012	899.838
320.002	385.818	80.011	19.975	100.815	15.554	347.467	1.022	899.874
320.502	386.325	80.010	19.978	100.807	15.545	347.978	1.003	899.857
321.003	386.820	80.011	19.977	100.797	15.548	347.534	1.001	899.866
321.503	387.322	80.014	19.976	100.791	15.566	345.894	0.997	899.878
322.002	387.829	80.012	19.976	100.785	15.591	343.577	1.009	899.845
322.503	388.312	80.013	19.976	100.782	15.621	340.903	0.989	899.893
323.004	388.789	80.014	19.977	100.768	15.650	338.229	0.959	899.842
323.503	389.301	80.013	19.977	100.764	15.690	334.857	0.989	899.877
324.003	389.810	80.014	19.975	100.756	15.729	331.701	1.021	899.885
324.504	390.310	80.015	19.976	100.746	15.755	329.516	1.010	899.859
325.003	390.824	80.013	19.977	100.737	15.769	328.325	1.015	899.880
325.503	391.321	80.011	19.976	100.740	15.775	327.675	1.012	899.870
326.002	391.806	80.009	19.977	100.736	15.767	328.224	0.982	899.863
326.503	392.318	80.010	19.977	100.732	15.735	330.674	0.995	899.894
327.004	392.832	80.010	19.975	100.732	15.698	333.477	1.026	899.878
327.503	393.300	80.009	19.975	100.727	15.670	335.830	0.984	899.876
328.002	393.819	80.011	19.975	100.735	15.663	336.532	0.987	899.903
328.503	394.360	80.012	19.976	100.763	15.668	336.345	1.059	899.912
329.003	394.817	80.010	19.976	100.806	15.672	336.219	0.997	899.904
329.503	395.342	80.013	19.975	100.854	15.679	335.807	0.982	899.893
330.003	395.825	80.011	19.975	100.902	15.682	335.610	1.008	899.918
330.503	396.327	80.008	19.975	100.941	15.680	335.818	0.985	899.891
331.003	396.825	80.010	19.975	100.971	15.672	336.562	1.001	899.925
331.503	397.327	80.010	19.976	100.987	15.668	337.067	1.000	899.889
332.003	397.812	80.010	19.976	101.006	15.678	336.533	0.986	899.901
332.504	398.312	80.011	19.976	101.025	15.701	335.112	0.984	899.933
333.004	398.817	80.009	19.975	101.038	15.724	333.670	1.006	899.937
333.503	399.332	80.010	19.976	101.040	15.740	332.687	1.020	899.908
334.003	399.829	80.011	19.976	101.035	15.763	331.233	1.012	899.926
334.504	400.337	80.010	19.975	101.016	15.794	329.125	1.006	899.934
335.003	400.868	80.011	19.975	100.994	15.815	327.733	1.039	899.949
335.503	401.341	80.009	19.977	100.973	15.829	326.815	1.004	899.903
336.003	401.805	80.011	19.977	100.955	15.853	325.203	0.937	899.943
336.504	402.318	80.011	19.976	100.943	15.890	322.620	0.976	899.924
337.004	402.787	80.009	19.977	100.941	15.937	319.296	0.981	899.932
337.504	403.355	80.010	19.977	100.941	15.973	316.663	1.038	899.909
338.003	403.847	80.011	19.977	100.933	16.018	313.414	1.062	899.931
338.503	404.369	80.009	19.976	100.916	16.075	309.168	1.013	899.950
339.003	404.849	80.010	19.976	100.899	16.143	304.065	1.001	899.952
339.503	405.368	80.009	19.976	100.872	16.207	299.214	0.999	899.959
340.004	405.869	80.008	19.978	100.843	16.267	294.559	1.019	899.927
340.504	406.348	80.011	19.976	100.817	16.319	290.654	0.979	899.924
341.003	406.853	80.008	19.977	100.799	16.375	286.352	0.984	899.972
341.504	407.365	80.012	19.977	100.780	16.426	282.497	1.017	899.966
342.003	407.873	80.012	19.976	100.763	16.477	278.795	1.021	899.979
342.503	408.362	80.011	19.977	100.750	16.528	275.077	0.997	899.964
343.003	408.868	80.013	19.977	100.737	16.583	271.129	0.995	899.952
343.503	409.368	80.012	19.977	100.718	16.636	267.282	1.007	899.986
344.003	409.883	80.013	19.976	100.704	16.699	262.658	1.014	899.968
344.503	410.399	80.013	19.976	100.694	16.766	257.769	1.031	899.961
345.003	410.870	80.011	19.976	100.688	16.830	253.033	0.989	899.972
345.503	411.393	80.010	19.976	100.683	16.898	247.945	0.994	899.985
346.003	411.904	80.014	19.976	100.686	16.973	242.339	1.033	899.961
346.503	412.424	80.012	19.977	100.694	17.049	236.725	1.030	900.008
347.004	412.936	80.012	19.978	100.703	17.131	230.621	1.031	899.967
347.504	413.429	80.009	19.976	100.713	17.214	224.370	1.006	899.966
348.003	413.944	80.007	19.976	100.725	17.297	218.004	1.008	899.972
348.503	414.480	80.010	19.977	100.733	17.386	211.185	1.050	900.001
349.004	414.967	80.010	19.977	100.728	17.477	204.153	1.024	899.991
349.503	415.480	80.009	19.976	100.718	17.568	197.117	1.002	900.013
350.002	416.010	80.008	19.977	100.702	17.662	189.823	1.043	899.979
350.503	416.505	80.010	19.977	100.690	17.759	182.161	1.023	900.016
351.004	417.030	80.012	19.977	100.680	17.857	174.484	1.018	899.997
351.504	417.524	80.008	19.976	100.675	17.952	166.992	1.019	900.015
352.004	418.029	80.008	19.976	100.674	18.047	159.553	1.001	900.026
352.503	418.550	80.009	19.976	100.669	18.142	152.017	1.027	899.979
353.003	419.047	80.010	19.976	100.668	18.230	145.009	1.017	900.040
353.503	419.544	80.010	19.977	100.661	18.321	137.794	0.994	900.015
354.003	420.071	80.013	19.977	100.656	18.407	130.937	1.023	899.994
354.504	420.599	80.014	19.976	100.655	18.491	124.313	1.054	900.028
355.004	421.106	80.013	19.976	100.662	18.569	118.143	1.036	900.027
355.503	421.583	80.013	19.976	100.669	18.648	111.875	0.985	900.018
356.003	422.119	80.012	19.975	100.685	18.722	105.988	1.013	900.020
356.503	422.611	80.012	19.976	100.706	18.797	100.131	1.028	900.032
357.003	423.115	80.013	19.976	100.723	18.866	94.793	0.997	900.009
357.503	423.635	80.011	19.976	100.744	18.935	89.420	1.024	900.018
358.003	424.120	80.011	19.977	100.769	18.997	84.595	1.003	900.037
358.504	424.624	80.011	19.976	100.794	19.059	79.830	0.988	900.022
359.003	425.127	80.012	19.977	100.819	19.117	75.299	1.008	900.013
359.503	425.642	80.013	19.978	100.849	19.168	71.362	1.017	900.037
360.004	426.127	80.012	19.978	100.875	19.223	67.043	0.999	900.050
360.504	426.666	80.012	19.977	100.900	19.272	63.218	1.025	900.053
361.004	427.181	80.011	19.977	100.925	19.325	59.173	1.054	900.037
361.504	427.633	80.009	19.976	100.952	19.371	55.636	0.966	900.014
362.004	428.138	80.010	19.978	100.971	19.414	52.399	0.958	900.049
362.503	428.630	80.009	19.978	100.990	19.455	49.372	0.999	900.039
363.003	429.150	80.009	19.977	101.009	19.497	46.227	1.012	900.061
363.503	429.667	80.011	19.978	101.024	19.534	43.609	1.036	900.071
364.003	430.147	80.009	19.977	101.032	19.570	40.999	0.996	900.059
364.504	430.663	80.012	19.975	101.045	19.604	38.595	0.995	900.076
365.004	431.141	80.014	19.977	101.055	19.636	36.222	0.994	900.087
365.504	431.644	80.012	19.976	101.058	19.669	33.822	0.980	900.068
366.004	432.135	80.014	19.977	101.061	19.698	31.691	0.993	900.057
366.504	432.651	80.013	19.976	101.068	19.723	29.834	1.008	900.072
367.004	433.148	80.013	19.976	101.074	19.756	27.443	1.014	900.086
367.503	433.631	80.013	19.977	101.080	19.779	25.759	0.980	900.084
368.003	434.147	80.010	19.977	101.087	19.803	24.095	0.998	900.075
368.504	434.657	80.012	19.977	101.089	19.825	22.526	1.025	900.109
369.003	435.139	80.012	19.978	101.089	19.845	21.241	0.993	900.107
369.503	435.654	80.012	19.978	101.083	19.863	20.068	0.998	900.066
370.003	436.094	80.013	19.975	101.075	19.886	18.466	0.954	900.071
370.504	436.589	80.014	19.977	101.065	19.905	17.221	0.934	900.103
371.004	437.089	80.013	19.977	101.052	19.920	16.212	0.995	900.095
371.504	437.567	80.012	19.976	101.038	19.935	15.228	0.979	900.076
372.004	438.088	80.010	19.976	101.027	19.951	14.201	1.000	900.085
372.503	438.614	80.012	19.975	101.019	19.969	13.008	1.048	900.107
373.003	439.080	80.014	19.976	101.013	19.982	12.160	0.992	900.129
373.504	439.586	80.012	19.977	101.011	19.999	11.004	0.972	900.103
374.004	440.077	80.013	19.976	101.009	20.009	10.396	0.997	900.083
374.503	440.588	80.013	19.976	101.002	20.024	9.427	1.003	900.126
375.003	441.067	80.012	19.976	100.989	20.031	9.071	0.990	900.150
375.503	441.577	80.016	19.976	100.976	20.043	8.263	0.988	900.141
376.003	442.050	80.015	19.977	100.963	20.054	7.612	0.981	900.109
376.504	442.550	80.014	19.978	100.950	20.063	7.019	0.974	900.116
377.003	443.063	80.012	19.977	100.938	20.073	6.446	1.015	900.153
377.503	443.546	80.013	19.977	100.925	20.081	5.937	0.996	900.104
378.003	444.086	80.012	19.977	100.912	20.092	5.091	1.023	900.153
378.504	444.555	80.012	19.976	100.899	20.100	4.589	1.007	900.111
379.004	445.086	80.010	19.978	100.887	20.108	4.082	1.000	900.085
379.503	445.578	80.011	19.976	100.876	20.114	3.748	1.025	900.129
380.003	446.068	80.013	19.976	100.865	20.125	3.046	0.982	900.149
380.503	446.540	80.011	19.977	100.853	20.126	3.112	0.961	900.131
381.004	447.055	80.015	19.977	100.843	20.132	2.850	0.987	900.142
381.504	447.548	80.015	19.976	100.831	20.139	2.470	1.009	900.144
382.003	448.041	80.014	19.977	100.819	20.145	2.111	0.986	900.145
382.503	448.563	80.012	19.976	100.807	20.153	1.601	1.015	900.155
383.003	449.047	80.012	19.976	100.797	20.157	1.457	1.005	900.179
383.504	449.535	80.014	19.976	100.785	20.164	0.900	0.971	900.184
384.004	450.029	80.015	19.976	100.777	20.170	0.514	0.983	900.174
384.503	450.564	80.013	19.977	100.769	20.178	-0.062	1.031	900.143
385.003	451.050	80.015	19.976	100.762	20.176	0.192	1.020	900.172
385.503	451.547	80.013	19.977	100.759	20.183	-0.237	0.982	900.155
386.004	452.014	80.012	19.976	100.753	20.184	-0.267	0.964	900.181
386.504	452.552	80.016	19.976	100.743	20.192	-0.704	1.004	900.157
387.004	453.040	80.014	19.976	100.737	20.193	-0.682	1.025	900.198
387.504	453.539	80.012	19.978	100.729	20.197	-0.882	0.987	900.189
388.004	454.062	80.012	19.976	100.711	20.200	-1.060	1.023	900.194
388.503	454.553	80.009	19.976	100.698	20.200	-1.028	1.015	900.193
389.003	455.085	80.014	19.976	100.690	20.202	-1.181	1.024	900.163
389.503	455.559	80.012	19.976	100.681	20.210	-1.796	1.005	900.167
390.004	456.087	80.013	19.977	100.675	20.210	-1.760	1.000	900.152
390.504	456.532	80.011	19.976	100.671	20.214	-2.088	0.974	900.199
391.003	457.050	80.011	19.976	100.672	20.214	-2.077	0.965	900.181
391.503	457.564	80.011	19.976	100.667	20.212	-1.833	1.032	900.183
392.003	458.053	80.011	19.975	100.663	20.213	-1.833	1.002	900.214
392.503	458.518	80.011	19.976	100.654	20.216	-1.986	0.954	900.194
393.004	459.043	80.010	19.976	100.647	20.218	-2.082	0.990	900.171
393.504	459.510	80.008	19.976	100.638	20.219	-2.159	0.990	900.207
394.005	460.054	80.006	19.975	100.632	20.219	-2.041	1.011	900.220
394.504	460.530	80.009	19.975	100.623	20.219	-2.014	1.022	900.214
395.004	461.045	80.008	19.975	100.618	20.218	-1.972	0.992	900.215
395.503	461.500	80.010	19.976	100.616	20.218	-1.942	0.970	900.200
396.003	462.013	80.013	19.975	100.613	20.221	-2.119	0.968	900.219
396.503	462.539	80.011	19.975	100.615	20.222	-2.120	1.038	900.228
397.004	463.022	80.011	19.975	100.618	20.218	-1.744	1.009	900.217
397.503	463.537	80.013	19.975	100.618	20.220	-1.942	0.998	900.238
398.003	464.048	80.012	19.975	100.614	20.218	-1.744	1.026	900.231
398.504	464.571	80.009	19.975	100.612	20.217	-1.540	1.034	900.225
399.003	465.074	80.009	19.975	100.603	20.219	-1.715	1.027	900.247
399.503	465.557	80.010	19.976	100.597	20.224	-2.064	0.986	900.241
400.003	466.061	80.012	19.975	100.595	20.221	-1.818	0.986	900.245
400.504	466.546	80.010	19.974	100.593	20.226	-2.179	0.989	900.240
401.004	467.070	80.011	19.976	100.590	20.226	-2.104	1.010	900.265
401.504	467.591	80.012	19.976	100.588	20.225	-2.084	1.045	900.252
402.004	468.050	80.010	19.976	100.583	20.227	-2.125	0.979	900.259
402.504	468.543	80.010	19.976	100.581	20.228	-2.180	0.952	900.275
403.004	469.084	80.011	19.975	100.582	20.227	-2.166	1.035	900.280
403.503	469.558	80.010	19.976	100.577	20.230	-2.394	1.016	900.236
404.003	470.045	80.010	19.977	100.574	20.227	-2.176	0.961	900.270
404.503	470.546	80.008	19.977	100.571	20.227	-2.152	0.987	900.259
405.004	471.056	80.009	19.977	100.569	20.228	-2.216	1.009	900.245
405.504	471.535	80.011	19.976	100.562	20.230	-2.393	0.989	900.245
406.004	472.046	80.008	19.975	100.558	20.226	-2.059	0.990	900.247
406.504	472.573	80.010	19.976	100.564	20.226	-2.077	1.038	900.291
407.004	473.074	80.010	19.976	100.563	20.230	-2.301	1.028	900.266
407.505	473.559	80.007	19.976	100.559	20.227	-2.071	0.986	900.288
408.004	474.058	80.009	19.977	100.554	20.229	-2.170	0.984	900.261
408.504	474.548	80.012	19.977	100.554	20.226	-2.024	0.990	900.290
409.004	475.072	80.011	19.976	100.549	20.226	-2.030	1.015	900.299
409.503	475.530	80.010	19.978	100.548	20.231	-2.339	0.982	900.310
410.004	476.022	80.007	19.977	100.548	20.228	-2.106	0.949	900.312
410.504	476.578	80.009	19.976	100.552	20.230	-2.319	1.048	900.348
411.004	477.043	80.012	19.977	100.551	20.226	-2.001	1.022	900.313
411.504	477.569	80.010	19.977	100.548	20.232	-2.315	0.991	900.346
412.004	478.079	80.010	19.976	100.547	20.232	-2.222	1.036	900.332
412.504	478.541	80.008	19.977	100.549	20.230	-2.184	0.972	900.318
413.004	479.039	80.008	19.976	100.549	20.229	-2.156	0.959	900.362
413.504	479.536	80.011	19.976	100.550	20.232	-2.189	0.995	900.319
414.004	480.030	80.010	19.976	100.549	20.231	-2.111	0.991	900.318
414.504	480.554	80.010	19.976	100.546	20.236	-2.504	1.019	900.358
415.004	481.043	80.008	19.976	100.538	20.229	-2.030	1.014	900.336
415.503	481.542	80.008	19.978	100.539	20.230	-1.995	0.988	900.328
416.004	482.022	80.007	19.976	100.542	20.231	-2.059	0.978	900.325
416.504	482.535	80.009	19.977	100.547	20.231	-2.105	0.992	900.367
417.004	483.040	80.009	19.976	100.545	20.230	-2.035	1.018	900.332
417.504	483.536	80.009	19.977	100.546	20.233	-2.263	1.001	900.357
418.004	484.019	80.010	19.977	100.547	20.232	-2.107	0.979	900.337
418.504	484.543	80.010	19.976	100.540	20.232	-2.092	1.006	900.355
419.005	485.057	80.013	19.977	100.531	20.230	-1.970	1.038	900.377
419.504	485.537	80.011	19.976	100.532	20.233	-2.205	0.996	900.363
420.003	486.048	80.010	19.976	100.537	20.230	-2.075	0.991	900.362
420.504	486.533	80.008	19.976	100.534	20.229	-1.996	0.995	900.367
421.005	487.028	80.006	19.976	100.526	20.232	-2.181	0.979	900.383
421.505	487.535	80.007	19.976	100.527	20.231	-2.121	1.003	900.386
422.004	488.021	80.008	19.976	100.529	20.232	-2.248	0.993	900.388
422.504	488.505	80.007	19.976	100.525	20.232	-2.255	0.969	900.394
423.004	489.042	80.009	19.977	100.523	20.231	-2.140	1.022	900.370
423.504	489.524	80.006	19.978	100.529	20.233	-2.334	1.020	900.402
424.003	490.032	80.005	19.976	100.530	20.230	-2.158	0.990	900.389
424.503	490.520	80.007	19.977	100.523	20.229	-2.080	0.995	900.395
425.004	491.034	80.007	19.977	100.521	20.230	-2.087	1.000	900.403
425.504	491.543	80.007	19.976	100.521	20.228	-1.915	1.023	900.390
426.004	491.979	80.007	19.975	100.518	20.233	-2.251	0.945	900.376
426.504	492.528	80.007	19.977	100.520	20.233	-2.216	0.985	900.413
427.004	492.998	80.008	19.977	100.527	20.235	-2.273	1.019	900.382
427.504	493.523	80.008	19.977	100.527	20.233	-2.014	0.995	900.399
428.004	493.992	80.007	19.977	100.527	20.231	-1.816	0.994	900.380
428.504	494.512	80.010	19.977	100.529	20.231	-1.733	0.990	900.382
429.004	495.030	80.010	19.977	100.529	20.231	-1.824	1.037	900.387
429.504	495.526	80.008	19.977	100.531	20.233	-2.087	1.013	900.371
430.005	496.031	80.010	19.976	100.533	20.228	-1.726	1.001	900.415
430.505	496.519	80.011	19.977	100.531	20.230	-1.973	0.993	900.391
431.004	497.002	80.010	19.976	100.530	20.230	-2.080	0.972	900.419
431.504	497.529	80.009	19.976	100.533	20.229	-2.022	1.009	900.427
432.004	498.019	80.011	19.976	100.530	20.229	-1.945	1.017	900.450
432.504	498.507	80.013	19.976	100.531	20.231	-2.079	0.979	900.423
433.004	499.019	80.010	19.976	100.531	20.233	-2.239	0.999	900.452
433.504	499.533	80.010	19.976	100.527	20.235	-2.354	1.026	900.418
434.004	500.018	80.012	19.975	100.520	20.234	-2.165	1.000	900.436
434.504	500.491	80.009	19.976	100.514	20.234	-2.161	0.958	900.425
435.005	501.019	80.010	19.977	100.504	20.234	-2.184	1.001	900.414
435.505	501.508	80.012	19.976	100.500	20.234	-2.195	1.017	900.431
436.004	502.006	80.010	19.976	100.500	20.233	-2.041	0.987	900.452
436.504	502.494	80.012	19.976	100.507	20.233	-2.039	0.987	900.423
437.004	503.006	80.010	19.976	100.516	20.230	-1.781	1.000	900.455
437.504	503.483	80.012	19.977	100.520	20.231	-1.854	0.989	900.454
438.004	503.992	80.014	19.975	100.525	20.233	-1.968	0.986	900.456
438.504	504.492	80.013	19.975	100.531	20.233	-1.937	1.009	900.450
439.004	504.995	80.012	19.976	100.528	20.231	-1.908	1.003	900.465
439.504	505.508	80.012	19.975	100.524	20.236	-2.309	1.016	900.459
440.004	506.001	80.010	19.976	100.524	20.230	-1.848	1.006	900.444
440.504	506.504	80.010	19.975	100.523	20.235	-2.226	0.995	900.492
441.005	506.988	80.012	19.975	100.517	20.231	-2.037	0.986	900.467
441.505	507.472	80.011	19.976	100.514	20.234	-2.298	0.968	900.484
442.004	507.949	80.010	19.976	100.513	20.232	-2.128	0.962	900.483
442.504	508.472	80.008	19.975	100.513	20.237	-2.491	1.000	900.486
443.005	508.966	80.009	19.976	100.513	20.236	-2.411	1.016	900.506
443.504	509.489	80.011	19.976	100.511	20.238	-2.501	1.017	900.508
444.004	509.979	80.007	19.977	100.511	20.236	-2.328	1.013	900.520
444.504	510.492	80.008	19.977	100.508	20.234	-2.162	1.003	900.525
445.004	511.014	80.008	19.975	100.507	20.234	-2.077	1.036	900.506
445.504	511.508	80.007	19.977	100.503	20.235	-2.093	1.016	900.516
446.004	511.996	80.008	19.976	100.506	20.234	-2.071	0.981	900.506
446.504	512.492	80.010	19.975	100.509	20.230	-1.729	0.984	900.528
447.005	512.972	80.007	19.976	100.513	20.232	-1.845	0.976	900.502
447.504	513.505	80.008	19.976	100.513	20.233	-1.975	1.013	900.510
448.004	513.992	80.010	19.975	100.518	20.234	-2.063	1.020	900.531
448.504	514.489	80.009	19.976	100.521	20.232	-1.888	0.984	900.526
449.004	514.995	80.011	19.976	100.521	20.236	-2.176	1.003	900.497
449.504	515.510	80.009	19.976	100.521	20.238	-2.356	1.021	900.541
450.004	515.999	80.009	19.976	100.523	20.237	-2.304	1.005	900.561
450.504	516.516	80.008	19.975	100.519	20.235	-2.203	1.006	900.534
451.004	517.002	80.006	19.975	100.518	20.236	-2.221	1.003	900.531
451.504	517.520	80.010	19.976	100.514	20.238	-2.393	1.003	900.540
452.004	517.991	80.011	19.975	100.508	20.236	-2.229	0.989	900.577
452.504	518.492	80.010	19.976	100.502	20.235	-2.134	0.972	900.527
453.004	519.019	80.007	19.976	100.505	20.232	-1.861	1.028	900.531
453.504	519.472	80.008	19.975	100.505	20.236	-2.219	0.980	900.555
454.004	519.999	80.009	19.976	100.501	20.238	-2.343	0.981	900.544
454.504	520.500	80.010	19.976	100.502	20.237	-2.350	1.029	900.541
455.004	521.010	80.009	19.975	100.506	20.237	-2.373	1.010	900.542
455.505	521.495	80.011	19.977	100.505	20.238	-2.428	0.994	900.580
456.005	522.030	80.012	19.976	100.504	20.236	-2.189	1.020	900.532
456.504	522.505	80.012	19.976	100.505	20.236	-2.131	1.010	900.547
457.004	522.991	80.013	19.976	100.507	20.238	-2.219	0.961	900.560
457.504	523.502	80.012	19.976	100.509	20.238	-2.257	0.998	900.558
458.004	524.011	80.013	19.977	100.509	20.239	-2.314	1.020	900.568
458.505	524.483	80.009	19.977	100.510	20.238	-2.280	0.981	900.554
459.004	525.011	80.009	19.977	100.508	20.236	-2.211	1.001	900.578
459.504	525.516	80.010	19.976	100.510	20.237	-2.340	1.033	900.605
460.004	526.003	80.010	19.977	100.505	20.235	-2.181	0.992	900.591
460.504	526.517	80.010	19.976	100.504	20.239	-2.444	1.000	900.584
461.004	526.987	80.012	19.976	100.506	20.235	-2.106	0.983	900.594
461.505	527.507	80.011	19.975	100.510	20.236	-2.207	0.990	900.580
462.005	528.008	80.012	19.975	100.507	20.234	-2.026	1.020	900.587
462.504	528.510	80.014	19.976	100.512	20.236	-2.192	1.004	900.579
463.004	529.014	80.013	19.974	100.509	20.236	-2.198	1.007	900.614
463.504	529.501	80.013	19.974	100.502	20.237	-2.307	0.991	900.582
464.005	529.981	80.011	19.974	100.499	20.238	-2.356	0.967	900.573
464.505	530.514	80.012	19.974	100.497	20.235	-2.218	1.013	900.626
465.004	530.966	80.012	19.976	100.497	20.238	-2.432	0.985	900.612
465.504	531.485	80.012	19.976	100.501	20.237	-2.303	0.971	900.603
466.004	531.999	80.012	19.976	100.505	20.240	-2.569	1.033	900.617
466.504	532.483	80.012	19.975	100.511	20.235	-2.102	0.998	900.606
467.004	533.007	80.012	19.975	100.511	20.236	-2.174	1.009	900.603
467.504	533.471	80.013	19.975	100.508	20.237	-2.192	0.988	900.626
468.004	533.983	80.014	19.975	100.505	20.235	-2.011	0.975	900.635
468.504	534.486	80.013	19.975	100.502	20.235	-2.082	1.014	900.649
469.005	534.996	80.012	19.976	100.502	20.237	-2.265	1.013	900.622
469.504	535.483	80.012	19.976	100.505	20.236	-2.215	0.998	900.633
470.004	536.012	80.009	19.976	100.504	20.235	-2.137	1.016	900.647
470.504	536.490	80.011	19.976	100.507	20.238	-2.286	1.007	900.644
471.004	536.973	80.009	19.977	100.510	20.237	-2.222	0.961	900.625
471.504	537.489	80.011	19.977	100.507	20.235	-1.997	0.999	900.655
472.004	538.001	80.010	19.976	100.509	20.237	-2.231	1.028	900.662
472.504	538.505	80.009	19.975	100.511	20.237	-2.306	1.015	900.668
473.005	539.019	80.013	19.975	100.509	20.238	-2.410	1.017	900.657
473.505	539.505	80.014	19.976	100.506	20.235	-2.169	1.000	900.667
474.005	540.003	80.013	19.975	100.503	20.237	-2.325	0.983	900.684
474.505	540.476	80.012	19.975	100.499	20.238	-2.310	0.971	900.674
475.005	540.980	80.012	19.976	100.498	20.236	-2.096	0.978	900.684
475.505	541.501	80.014	19.975	100.499	20.238	-2.141	1.025	900.636
476.004	541.954	80.016	19.977	100.502	20.237	-2.062	0.975	900.702
476.505	542.456	80.013	19.976	100.505	20.238	-2.225	0.955	900.666
477.005	542.978	80.015	19.976	100.507	20.239	-2.360	1.024	900.663
477.504	543.458	80.014	19.976	100.505	20.240	-2.483	1.003	900.690
478.004	543.965	80.012	19.976	100.503	20.239	-2.391	0.987	900.657
478.504	544.461	80.013	19.976	100.498	0.000	0.000	1.003	900.660
479.004	544.982	80.014	19.977	100.497	0.000	0.000	1.017	900.685
479.504	545.455	80.014	19.977	100.503	0.000	0.000	0.994	900.717
480.004	546.001	80.014	19.976	100.509	0.000	0.000	1.019	900.691
480.504	546.464	80.013	19.977	100.512	0.000	0.000	1.008	900.729
481.004	547.000	80.012	19.976	100.514	0.000	0.000	0.998	900.683
481.505	547.489	80.011	19.975	100.508	0.000	0.000	1.026	900.713
482.005	547.986	80.010	19.977	100.497	0.000	0.000	0.987	900.717
482.504	548.483	80.011	19.977	100.490	0.000	0.000	0.994	900.702
483.004	548.995	80.013	19.977	100.488	0.000	0.000	1.009	900.735
483.504	549.474	80.012	19.976	100.490	0.000	0.000	0.990	900.705
484.005	549.955	80.013	19.976	100.501	0.000	0.000	0.960	900.702
484.504	550.510	80.014	19.977	100.504	0.000	0.000	1.036	900.718
485.004	551.006	80.013	19.977	100.505	0.000	0.000	1.051	900.729
485.504	551.496	80.013	19.976	100.504	0.000	0.000	0.986	900.705
486.005	551.947	80.013	19.977	100.507	0.000	0.000	0.941	900.738
486.505	552.458	80.014	19.978	100.502	0.000	0.000	0.961	900.710
487.005	552.979	80.015	19.977	100.499	0.000	0.000	1.032	900.761
487.505	553.469	80.011	19.979	100.502	0.000	0.000	1.011	900.746
488.004	553.983	80.015	19.978	100.499	0.000	0.000	1.005	900.745
