File Name:	PS_15.txt	Version: 8.3.7.3						
Date:	07 Aug 2024
Operator:	KH
Test ID:	PS_15
Sample ID:	PS_15
Sample Mass (mg):	3.0800
Sample Cup Mass (mg):	184.4500
End Total Mass (mg):
Heating Rate (C/s):	1.0000
Combuster Temperature (C):	900.0
N2 Flow Rate (cc/min):	80.0
O2 Flow Rate (cc/min):	20.0
Calibration File:	Coeff.txt
T Correction Coefficients:	0.308738730	0.013615500	0.000000000
Time Shift (s):	10.0
Pre-Test Comments:
Post-Test Comments:
Baseline Flow:	99.778
Baseline O2:	20.414
Instrument ID:	2700
@
Time (s)	Temperature (C)	N2 Flow (cc/min)	O2 Flow (cc/min)	Total Flow (cc/min)	Oxygen (%)	HRR (W/g)	Heating Rate (C/s)	Combustor Temp (C)
0.000	75.024	80.010	19.977	99.778	20.401	-13.913	-0.018	898.982
0.500	75.012	80.013	19.977	99.774	20.381	-12.250	-0.031	899.007
0.999	75.023	80.013	19.979	99.778	20.360	-10.639	-0.001	899.000
1.498	75.014	80.012	19.979	99.799	20.336	-8.636	0.002	899.019
1.999	75.020	80.012	19.978	99.861	20.318	-6.971	-0.003	899.031
2.499	75.043	80.012	19.979	99.965	20.299	-5.096	0.029	899.024
2.999	75.061	80.011	19.978	100.094	20.281	-3.304	0.041	899.007
3.499	75.061	80.012	19.978	100.234	20.277	-2.952	0.018	899.029
3.999	75.080	80.009	19.977	100.358	20.264	-1.579	0.019	899.014
4.499	75.155	80.011	19.978	100.440	20.265	-1.853	0.093	899.011
4.998	75.197	80.012	19.978	100.483	20.253	-1.191	0.117	899.030
5.499	75.273	80.011	19.977	100.498	20.254	-2.542	0.119	899.040
5.998	75.308	80.013	19.977	100.506	20.250	-4.301	0.111	899.034
6.499	75.398	80.013	19.978	100.519	20.250	-7.078	0.124	899.010
6.999	75.489	80.011	19.979	100.546	20.251	-10.307	0.181	899.015
7.499	75.594	80.011	19.979	100.577	20.248	-12.829	0.197	899.019
7.999	75.665	80.009	19.979	100.603	20.245	-14.899	0.176	899.038
8.499	75.770	80.012	19.978	100.629	20.244	-16.084	0.175	898.997
9.000	75.884	80.011	19.978	100.642	20.244	-16.441	0.219	899.045
9.499	75.990	80.010	19.979	100.640	20.245	-16.008	0.221	899.012
9.998	76.119	80.013	19.978	100.640	20.243	-15.118	0.234	899.038
10.498	76.288	80.013	19.979	100.644	20.232	-13.382	0.298	899.037
10.999	76.401	80.011	19.979	100.644	20.211	-10.638	0.282	899.014
11.499	76.534	80.014	19.978	100.647	20.179	-6.851	0.246	899.014
11.999	76.693	80.010	19.979	100.654	20.149	-3.230	0.292	899.033
12.499	76.823	80.012	19.979	100.683	20.121	0.169	0.289	899.008
12.999	77.002	80.011	19.979	100.765	20.097	3.256	0.309	899.007
13.499	77.244	80.012	19.978	100.899	20.086	5.023	0.421	898.989
13.999	77.463	80.014	19.978	101.082	20.076	6.607	0.461	898.985
14.499	77.718	80.015	19.979	101.269	20.076	7.224	0.474	899.015
15.000	77.954	80.012	19.978	101.425	20.079	7.538	0.491	898.991
15.499	78.241	80.014	19.977	101.520	20.079	7.985	0.523	898.977
15.999	78.511	80.011	19.978	101.549	20.086	7.785	0.556	898.988
16.499	78.826	80.010	19.978	101.522	20.091	7.818	0.585	899.015
16.999	79.165	80.012	19.977	101.484	20.096	7.881	0.655	898.987
17.499	79.487	80.011	19.979	101.445	20.101	7.744	0.661	898.998
17.998	79.866	80.011	19.978	101.415	20.112	6.922	0.701	898.965
18.499	80.217	80.010	19.979	101.389	20.121	6.435	0.730	898.967
18.999	80.563	80.010	19.979	101.365	20.130	5.714	0.697	899.006
19.498	80.947	80.012	19.978	101.333	20.136	5.351	0.730	898.992
19.999	81.331	80.010	19.978	101.300	20.143	4.921	0.768	898.995
20.500	81.774	80.010	19.979	101.262	20.150	4.676	0.827	898.986
20.999	82.169	80.013	19.979	101.226	20.156	4.605	0.838	898.983
21.499	82.587	80.010	19.978	101.196	20.165	4.241	0.812	898.988
21.999	83.023	80.012	19.978	101.165	20.166	4.551	0.854	898.972
22.499	83.442	80.014	19.978	101.137	20.168	4.860	0.856	898.995
22.999	83.878	80.011	19.979	101.112	20.177	4.370	0.855	898.975
23.499	84.330	80.010	19.980	101.086	20.180	4.515	0.887	898.955
23.999	84.788	80.010	19.978	101.054	20.186	4.211	0.910	898.983
24.499	85.216	80.012	19.978	101.030	20.192	3.929	0.886	898.979
24.999	85.680	80.014	19.978	101.008	20.192	4.128	0.892	898.979
25.499	86.169	80.014	19.978	100.992	20.196	3.990	0.954	898.998
25.999	86.607	80.013	19.978	100.974	20.201	3.692	0.927	898.982
26.499	87.104	80.013	19.978	100.966	20.208	3.178	0.934	898.946
26.999	87.584	80.011	19.978	100.955	20.210	3.153	0.978	898.954
27.498	88.059	80.010	19.978	100.936	20.215	2.802	0.955	898.980
27.999	88.527	80.013	19.978	100.907	20.215	3.074	0.942	898.956
28.499	89.055	80.011	19.978	100.880	20.217	3.028	0.996	898.969
28.999	89.535	80.011	19.979	100.849	20.222	2.711	1.008	898.985
29.499	90.035	80.008	19.978	100.822	20.222	2.735	0.980	898.967
29.999	90.501	80.007	19.979	100.799	20.229	2.121	0.965	898.970
30.500	91.021	80.010	19.978	100.783	20.228	2.242	0.985	899.001
31.000	91.523	80.008	19.978	100.762	20.231	2.177	1.022	898.974
31.500	92.001	80.008	19.979	100.746	20.234	1.943	0.980	898.939
32.000	92.557	80.009	19.978	100.727	20.234	2.069	1.034	898.962
32.499	93.032	80.008	19.978	100.716	20.236	2.005	1.032	898.968
32.999	93.552	80.010	19.979	100.702	20.242	1.555	0.995	898.952
33.499	94.082	80.011	19.978	100.697	20.244	1.432	1.051	898.938
33.998	94.607	80.010	19.978	100.683	20.244	1.537	1.055	898.956
34.499	95.104	80.010	19.979	100.676	20.247	1.308	1.021	898.957
34.999	95.634	80.009	19.978	100.663	20.245	1.681	1.027	898.945
35.499	96.121	80.008	19.979	100.656	20.250	1.302	1.017	898.974
35.999	96.645	80.010	19.978	100.644	20.250	1.326	1.011	898.930
36.499	97.191	80.008	19.977	100.643	20.250	1.319	1.069	898.981
37.000	97.698	80.011	19.978	100.638	20.254	0.979	1.052	898.969
37.499	98.220	80.010	19.979	100.633	20.254	0.971	1.030	898.948
37.999	98.758	80.009	19.978	100.627	20.256	0.649	1.061	898.967
38.499	99.276	80.009	19.979	100.622	20.253	0.936	1.056	898.930
38.999	99.785	80.010	19.978	100.614	20.257	0.566	1.027	898.954
39.499	100.318	80.011	19.977	100.608	20.259	0.532	1.042	898.953
39.999	100.875	80.012	19.979	100.600	20.261	0.492	1.089	898.967
40.499	101.395	80.011	19.979	100.592	20.264	0.292	1.077	898.942
40.999	101.916	80.010	19.978	100.587	20.263	0.577	1.042	898.947
41.499	102.474	80.011	19.978	100.586	20.265	0.524	1.079	898.973
41.999	102.968	80.010	19.976	100.578	20.266	0.427	1.053	898.981
42.499	103.499	80.012	19.979	100.570	20.270	0.051	1.024	898.909
42.999	104.017	80.011	19.978	100.566	20.267	0.358	1.048	898.943
43.500	104.545	80.010	19.977	100.563	20.267	0.337	1.046	898.923
44.000	105.067	80.012	19.978	100.559	20.265	0.574	1.050	898.931
44.500	105.621	80.012	19.978	100.562	20.265	0.726	1.076	898.907
45.000	106.149	80.011	19.979	100.566	20.268	0.472	1.083	898.963
45.499	106.723	80.011	19.979	100.570	20.270	0.389	1.103	898.958
45.999	107.229	80.011	19.978	100.572	20.271	0.322	1.080	898.938
46.499	107.765	80.013	19.978	100.568	20.272	0.221	1.041	898.916
47.000	108.314	80.013	19.978	100.557	20.275	-0.019	1.085	898.916
47.499	108.838	80.012	19.978	100.548	20.273	0.203	1.074	898.946
47.999	109.346	80.015	19.979	100.536	20.272	0.295	1.033	898.941
48.499	109.915	80.012	19.979	100.530	20.272	0.333	1.077	898.980
48.999	110.454	80.012	19.977	100.525	20.271	0.525	1.108	898.947
49.499	110.990	80.013	19.977	100.526	20.276	0.019	1.074	898.936
49.999	111.532	80.013	19.977	100.529	20.278	-0.199	1.077	898.935
50.499	112.075	80.012	19.976	100.528	20.278	-0.164	1.084	898.925
50.999	112.572	80.011	19.978	100.524	20.279	-0.067	1.040	898.937
51.499	113.121	80.011	19.979	100.521	20.279	-0.043	1.046	898.929
52.000	113.659	80.012	19.977	100.517	20.279	0.092	1.086	898.937
52.500	114.205	80.011	19.977	100.509	20.279	0.228	1.083	898.939
53.000	114.734	80.010	19.976	100.506	20.277	0.540	1.075	898.936
53.500	115.264	80.012	19.977	100.507	20.281	0.287	1.060	898.901
54.000	115.808	80.011	19.977	100.503	20.280	0.469	1.075	898.917
54.499	116.333	80.012	19.977	100.501	20.286	-0.037	1.069	898.946
55.000	116.866	80.014	19.978	100.500	20.283	0.281	1.058	898.937
55.499	117.384	80.012	19.978	100.503	20.284	0.139	1.052	898.932
55.999	117.931	80.012	19.978	100.498	20.282	0.431	1.065	898.956
56.499	118.481	80.010	19.977	100.499	20.284	0.198	1.097	898.946
56.999	119.027	80.010	19.978	100.495	20.283	0.272	1.096	898.965
57.499	119.533	80.011	19.977	100.495	20.289	-0.327	1.052	898.934
57.999	120.070	80.009	19.978	100.492	20.288	-0.317	1.042	898.934
58.500	120.633	80.010	19.978	100.485	20.288	-0.154	1.100	898.930
59.000	121.147	80.010	19.978	100.479	20.289	-0.139	1.077	898.915
59.500	121.722	80.006	19.979	100.474	20.290	-0.278	1.089	898.925
59.999	122.243	80.008	19.977	100.463	20.287	0.019	1.097	898.936
60.499	122.766	80.010	19.978	100.455	20.284	0.410	1.045	898.958
60.999	123.299	80.009	19.978	100.454	20.288	0.017	1.056	898.922
61.499	123.858	80.008	19.977	100.448	20.287	-0.065	1.091	898.918
61.999	124.373	80.009	19.978	100.445	20.289	-0.203	1.074	898.929
62.499	124.881	80.009	19.978	100.444	20.286	0.125	1.023	898.954
62.999	125.418	80.011	19.978	100.442	20.289	-0.012	1.046	898.941
63.499	125.958	80.009	19.977	100.443	20.285	0.440	1.076	898.975
64.000	126.482	80.010	19.976	100.443	20.288	0.169	1.063	898.934
64.499	127.062	80.011	19.976	100.445	20.288	0.304	1.104	898.969
64.999	127.561	80.009	19.978	100.449	20.290	0.088	1.079	898.953
65.500	128.061	80.011	19.977	100.450	20.292	-0.018	0.999	898.932
65.999	128.580	80.012	19.977	100.439	20.293	-0.182	1.019	898.968
66.499	129.141	80.013	19.978	100.435	20.291	-0.060	1.080	898.931
67.000	129.681	80.011	19.977	100.434	20.292	-0.173	1.101	898.961
67.500	130.198	80.011	19.978	100.431	20.291	-0.158	1.056	898.956
68.000	130.728	80.014	19.978	100.431	20.292	-0.386	1.046	898.937
68.500	131.228	80.015	19.979	100.437	20.292	-0.433	1.031	898.932
69.000	131.792	80.011	19.977	100.443	20.292	-0.314	1.065	898.964
69.500	132.318	80.013	19.977	100.438	20.293	-0.312	1.090	898.970
69.999	132.853	80.012	19.977	100.435	20.296	-0.487	1.061	898.951
70.499	133.389	80.009	19.978	100.425	20.292	0.033	1.071	898.966
71.000	133.906	80.012	19.978	100.422	20.296	-0.215	1.053	898.956
71.499	134.441	80.012	19.978	100.416	20.294	0.000	1.053	898.921
71.999	134.981	80.010	19.978	100.419	20.293	0.180	1.075	898.944
72.499	135.496	80.008	19.977	100.415	20.293	0.067	1.055	898.989
73.000	135.999	80.010	19.977	100.416	20.294	-0.002	1.017	898.925
73.500	136.548	80.011	19.978	100.419	20.293	0.144	1.051	898.935
74.001	137.058	80.012	19.978	100.420	20.293	0.164	1.059	898.968
74.500	137.569	80.011	19.978	100.422	20.294	0.023	1.021	898.921
75.000	138.102	80.011	19.978	100.431	20.293	0.098	1.045	898.909
75.500	138.637	80.011	19.977	100.436	20.293	0.111	1.070	898.958
75.999	139.162	80.011	19.977	100.434	20.297	-0.377	1.061	898.959
76.499	139.704	80.013	19.978	100.431	20.296	-0.418	1.066	898.921
76.999	140.241	80.013	19.978	100.422	20.298	-0.601	1.078	898.953
77.499	140.749	80.012	19.978	100.412	20.297	-0.368	1.046	898.976
77.999	141.279	80.010	19.976	100.405	20.299	-0.518	1.038	898.948
78.500	141.777	80.011	19.977	100.398	20.298	-0.369	1.028	898.967
78.999	142.310	80.013	19.978	100.396	20.299	-0.416	1.031	898.979
79.499	142.807	80.013	19.978	100.398	20.300	-0.525	1.029	898.928
80.000	143.338	80.010	19.977	100.401	20.298	-0.211	1.028	898.931
80.500	143.890	80.011	19.977	100.400	20.298	-0.239	1.083	898.940
81.000	144.386	80.011	19.977	100.400	20.302	-0.646	1.048	898.971
81.500	144.897	80.010	19.978	100.397	20.296	0.014	1.008	898.967
82.000	145.440	80.011	19.978	100.402	20.298	-0.141	1.055	898.972
82.500	145.958	80.014	19.976	100.400	20.301	-0.357	1.061	898.974
83.000	146.462	80.012	19.978	100.403	20.304	-0.650	1.023	898.972
83.499	147.002	80.012	19.978	100.413	20.304	-0.580	1.045	898.933
83.999	147.530	80.010	19.978	100.416	20.304	-0.518	1.067	898.986
84.499	148.025	80.012	19.979	100.412	20.301	-0.164	1.023	898.985
84.999	148.523	80.010	19.978	100.407	20.302	-0.254	0.994	898.985
85.499	149.089	80.010	19.978	100.403	20.301	-0.087	1.063	898.985
86.000	149.579	80.011	19.977	100.395	20.302	-0.183	1.055	898.984
86.500	150.110	80.012	19.976	100.393	20.298	0.171	1.022	898.976
87.000	150.616	80.012	19.977	100.394	20.300	-0.218	1.037	898.982
87.500	151.129	80.014	19.978	100.396	20.300	-0.195	1.019	898.968
88.000	151.667	80.012	19.977	100.396	20.300	-0.229	1.051	898.984
88.500	152.182	80.012	19.977	100.393	20.304	-0.623	1.053	899.000
89.000	152.697	80.012	19.978	100.389	20.304	-0.608	1.030	898.966
89.500	153.233	80.011	19.977	100.383	20.303	-0.473	1.050	899.011
90.000	153.760	80.013	19.979	100.381	20.306	-0.699	1.063	898.990
90.500	154.264	80.013	19.978	100.381	20.307	-0.904	1.031	898.978
91.000	154.787	80.012	19.977	100.380	20.305	-0.773	1.027	898.969
91.500	155.278	80.011	19.977	100.376	20.306	-0.831	1.014	898.989
92.000	155.814	80.010	19.977	100.371	20.307	-0.971	1.027	898.997
92.499	156.317	80.008	19.977	100.369	20.305	-0.659	1.040	899.015
93.000	156.868	80.012	19.978	100.366	20.303	-0.581	1.054	898.995
93.500	157.357	80.013	19.977	100.368	20.304	-0.630	1.039	899.029
94.000	157.888	80.011	19.977	100.374	20.306	-0.663	1.020	898.984
94.500	158.386	80.011	19.977	100.384	20.304	-0.372	1.029	899.034
95.000	158.931	80.011	19.977	100.383	20.305	-0.478	1.044	899.026
95.499	159.409	80.011	19.977	100.384	20.307	-0.735	1.024	899.011
96.000	159.940	80.010	19.978	100.383	20.308	-0.930	1.008	899.015
96.500	160.423	80.012	19.977	100.379	20.307	-0.861	1.014	899.027
96.999	160.940	80.014	19.977	100.375	20.307	-0.981	1.001	899.031
97.500	161.470	80.011	19.976	100.376	20.303	-0.536	1.047	899.035
98.000	161.967	80.013	19.977	100.379	20.307	-0.944	1.026	899.018
98.500	162.506	80.014	19.979	100.383	20.304	-0.644	1.036	899.001
99.000	163.010	80.012	19.978	100.388	20.305	-0.729	1.043	898.999
99.500	163.500	80.012	19.978	100.382	20.305	-0.574	0.994	899.019
100.000	164.035	80.013	19.979	100.381	20.306	-0.521	1.025	899.016
100.500	164.519	80.013	19.978	100.380	20.305	-0.354	1.019	899.001
101.000	165.048	80.013	19.979	100.377	20.302	-0.139	1.013	899.012
101.500	165.545	80.010	19.979	100.372	20.305	-0.412	1.025	899.004
102.000	166.062	80.012	19.979	100.371	20.306	-0.478	1.014	899.027
102.500	166.603	80.011	19.979	100.370	20.307	-0.497	1.059	899.009
103.000	167.100	80.012	19.978	100.369	20.305	-0.318	1.038	898.996
103.500	167.608	80.014	19.978	100.373	20.307	-0.603	1.005	899.015
104.000	168.109	80.017	19.979	100.381	20.307	-0.658	1.009	899.020
104.499	168.624	80.014	19.978	100.389	20.308	-0.562	1.016	898.993
105.000	169.135	80.014	19.978	100.387	20.307	-0.387	1.026	899.009
105.500	169.666	80.012	19.978	100.381	20.307	-0.383	1.042	899.027
106.000	170.160	80.012	19.976	100.377	20.308	-0.481	1.026	899.018
106.499	170.657	80.014	19.977	100.373	20.307	-0.393	0.991	899.018
106.999	171.171	80.013	19.978	100.369	20.310	-0.726	1.010	899.011
107.500	171.696	80.012	19.978	100.370	20.311	-0.798	1.039	899.022
108.000	172.209	80.015	19.978	100.365	20.310	-0.656	1.037	899.029
108.500	172.715	80.012	19.978	100.363	20.308	-0.471	1.018	899.049
109.000	173.198	80.014	19.978	100.362	20.310	-0.649	0.990	899.031
109.500	173.751	80.014	19.977	100.361	20.309	-0.380	1.036	899.017
110.000	174.246	80.012	19.978	100.362	20.312	-0.692	1.048	899.022
110.500	174.746	80.014	19.978	100.366	20.310	-0.431	0.995	899.027
111.000	175.274	80.012	19.979	100.366	20.311	-0.484	1.027	899.026
111.501	175.800	80.013	19.978	100.361	20.312	-0.578	1.054	899.051
112.000	176.331	80.013	19.977	100.358	20.311	-0.398	1.057	899.021
112.500	176.817	80.013	19.979	100.354	20.311	-0.351	1.018	899.049
113.000	177.323	80.013	19.979	100.353	20.314	-0.666	0.991	899.042
113.501	177.835	80.013	19.979	100.353	20.310	-0.351	1.017	899.056
114.000	178.380	80.014	19.978	100.355	20.313	-0.565	1.058	899.060
114.499	178.861	80.017	19.978	100.353	20.312	-0.374	1.026	899.090
115.000	179.395	80.014	19.978	100.354	20.310	-0.216	1.014	899.082
115.501	179.862	80.013	19.978	100.354	20.314	-0.610	1.002	899.106
116.000	180.427	80.012	19.977	100.349	20.313	-0.562	1.034	899.044
116.499	180.895	80.011	19.978	100.345	20.315	-0.705	1.033	899.066
117.000	181.421	80.011	19.978	100.343	20.313	-0.642	0.993	899.070
117.501	181.937	80.011	19.978	100.339	20.316	-1.061	1.041	899.073
118.001	182.461	80.010	19.980	100.338	20.312	-0.690	1.040	899.066
118.501	182.953	80.012	19.979	100.338	20.314	-0.971	1.017	899.050
119.000	183.478	80.012	19.978	100.335	20.315	-0.970	1.017	899.052
119.500	183.987	80.013	19.978	100.330	20.314	-0.861	1.033	899.093
120.000	184.505	80.017	19.978	100.329	20.315	-0.954	1.027	899.077
120.500	185.006	80.014	19.979	100.332	20.311	-0.391	1.019	899.074
121.000	185.540	80.015	19.978	100.332	20.314	-0.561	1.034	899.094
121.501	186.040	80.014	19.978	100.328	20.312	-0.211	1.034	899.082
122.001	186.537	80.012	19.978	100.331	20.314	-0.293	0.997	899.081
122.500	187.052	80.016	19.978	100.329	20.315	-0.377	1.013	899.092
123.000	187.549	80.015	19.977	100.326	20.311	-0.032	1.013	899.079
123.500	188.010	80.015	19.978	100.329	20.315	-0.432	0.958	899.115
124.000	188.548	80.015	19.977	100.333	20.315	-0.412	0.998	899.089
124.500	189.071	80.014	19.978	100.338	20.315	-0.658	1.061	899.077
125.000	189.575	80.013	19.978	100.342	20.314	-0.548	1.027	899.106
125.501	190.103	80.015	19.977	100.346	20.314	-0.574	1.032	899.119
126.000	190.629	80.015	19.978	100.345	20.317	-0.820	1.054	899.098
126.500	191.112	80.015	19.979	100.345	20.316	-0.794	1.010	899.099
127.000	191.654	80.014	19.978	100.343	20.320	-1.201	1.025	899.072
127.500	192.131	80.013	19.978	100.337	20.315	-0.618	1.018	899.106
128.000	192.606	80.015	19.977	100.329	20.314	-0.525	0.953	899.123
128.500	193.154	80.013	19.977	100.321	20.314	-0.500	1.024	899.134
129.000	193.659	80.011	19.978	100.311	20.318	-0.858	1.052	899.143
129.501	194.176	80.013	19.978	100.308	20.313	-0.273	1.021	899.125
130.001	194.689	80.012	19.977	100.310	20.318	-0.836	1.029	899.140
130.501	195.172	80.013	19.977	100.315	20.317	-0.695	0.997	899.115
131.000	195.684	80.015	19.977	100.318	20.319	-0.921	0.996	899.139
131.500	196.178	80.014	19.977	100.320	20.317	-0.766	1.006	899.107
132.001	196.719	80.012	19.977	100.324	20.314	-0.451	1.035	899.121
132.501	197.220	80.012	19.977	100.325	20.317	-0.734	1.042	899.107
133.001	197.747	80.012	19.977	100.322	20.319	-0.933	1.028	899.116
133.501	198.254	80.015	19.979	100.327	20.320	-0.954	1.035	899.115
134.000	198.718	80.013	19.977	100.331	20.321	-1.107	0.972	899.118
134.500	199.229	80.014	19.978	100.326	20.316	-0.598	0.975	899.170
135.000	199.772	80.014	19.980	100.324	20.320	-1.045	1.054	899.157
135.500	200.291	80.014	19.979	100.321	20.320	-1.098	1.062	899.158
136.000	200.796	80.016	19.979	100.316	20.318	-0.966	1.023	899.143
136.500	201.301	80.015	19.978	100.317	20.321	-1.282	1.009	899.117
137.001	201.822	80.012	19.978	100.317	20.319	-1.023	1.026	899.144
137.501	202.328	80.011	19.979	100.318	20.316	-0.631	1.028	899.171
138.000	202.858	80.011	19.978	100.317	20.317	-0.650	1.036	899.163
138.500	203.331	80.012	19.978	100.320	20.322	-1.140	1.003	899.187
139.000	203.843	80.012	19.979	100.320	20.320	-0.998	0.985	899.179
139.501	204.366	80.012	19.978	100.319	20.322	-1.206	1.033	899.148
140.002	204.860	80.015	19.980	100.316	20.321	-1.168	1.017	899.167
140.501	205.385	80.015	19.980	100.317	20.321	-1.211	1.020	899.176
141.001	205.880	80.012	19.979	100.313	20.321	-1.204	1.021	899.178
141.501	206.394	80.013	19.979	100.313	20.320	-1.056	1.010	899.180
142.000	206.892	80.014	19.979	100.319	20.322	-1.244	1.012	899.172
142.500	207.406	80.013	19.977	100.324	20.320	-1.117	1.011	899.199
143.001	207.918	80.012	19.979	100.324	20.323	-1.500	1.025	899.168
143.501	208.393	80.014	19.979	100.328	20.320	-1.265	0.987	899.177
144.001	208.907	80.014	19.978	100.325	20.321	-1.346	0.990	899.174
144.501	209.402	80.014	19.979	100.319	20.320	-1.178	1.011	899.173
145.000	209.934	80.012	19.978	100.313	20.323	-1.306	1.027	899.184
145.500	210.446	80.014	19.979	100.310	20.323	-1.066	1.043	899.196
146.000	210.958	80.015	19.980	100.312	20.321	-0.676	1.024	899.198
146.500	211.441	80.014	19.979	100.317	20.323	-0.696	0.995	899.224
147.001	211.934	80.017	19.978	100.321	20.323	-0.700	0.975	899.172
147.501	212.457	80.017	19.977	100.322	20.324	-0.756	1.016	899.161
148.000	212.925	80.016	19.978	100.324	20.320	-0.409	0.992	899.208
148.501	213.451	80.015	19.979	100.322	20.317	-0.266	0.994	899.189
149.001	214.005	80.014	19.979	100.319	20.321	-0.671	1.079	899.196
149.502	214.462	80.016	19.978	100.318	20.322	-0.899	1.010	899.206
150.001	215.003	80.016	19.979	100.327	20.322	-0.854	0.999	899.223
150.501	215.536	80.016	19.978	100.331	20.326	-1.205	1.075	899.231
151.001	216.001	80.016	19.978	100.334	20.326	-1.200	0.999	899.213
151.500	216.509	80.017	19.980	100.330	20.324	-1.026	0.973	899.179
152.000	217.054	80.015	19.979	100.326	20.326	-1.237	1.052	899.216
152.501	217.499	80.016	19.978	100.312	20.327	-1.363	0.990	899.236
153.001	218.055	80.013	19.979	100.297	20.323	-0.962	1.002	899.221
153.501	218.574	80.014	19.979	100.284	20.325	-1.194	1.075	899.238
154.001	219.065	80.013	19.979	100.280	20.323	-1.045	1.009	899.239
154.501	219.559	80.012	19.978	100.282	20.325	-1.317	0.985	899.218
155.000	220.092	80.014	19.978	100.285	20.325	-1.266	1.027	899.238
155.500	220.570	80.015	19.979	100.292	20.323	-1.070	1.011	899.232
156.001	221.081	80.014	19.978	100.296	20.320	-0.764	0.988	899.239
156.501	221.607	80.014	19.979	100.299	20.320	-0.725	1.037	899.224
157.001	222.088	80.015	19.979	100.296	20.323	-0.883	1.009	899.245
157.500	222.593	80.014	19.979	100.298	20.321	-0.651	0.986	899.256
158.001	223.121	80.017	19.979	100.297	20.325	-1.077	1.032	899.248
158.501	223.585	80.016	19.979	100.297	20.325	-1.037	0.993	899.264
159.000	224.107	80.015	19.978	100.299	20.323	-0.845	0.986	899.258
159.500	224.609	80.014	19.979	100.300	20.322	-0.689	1.023	899.227
160.001	225.109	80.014	19.979	100.298	20.320	-0.552	1.001	899.263
160.501	225.576	80.015	19.978	100.300	20.322	-0.757	0.966	899.258
161.001	226.086	80.014	19.979	100.302	20.326	-1.082	0.977	899.280
161.501	226.612	80.014	19.979	100.304	20.324	-0.765	1.037	899.277
162.001	227.121	80.014	19.979	100.304	20.323	-0.638	1.036	899.251
162.501	227.618	80.010	19.979	100.308	20.324	-0.844	1.006	899.296
163.001	228.141	80.012	19.979	100.306	20.323	-0.709	1.019	899.254
163.501	228.626	80.014	19.979	100.302	20.319	-0.305	1.008	899.262
164.001	229.130	80.012	19.978	100.297	20.325	-0.803	0.989	899.288
164.501	229.641	80.014	19.979	100.294	20.323	-0.683	1.016	899.283
165.001	230.128	80.011	19.978	100.290	20.327	-1.015	0.998	899.282
165.502	230.658	80.012	19.979	100.293	20.327	-1.041	1.017	899.264
166.001	231.148	80.012	19.978	100.296	20.326	-0.941	1.021	899.279
166.501	231.645	80.011	19.978	100.294	20.325	-0.794	0.987	899.282
167.001	232.169	80.014	19.979	100.291	20.328	-1.162	1.020	899.291
167.501	232.663	80.013	19.978	100.291	20.326	-0.934	1.017	899.314
168.002	233.174	80.014	19.979	100.288	20.326	-1.000	1.005	899.298
168.501	233.661	80.016	19.979	100.285	20.326	-1.002	0.999	899.280
169.001	234.166	80.017	19.979	100.285	20.327	-1.191	0.992	899.264
169.501	234.663	80.016	19.978	100.285	20.327	-1.186	1.002	899.328
170.000	235.176	80.013	19.978	100.285	20.326	-0.957	1.010	899.298
170.500	235.668	80.010	19.978	100.284	20.327	-1.007	1.004	899.299
171.001	236.203	80.012	19.979	100.284	20.325	-0.674	1.026	899.327
171.501	236.713	80.013	19.978	100.283	20.328	-0.870	1.044	899.305
172.001	237.185	80.014	19.979	100.284	20.327	-0.719	0.983	899.331
172.501	237.725	80.014	19.979	100.281	20.328	-0.750	1.012	899.325
173.001	238.192	80.014	19.979	100.281	20.327	-0.766	1.006	899.325
173.501	238.697	80.011	19.979	100.278	20.328	-1.026	0.973	899.320
174.001	239.199	80.014	19.980	100.278	20.330	-1.205	1.008	899.325
174.501	239.695	80.015	19.979	100.281	20.328	-1.048	0.997	899.320
175.001	240.252	80.015	19.979	100.284	20.330	-1.185	1.053	899.350
175.501	240.725	80.014	19.978	100.286	20.326	-0.651	1.030	899.382
176.001	241.261	80.011	19.978	100.289	20.327	-0.674	1.008	899.351
176.501	241.750	80.013	19.979	100.293	20.330	-0.853	1.026	899.329
177.001	242.258	80.014	19.979	100.290	20.333	-1.074	0.998	899.359
177.501	242.763	80.012	19.978	100.282	20.330	-0.790	1.013	899.343
178.001	243.261	80.013	19.979	100.275	20.327	-0.544	1.003	899.356
178.501	243.757	80.011	19.978	100.271	20.329	-0.870	0.994	899.345
179.001	244.233	80.011	19.977	100.264	20.326	-0.506	0.972	899.372
179.501	244.744	80.015	19.978	100.260	20.328	-0.827	0.987	899.375
180.001	245.266	80.016	19.978	100.263	20.328	-0.730	1.033	899.350
180.501	245.757	80.013	19.979	100.270	20.328	-0.730	1.013	899.339
181.001	246.239	80.015	19.978	100.276	20.330	-0.792	0.973	899.378
181.501	246.761	80.014	19.978	100.276	20.330	-0.753	1.004	899.383
182.001	247.277	80.012	19.978	100.277	20.332	-1.053	1.038	899.378
182.502	247.777	80.010	19.977	100.274	20.326	-0.498	1.017	899.390
183.001	248.263	80.010	19.977	100.262	20.330	-0.902	0.987	899.404
183.500	248.774	80.012	19.977	100.253	20.331	-1.127	0.997	899.387
184.001	249.287	80.012	19.976	100.252	20.331	-1.266	1.023	899.400
184.501	249.792	80.011	19.978	100.251	20.329	-1.039	1.018	899.419
185.001	250.275	80.012	19.978	100.252	20.329	-0.915	0.988	899.384
185.502	250.798	80.014	19.979	100.260	20.333	-1.206	1.006	899.431
186.001	251.304	80.013	19.978	100.263	20.329	-0.815	1.030	899.389
186.501	251.835	80.013	19.977	100.261	20.329	-0.686	1.036	899.401
187.001	252.309	80.014	19.977	100.265	20.333	-0.998	1.004	899.414
187.501	252.777	80.014	19.978	100.263	20.333	-1.122	0.942	899.434
188.001	253.311	80.010	19.978	100.256	20.330	-0.926	1.002	899.369
188.501	253.819	80.011	19.978	100.252	20.330	-1.009	1.042	899.403
189.001	254.308	80.014	19.978	100.254	20.329	-0.939	0.997	899.381
189.502	254.833	80.012	19.978	100.253	20.330	-1.122	1.014	899.401
190.001	255.305	80.013	19.977	100.259	20.329	-0.934	0.997	899.414
190.500	255.821	80.016	19.979	100.262	20.329	-0.872	0.988	899.439
191.001	256.334	80.016	19.979	100.270	20.333	-1.196	1.029	899.438
191.501	256.838	80.016	19.979	100.273	20.331	-1.006	1.017	899.456
192.001	257.312	80.014	19.978	100.271	20.333	-1.199	0.977	899.429
192.502	257.852	80.014	19.978	100.262	20.331	-0.953	1.014	899.432
193.001	258.341	80.016	19.978	100.261	20.331	-0.897	1.030	899.441
193.501	258.861	80.014	19.978	100.253	20.330	-0.783	1.010	899.444
194.001	259.348	80.015	19.978	100.247	20.330	-0.769	1.006	899.449
194.501	259.851	80.016	19.977	100.249	20.332	-0.901	0.989	899.458
195.002	260.370	80.015	19.977	100.256	20.332	-0.974	1.023	899.464
195.501	260.858	80.015	19.977	100.262	20.334	-1.202	1.008	899.446
196.001	261.362	80.017	19.977	100.268	20.333	-1.193	0.991	899.451
196.501	261.823	80.016	19.978	100.272	20.332	-1.208	0.965	899.437
197.002	262.334	80.014	19.977	100.270	20.332	-1.125	0.972	899.469
197.502	262.867	80.014	19.977	100.266	20.331	-0.982	1.044	899.455
198.001	263.332	80.014	19.977	100.259	20.330	-0.862	0.999	899.461
198.501	263.855	80.016	19.977	100.258	20.331	-1.012	0.988	899.463
199.001	264.361	80.015	19.977	100.259	20.330	-0.856	1.028	899.443
199.502	264.866	80.015	19.976	100.261	20.332	-0.905	1.010	899.481
200.002	265.373	80.014	19.977	100.256	20.335	-1.183	1.012	899.488
200.502	265.870	80.012	19.977	100.255	20.335	-1.179	1.004	899.454
201.002	266.355	80.015	19.978	100.248	20.335	-1.020	0.983	899.459
201.501	266.854	80.018	19.978	100.245	20.330	-0.519	0.984	899.482
202.002	267.391	80.018	19.979	100.247	20.329	-0.507	1.034	899.484
202.502	267.880	80.017	19.978	100.255	20.331	-0.720	1.027	899.468
203.002	268.389	80.016	19.977	100.256	20.330	-0.713	0.999	899.498
203.501	268.848	80.018	19.977	100.262	20.329	-0.619	0.968	899.505
204.001	269.359	80.017	19.977	100.261	20.328	-0.647	0.969	899.491
204.502	269.863	80.016	19.976	100.258	20.329	-0.757	1.014	899.454
205.002	270.370	80.017	19.976	100.257	20.330	-0.831	1.012	899.495
205.502	270.889	80.016	19.977	100.260	20.331	-0.837	1.028	899.525
206.000	271.409	80.013	19.976	100.258	20.331	-0.827	1.040	899.472
206.501	271.861	80.017	19.976	100.253	20.333	-0.961	0.972	899.507
207.001	272.355	80.016	19.977	100.249	20.335	-1.107	0.945	899.493
207.502	272.865	80.016	19.978	100.244	20.333	-0.842	1.002	899.487
208.003	273.364	80.016	19.977	100.242	20.332	-0.759	1.008	899.494
208.502	273.854	80.013	19.977	100.238	20.332	-0.741	0.990	899.506
209.002	274.394	80.014	19.977	100.239	20.332	-0.903	1.030	899.518
209.502	274.875	80.016	19.978	100.244	20.330	-0.635	1.022	899.511
210.002	275.398	80.014	19.979	100.247	20.332	-0.936	1.005	899.523
210.501	275.913	80.014	19.977	100.247	20.333	-1.045	1.039	899.529
211.001	276.382	80.017	19.977	100.253	20.335	-1.219	0.984	899.542
211.501	276.882	80.018	19.977	100.256	20.334	-1.049	0.969	899.528
212.001	277.390	80.019	19.977	100.254	20.331	-0.723	1.008	899.505
212.501	277.860	80.019	19.977	100.252	20.333	-0.879	0.978	899.523
213.001	278.376	80.018	19.978	100.252	20.333	-0.808	0.985	899.538
213.502	278.875	80.016	19.977	100.246	20.334	-0.836	1.015	899.536
214.002	279.372	80.014	19.977	100.245	20.337	-1.158	0.996	899.532
214.502	279.906	80.015	19.977	100.243	20.335	-0.996	1.031	899.550
215.002	280.391	80.014	19.978	100.241	20.335	-0.962	1.019	899.548
215.501	280.885	80.011	19.978	100.241	20.333	-0.793	0.980	899.530
216.001	281.411	80.013	19.978	100.244	20.332	-0.778	1.020	899.550
216.502	281.893	80.013	19.977	100.245	20.332	-0.765	1.007	899.534
217.002	282.410	80.015	19.977	100.249	20.333	-0.908	0.999	899.543
217.502	282.890	80.017	19.977	100.251	20.332	-0.776	0.998	899.560
218.002	283.358	80.015	19.976	100.251	20.334	-0.900	0.949	899.536
218.501	283.917	80.015	19.978	100.251	20.337	-1.063	1.027	899.535
219.002	284.387	80.015	19.977	100.245	20.332	-0.635	1.029	899.551
219.502	284.884	80.014	19.977	100.243	20.339	-1.170	0.967	899.549
220.001	285.410	80.012	19.977	100.238	20.338	-1.028	1.023	899.551
220.501	285.877	80.010	19.977	100.237	20.337	-0.967	0.993	899.529
221.001	286.373	80.010	19.977	100.233	20.336	-0.843	0.962	899.573
221.502	286.875	80.012	19.978	100.235	20.337	-0.976	0.998	899.546
222.003	287.405	80.012	19.978	100.236	20.336	-0.904	1.032	899.559
222.503	287.889	80.012	19.979	100.237	20.336	-0.835	1.014	899.550
223.002	288.407	80.014	19.979	100.240	20.334	-0.629	1.003	899.539
223.502	288.897	80.014	19.978	100.241	20.337	-0.893	1.007	899.558
224.003	289.408	80.013	19.979	100.241	20.336	-0.754	1.001	899.577
224.502	289.919	80.014	19.978	100.240	20.337	-0.819	1.024	899.572
225.001	290.420	80.012	19.976	100.240	20.340	-1.094	1.013	899.564
225.501	290.943	80.014	19.976	100.235	20.337	-0.952	1.024	899.553
226.001	291.394	80.012	19.976	100.232	20.340	-1.274	0.974	899.561
226.501	291.899	80.010	19.977	100.230	20.342	-1.578	0.956	899.583
227.001	292.466	80.009	19.977	100.225	20.338	-1.172	1.070	899.563
227.502	292.941	80.010	19.976	100.222	20.339	-1.330	1.041	899.580
228.002	293.435	80.010	19.978	100.225	20.338	-1.132	0.969	899.567
228.502	293.913	80.012	19.978	100.227	20.338	-1.098	0.971	899.581
229.002	294.398	80.013	19.978	100.225	20.337	-1.007	0.964	899.557
229.501	294.923	80.013	19.979	100.228	20.339	-1.105	1.011	899.587
230.001	295.397	80.012	19.978	100.224	20.337	-0.836	0.998	899.608
230.502	295.897	80.012	19.979	100.219	20.337	-0.924	0.973	899.566
231.002	296.445	80.015	19.978	100.217	20.339	-1.155	1.050	899.560
231.501	296.921	80.011	19.978	100.218	20.339	-1.280	1.025	899.616
232.001	297.419	80.011	19.979	100.217	20.338	-1.270	0.973	899.568
232.502	297.921	80.014	19.979	100.222	20.339	-1.402	1.000	899.548
233.002	298.420	80.012	19.979	100.225	20.334	-0.859	1.002	899.573
233.501	298.908	80.012	19.979	100.226	20.336	-1.006	0.987	899.595
234.002	299.451	80.014	19.978	100.229	20.341	-1.588	1.030	899.624
234.502	299.959	80.012	19.978	100.234	20.338	-1.199	1.052	899.635
235.002	300.456	80.012	19.979	100.233	20.338	-1.101	1.004	899.572
235.503	300.937	80.012	19.979	100.229	20.339	-1.156	0.977	899.645
236.002	301.422	80.012	19.979	100.225	20.338	-0.893	0.967	899.604
236.502	301.939	80.013	19.978	100.222	20.340	-0.954	1.002	899.625
237.002	302.443	80.010	19.977	100.219	20.341	-0.870	1.020	899.591
237.502	302.942	80.013	19.979	100.219	20.338	-0.655	1.003	899.620
238.002	303.433	80.013	19.979	100.225	20.337	-0.409	0.991	899.625
238.502	303.951	80.011	19.978	100.229	20.337	-0.412	1.010	899.634
239.002	304.438	80.012	19.978	100.232	20.336	-0.312	1.005	899.608
239.501	304.943	80.015	19.979	100.236	20.335	-0.311	0.992	899.620
240.002	305.436	80.013	19.978	100.238	20.337	-0.584	0.998	899.645
240.502	305.921	80.013	19.979	100.235	20.338	-0.713	0.977	899.624
241.002	306.439	80.013	19.980	100.234	20.336	-0.522	1.003	899.651
241.502	306.964	80.013	19.978	100.233	20.338	-0.787	1.043	899.628
242.003	307.481	80.014	19.977	100.227	20.337	-0.734	1.042	899.632
242.502	307.959	80.012	19.977	100.226	20.335	-0.485	0.996	899.640
243.002	308.446	80.014	19.977	100.223	20.336	-0.510	0.966	899.641
243.503	308.955	80.014	19.978	100.215	20.335	-0.459	0.995	899.670
244.002	309.448	80.012	19.978	100.203	20.336	-0.519	1.002	899.635
244.502	309.968	80.012	19.978	100.200	20.336	-0.465	1.013	899.664
245.003	310.418	80.013	19.978	100.198	20.338	-0.736	0.970	899.653
245.502	310.951	80.013	19.976	100.196	20.334	-0.378	0.984	899.660
246.002	311.417	80.012	19.978	100.196	20.337	-0.690	0.999	899.644
246.502	311.929	80.011	19.978	100.202	20.337	-0.532	0.977	899.649
247.002	312.443	80.012	19.977	100.204	20.338	-0.590	1.025	899.659
247.503	312.902	80.010	19.978	100.203	20.335	-0.405	0.973	899.654
248.002	313.410	80.010	19.979	100.206	20.334	-0.355	0.968	899.695
248.502	313.901	80.012	19.978	100.213	20.333	-0.158	0.998	899.659
249.003	314.404	80.014	19.979	100.213	20.330	0.133	0.994	899.658
249.502	314.926	80.014	19.977	100.211	20.334	-0.181	1.026	899.656
250.002	315.420	80.014	19.977	100.210	20.331	0.025	1.016	899.635
250.502	315.939	80.014	19.977	100.208	20.332	-0.057	1.014	899.656
251.002	316.435	80.013	19.977	100.209	20.336	-0.280	1.014	899.672
251.503	316.953	80.012	19.978	100.209	20.333	0.087	1.013	899.672
252.003	317.391	80.011	19.977	100.207	20.335	-0.220	0.957	899.665
252.502	317.920	80.011	19.979	100.207	20.337	-0.510	0.967	899.670
253.002	318.425	80.012	19.979	100.212	20.335	-0.368	1.033	899.686
253.503	318.932	80.010	19.978	100.205	20.335	-0.367	1.012	899.672
254.002	319.433	80.011	19.978	100.203	20.333	-0.236	1.009	899.700
254.502	319.945	80.011	19.977	100.205	20.333	-0.207	1.013	899.695
255.002	320.426	80.011	19.977	100.205	20.334	-0.363	0.993	899.740
255.502	320.968	80.013	19.977	100.203	20.335	-0.413	1.024	899.687
256.001	321.437	80.010	19.978	100.209	20.336	-0.435	1.011	899.702
256.502	321.953	80.011	19.977	100.205	20.338	-0.630	0.983	899.696
257.003	322.447	80.013	19.979	100.203	20.336	-0.424	1.010	899.674
257.502	322.959	80.011	19.979	100.204	20.339	-0.688	1.007	899.712
258.002	323.446	80.010	19.979	100.200	20.340	-0.814	0.998	899.717
258.502	323.919	80.011	19.979	100.192	20.337	-0.493	0.960	899.698
259.002	324.420	80.011	19.979	100.197	20.341	-0.925	0.974	899.709
259.502	324.951	80.012	19.979	100.200	20.337	-0.647	1.031	899.744
260.003	325.414	80.013	19.979	100.200	20.336	-0.583	0.994	899.695
260.502	325.945	80.011	19.978	100.203	20.334	-0.379	0.995	899.706
261.002	326.427	80.014	19.978	100.209	20.331	-0.122	1.013	899.728
261.502	326.924	80.013	19.977	100.210	20.335	-0.450	0.979	899.679
262.002	327.430	80.013	19.976	100.210	20.334	-0.369	1.002	899.732
262.503	327.963	80.012	19.977	100.207	20.335	-0.426	1.039	899.717
263.002	328.447	80.011	19.978	100.204	20.335	-0.441	1.018	899.708
263.502	328.944	80.011	19.978	100.201	20.336	-0.507	0.981	899.712
264.002	329.423	80.011	19.977	100.200	20.336	-0.472	0.976	899.729
264.502	329.924	80.012	19.977	100.199	20.332	-0.111	0.980	899.723
265.002	330.426	80.015	19.977	100.202	20.335	-0.454	1.002	899.765
265.503	330.913	80.011	19.978	100.204	20.338	-0.774	0.989	899.703
266.003	331.452	80.013	19.978	100.203	20.334	-0.357	1.027	899.727
266.503	331.957	80.014	19.978	100.206	20.333	-0.286	1.043	899.732
267.003	332.422	80.014	19.978	100.208	20.331	-0.083	0.969	899.710
267.503	332.950	80.013	19.977	100.208	20.335	-0.452	0.993	899.742
268.002	333.450	80.012	19.978	100.208	20.330	0.146	1.029	899.713
268.502	333.962	80.012	19.978	100.213	20.335	-0.389	1.012	899.752
269.002	334.471	80.013	19.978	100.211	20.335	-0.479	1.021	899.763
269.502	334.975	80.012	19.978	100.208	20.334	-0.357	1.013	899.743
270.002	335.470	80.014	19.977	100.206	20.336	-0.629	0.998	899.777
270.502	335.958	80.016	19.978	100.207	20.335	-0.538	0.984	899.727
271.002	336.459	80.013	19.979	100.203	20.335	-0.495	0.990	899.756
271.502	336.952	80.013	19.978	100.204	20.334	-0.440	0.993	899.724
272.002	337.438	80.014	19.978	100.206	20.335	-0.477	0.978	899.719
272.502	337.939	80.015	19.979	100.209	20.331	-0.072	0.989	899.746
273.002	338.453	80.015	19.978	100.209	20.332	0.030	1.015	899.713
273.502	338.943	80.013	19.977	100.211	20.333	-0.117	1.003	899.736
274.002	339.453	80.012	19.978	100.209	20.333	-0.118	1.001	899.730
274.502	339.928	80.014	19.978	100.210	20.332	-0.014	0.985	899.730
275.002	340.419	80.011	19.978	100.208	20.333	-0.084	0.966	899.744
275.502	340.968	80.012	19.978	100.204	20.334	-0.139	1.040	899.738
276.002	341.438	80.014	19.977	100.207	20.334	-0.124	1.018	899.753
276.502	341.968	80.012	19.978	100.211	20.332	0.036	1.000	899.755
277.002	342.473	80.013	19.978	100.209	20.332	0.026	1.035	899.750
277.502	342.970	80.014	19.978	100.212	20.333	0.018	1.002	899.801
278.003	343.476	80.012	19.978	100.216	20.334	-0.137	1.003	899.790
278.502	343.982	80.011	19.978	100.211	20.332	0.043	1.012	899.784
279.003	344.477	80.011	19.978	100.209	20.332	0.049	1.001	899.774
279.502	344.979	80.013	19.979	100.210	20.333	-0.237	0.998	899.790
280.002	345.475	80.015	19.979	100.205	20.328	0.334	0.998	899.792
280.503	345.996	80.013	19.978	100.200	20.329	0.277	1.017	899.810
281.003	346.472	80.015	19.978	100.199	20.330	0.199	0.997	899.804
281.502	346.974	80.014	19.977	100.198	20.332	0.018	0.977	899.784
282.003	347.487	80.013	19.978	100.201	20.329	0.261	1.014	899.818
282.503	347.949	80.014	19.978	100.200	20.328	0.453	0.975	899.794
283.003	348.455	80.016	19.977	100.202	20.330	0.227	0.968	899.772
283.502	348.958	80.015	19.977	100.199	20.328	0.435	1.010	899.776
284.002	349.452	80.016	19.978	100.196	20.329	0.286	0.998	899.829
284.502	349.935	80.014	19.978	100.193	20.328	0.454	0.977	899.814
285.002	350.492	80.016	19.979	100.194	20.326	0.612	1.038	899.800
285.503	350.966	80.014	19.978	100.196	20.327	0.522	1.030	899.772
286.003	351.446	80.013	19.978	100.200	20.325	0.654	0.954	899.799
286.503	351.951	80.017	19.980	100.203	20.325	0.582	0.985	899.778
287.003	352.451	80.016	19.978	100.206	20.328	0.224	1.006	899.798
287.503	352.970	80.015	19.978	100.207	20.324	0.545	1.020	899.824
288.003	353.450	80.015	19.978	100.205	20.329	-0.001	0.999	899.820
288.503	353.983	80.015	19.978	100.203	20.325	0.503	1.013	899.807
289.002	354.482	80.014	19.978	100.202	20.328	0.247	1.033	899.842
289.502	354.945	80.015	19.979	100.199	20.327	0.514	0.962	899.809
290.002	355.449	80.015	19.978	100.200	20.325	0.707	0.967	899.854
290.502	355.941	80.016	19.979	100.201	20.326	0.739	0.996	899.814
291.002	356.446	80.016	19.979	100.203	20.323	1.019	0.997	899.804
291.502	356.949	80.015	19.978	100.201	20.323	1.071	1.008	899.818
292.003	357.456	80.015	19.978	100.198	20.323	0.993	1.009	899.832
292.503	357.949	80.013	19.978	100.196	20.323	0.980	1.000	899.822
293.003	358.444	80.016	19.979	100.201	20.320	1.305	0.988	899.803
293.503	358.957	80.017	19.980	100.204	20.320	1.306	1.009	899.831
294.002	359.479	80.016	19.979	100.211	20.321	1.268	1.036	899.848
294.503	359.933	80.016	19.979	100.218	20.317	1.795	0.976	899.823
295.002	360.469	80.015	19.980	100.220	20.320	1.570	0.990	899.837
295.502	360.928	80.014	19.979	100.216	20.320	1.637	0.994	899.840
296.003	361.434	80.017	19.979	100.212	20.317	1.896	0.965	899.840
296.503	361.967	80.015	19.979	100.205	20.317	2.032	1.039	899.865
297.003	362.470	80.015	19.978	100.199	20.316	2.029	1.036	899.859
297.503	362.947	80.015	19.978	100.197	20.312	2.388	0.979	899.858
298.003	363.421	80.014	19.978	100.193	20.314	2.250	0.951	899.841
298.503	363.970	80.014	19.978	100.193	20.313	2.351	1.025	899.853
299.002	364.474	80.017	19.978	100.196	20.315	2.013	1.054	899.851
299.502	364.965	80.017	19.978	100.198	20.310	2.525	0.995	899.873
300.002	365.478	80.015	19.977	100.195	20.311	2.354	1.004	899.872
300.503	365.973	80.014	19.978	100.198	20.307	2.683	1.007	899.861
301.003	366.473	80.014	19.977	100.197	20.308	2.486	0.994	899.872
301.503	366.953	80.014	19.977	100.191	20.306	2.810	0.979	899.899
302.003	367.413	80.012	19.978	100.183	20.305	2.956	0.940	899.882
302.503	367.947	80.012	19.978	100.181	20.303	3.142	0.994	899.864
303.003	368.460	80.014	19.977	100.178	20.301	3.359	1.048	899.869
303.503	368.940	80.011	19.976	100.175	20.301	3.399	0.994	899.865
304.002	369.450	80.013	19.977	100.176	20.300	3.504	0.990	899.867
304.503	369.937	80.013	19.977	100.181	20.301	3.418	0.996	899.876
305.003	370.471	80.011	19.977	100.182	20.296	3.844	1.020	899.909
305.503	370.962	80.012	19.977	100.178	20.296	3.825	1.025	899.893
306.003	371.452	80.010	19.978	100.179	20.297	3.799	0.981	899.917
306.503	371.994	80.010	19.978	100.183	20.294	4.144	1.033	899.894
307.002	372.442	80.011	19.978	100.187	20.293	4.198	0.990	899.900
307.503	372.927	80.012	19.978	100.191	20.293	4.164	0.933	899.887
308.003	373.458	80.014	19.977	100.197	20.294	4.059	1.016	899.909
308.503	373.979	80.014	19.978	100.197	20.290	4.488	1.052	899.914
309.003	374.436	80.012	19.978	100.192	20.288	4.633	0.977	899.898
309.502	374.925	80.013	19.977	100.188	20.288	4.581	0.946	899.903
310.003	375.456	80.015	19.978	100.184	20.287	4.691	1.020	899.919
310.503	375.961	80.015	19.978	100.185	20.283	5.107	1.037	899.918
311.003	376.439	80.015	19.978	100.187	20.278	5.569	0.982	899.904
311.503	376.945	80.013	19.978	100.190	20.280	5.362	0.983	899.901
312.002	377.430	80.014	19.979	100.188	20.277	5.709	0.992	899.930
312.503	377.951	80.014	19.979	100.190	20.272	6.224	1.006	899.911
313.003	378.458	80.013	19.980	100.189	20.270	6.432	1.027	899.926
313.504	378.933	80.014	19.980	100.184	20.267	6.815	0.982	899.925
314.003	379.440	80.014	19.979	100.185	20.263	7.253	0.983	899.910
314.503	379.964	80.015	19.978	100.188	20.259	7.576	1.032	899.899
315.003	380.432	80.016	19.977	100.190	20.255	7.879	0.993	899.916
315.502	380.968	80.017	19.979	100.190	20.252	8.181	1.003	899.937
316.003	381.432	80.015	19.978	100.193	20.248	8.584	0.999	899.923
316.503	381.935	80.016	19.978	100.192	20.241	9.228	0.968	899.964
317.003	382.447	80.015	19.978	100.191	20.237	9.609	1.015	899.951
317.502	382.966	80.015	19.977	100.189	20.234	9.960	1.030	899.944
318.003	383.449	80.016	19.977	100.192	20.228	10.643	1.002	899.976
318.503	383.950	80.015	19.978	100.195	20.226	10.895	0.984	899.964
319.003	384.464	80.016	19.978	100.195	20.221	11.474	1.014	899.949
319.503	384.954	80.015	19.978	100.191	20.217	11.868	1.004	899.959
320.003	385.451	80.013	19.978	100.190	20.209	12.572	0.988	899.983
320.503	385.971	80.016	19.977	100.186	20.203	13.115	1.017	899.966
321.003	386.478	80.015	19.978	100.185	20.198	13.523	1.027	900.001
321.503	386.954	80.014	19.979	100.187	20.190	14.318	0.983	899.991
322.003	387.445	80.013	19.977	100.191	20.179	15.330	0.967	899.971
322.503	387.937	80.014	19.978	100.195	20.178	15.502	0.982	899.969
323.003	388.447	80.013	19.979	100.196	20.165	16.840	1.002	899.963
323.503	388.958	80.014	19.977	100.194	20.157	17.743	1.021	900.012
324.003	389.447	80.012	19.979	100.195	20.144	19.099	1.000	899.969
324.503	389.956	80.014	19.979	100.196	20.127	20.778	0.999	899.972
325.003	390.452	80.013	19.979	100.194	20.114	22.026	1.005	900.005
325.503	390.957	80.013	19.979	100.191	20.101	23.318	1.001	900.002
326.003	391.476	80.016	19.980	100.188	20.088	24.480	1.024	900.010
326.503	391.957	80.017	19.980	100.184	20.072	26.064	1.000	900.012
327.003	392.460	80.016	19.980	100.183	20.059	27.419	0.984	900.007
327.503	392.968	80.016	19.979	100.187	20.040	29.210	1.010	900.001
328.003	393.467	80.016	19.979	100.193	20.022	31.044	1.006	899.997
328.503	393.968	80.016	19.979	100.202	20.001	33.136	1.001	900.008
329.003	394.445	80.012	19.978	100.205	19.974	36.032	0.978	900.010
329.503	394.964	80.015	19.980	100.202	19.945	39.024	0.995	899.994
330.003	395.474	80.014	19.979	100.198	19.914	42.296	1.029	900.025
330.503	395.974	80.015	19.979	100.194	19.875	46.375	1.010	900.053
331.004	396.429	80.016	19.978	100.189	19.838	50.464	0.955	899.997
331.504	396.943	80.017	19.978	100.192	19.795	55.042	0.970	900.005
332.003	397.475	80.016	19.978	100.193	19.760	59.038	1.046	900.049
332.503	397.966	80.015	19.979	100.193	19.721	63.253	1.024	900.025
333.003	398.433	80.014	19.979	100.198	19.683	67.522	0.958	900.024
333.503	398.936	80.013	19.979	100.201	19.645	71.630	0.969	900.015
334.004	399.442	80.014	19.979	100.203	19.607	75.837	1.009	900.032
334.503	399.936	80.013	19.979	100.205	19.567	80.042	1.000	900.024
335.003	400.428	80.013	19.979	100.206	19.529	83.937	0.985	900.044
335.504	400.950	80.013	19.979	100.206	19.503	86.595	1.014	900.019
336.003	401.442	80.013	19.979	100.203	19.481	88.667	1.015	900.021
336.502	401.948	80.013	19.979	100.198	19.469	89.688	0.999	900.034
337.002	402.439	80.015	19.978	100.191	19.465	89.813	0.996	900.053
337.503	402.935	80.016	19.979	100.182	19.473	88.659	0.986	900.029
338.003	403.469	80.016	19.980	100.168	19.491	86.477	1.031	900.019
338.503	403.951	80.014	19.979	100.149	19.523	82.865	1.017	900.031
339.003	404.483	80.015	19.979	100.127	19.546	80.225	1.014	900.025
339.503	404.943	80.015	19.980	100.105	19.562	78.133	0.991	900.039
340.004	405.458	80.015	19.979	100.080	19.554	78.343	0.973	900.050
340.504	405.930	80.013	19.979	100.059	19.523	81.075	0.988	900.039
341.003	406.435	80.015	19.980	100.042	19.465	86.675	0.978	900.026
341.503	406.940	80.015	19.980	100.026	19.389	94.350	1.010	900.051
342.003	407.441	80.015	19.980	100.015	19.299	103.537	1.006	900.063
342.503	407.938	80.016	19.979	100.008	19.209	113.096	0.998	900.055
343.003	408.447	80.013	19.979	100.008	19.135	121.165	1.006	900.056
343.503	408.947	80.013	19.979	100.018	19.081	127.132	1.009	900.046
344.003	409.405	80.009	19.978	100.034	19.054	130.179	0.958	900.066
344.503	409.935	80.012	19.978	100.050	19.032	132.444	0.988	900.048
345.003	410.451	80.012	19.979	100.072	19.008	134.589	1.047	900.065
345.503	410.938	80.013	19.978	100.094	18.962	138.700	1.003	900.066
346.003	411.442	80.012	19.979	100.113	18.901	144.231	0.991	900.074
346.503	411.930	80.014	19.979	100.137	18.821	151.949	0.992	900.069
347.003	412.434	80.013	19.979	100.168	18.736	160.317	0.991	900.074
347.504	412.923	80.014	19.979	100.197	18.660	168.122	0.991	900.066
348.004	413.427	80.015	19.979	100.215	18.600	174.375	0.993	900.068
348.503	413.957	80.013	19.978	100.223	18.564	178.393	1.035	900.103
349.004	414.390	80.012	19.980	100.218	18.537	181.393	0.963	900.075
349.504	414.946	80.011	19.979	100.195	18.503	184.779	0.989	900.106
350.003	415.432	80.013	19.978	100.153	18.445	190.221	1.042	900.110
350.503	415.922	80.016	19.979	100.113	18.354	199.089	0.976	900.093
351.004	416.413	80.013	19.978	100.079	18.243	210.191	0.980	900.088
351.504	416.895	80.014	19.979	100.060	18.133	221.109	0.973	900.114
352.004	417.388	80.015	19.980	100.063	18.039	230.494	0.976	900.108
352.503	417.870	80.013	19.980	100.095	17.965	238.092	0.974	900.130
353.003	418.401	80.013	19.980	100.134	17.882	246.632	1.012	900.133
353.504	418.887	80.013	19.980	100.167	17.781	256.907	1.018	900.111
354.003	419.385	80.012	19.979	100.177	17.671	267.985	0.984	900.105
354.503	419.884	80.012	19.980	100.166	17.564	278.892	0.997	900.138
355.003	420.384	80.009	19.979	100.142	17.466	288.299	0.998	900.139
355.503	420.913	80.011	19.978	100.115	17.359	298.526	1.028	900.109
356.004	421.369	80.011	19.978	100.089	17.261	308.112	0.985	900.131
356.504	421.862	80.010	19.978	100.080	17.168	317.372	0.949	900.147
357.003	422.349	80.012	19.978	100.092	17.054	328.621	0.980	900.125
357.503	422.878	80.010	19.979	100.110	16.902	343.593	1.016	900.142
358.004	423.362	80.012	19.979	100.121	16.729	360.867	1.013	900.108
358.504	423.856	80.015	19.979	100.119	16.570	376.688	0.978	900.169
359.003	424.350	80.013	19.979	100.120	16.443	389.440	0.988	900.140
359.504	424.838	80.012	19.978	100.101	16.347	398.912	0.982	900.137
360.004	425.343	80.012	19.979	100.071	16.255	407.814	0.994	900.148
360.503	425.819	80.012	19.979	100.052	16.114	421.284	0.980	900.154
361.004	426.338	80.013	19.978	100.047	15.891	442.952	0.994	900.153
361.504	426.815	80.012	19.979	100.027	15.637	468.030	0.997	900.153
362.003	427.329	80.011	19.979	100.012	15.437	488.169	0.992	900.119
362.503	427.813	80.013	19.977	100.036	15.301	501.977	0.999	900.182
363.003	428.283	80.012	19.978	100.057	15.207	511.774	0.953	900.116
363.504	428.787	80.013	19.979	100.064	15.070	525.450	0.973	900.174
364.004	429.306	80.015	19.979	100.067	14.843	547.640	1.024	900.193
364.503	429.746	80.015	19.979	100.067	14.562	574.967	0.960	900.170
365.003	430.276	80.016	19.978	100.030	14.321	598.539	0.971	900.210
365.503	430.763	80.015	19.979	100.005	14.167	613.614	1.017	900.193
366.003	431.256	80.015	19.979	100.003	14.042	625.724	0.980	900.190
366.503	431.750	80.015	19.978	99.995	13.846	644.945	0.988	900.200
367.003	432.216	80.014	19.979	99.988	13.562	673.024	0.959	900.169
367.504	432.738	80.015	19.979	99.998	13.257	702.913	0.987	900.232
368.004	433.217	80.016	19.978	100.009	13.034	724.555	1.001	900.198
368.503	433.723	80.015	19.979	100.015	12.879	739.666	0.986	900.231
369.003	434.211	80.013	19.980	100.007	12.736	753.797	0.994	900.215
369.503	434.691	80.016	19.979	99.959	12.508	775.880	0.968	900.228
370.003	435.144	80.014	19.980	99.891	12.198	805.796	0.933	900.224
370.503	435.666	80.013	19.980	99.821	11.877	836.478	0.975	900.212
371.003	436.125	80.011	19.979	99.783	11.606	862.641	0.981	900.197
371.504	436.656	80.011	19.980	99.803	11.364	885.898	0.988	900.227
372.004	437.114	80.012	19.979	99.831	11.146	906.990	0.989	900.209
372.504	437.594	80.011	19.979	99.809	10.949	926.141	0.940	900.224
373.003	438.107	80.013	19.979	99.770	10.757	944.699	0.993	900.253
373.503	438.570	80.014	19.978	99.732	10.528	966.416	0.976	900.239
374.003	439.073	80.012	19.979	99.668	10.307	986.677	0.966	900.239
374.503	439.558	80.016	19.980	99.627	10.109	1005.083	0.988	900.243
375.004	440.040	80.016	19.978	99.611	9.934	1021.039	0.966	900.260
375.504	440.534	80.016	19.978	99.582	9.763	1036.437	0.977	900.270
376.003	441.017	80.015	19.978	99.513	9.591	1052.311	0.977	900.235
376.503	441.548	80.012	19.978	99.453	9.406	1069.747	1.014	900.260
377.003	441.998	80.013	19.979	99.425	9.229	1086.846	0.981	900.264
377.504	442.483	80.015	19.978	99.409	9.059	1102.896	0.934	900.243
378.004	442.967	80.012	19.978	99.382	8.916	1116.785	0.970	900.242
378.503	443.473	80.014	19.979	99.329	8.796	1128.657	0.990	900.258
379.003	443.954	80.014	19.978	99.258	8.700	1137.847	0.986	900.242
379.504	444.462	80.012	19.979	99.169	8.614	1145.662	0.988	900.272
380.004	444.909	80.014	19.980	99.107	8.542	1152.167	0.954	900.229
380.504	445.407	80.015	19.979	99.069	8.472	1158.509	0.946	900.260
381.003	445.893	80.013	19.979	99.058	8.415	1163.603	0.984	900.262
381.504	446.373	80.013	19.979	99.108	8.361	1168.416	0.966	900.278
382.004	446.900	80.011	19.979	99.117	8.312	1172.732	1.007	900.274
382.503	447.366	80.010	19.979	99.159	8.276	1175.874	0.993	900.269
383.003	447.857	80.011	19.978	99.219	8.252	1177.893	0.957	900.270
383.503	448.361	80.007	19.978	99.242	8.245	1178.298	0.995	900.280
384.003	448.860	80.011	19.979	99.151	8.261	1176.587	1.003	900.300
384.503	449.317	80.011	19.978	99.099	8.288	1173.847	0.956	900.254
385.003	449.808	80.010	19.978	99.004	8.333	1169.301	0.947	900.269
385.503	450.317	80.014	19.979	98.889	8.391	1163.510	1.000	900.314
386.004	450.821	80.012	19.979	98.820	8.469	1155.731	1.013	900.301
386.504	451.301	80.011	19.979	98.819	8.572	1145.630	0.984	900.267
387.004	451.795	80.013	19.978	98.834	8.693	1133.740	0.974	900.307
387.503	452.344	80.013	19.978	98.854	8.832	1120.050	1.043	900.311
388.003	452.836	80.013	19.979	98.876	8.993	1104.337	1.041	900.306
388.504	453.338	80.013	19.978	98.897	9.173	1086.942	0.993	900.305
389.004	453.842	80.012	19.979	98.916	9.374	1067.760	1.007	900.356
389.504	454.345	80.012	19.980	98.932	9.593	1046.927	1.008	900.327
390.003	454.818	80.012	19.979	98.954	9.832	1024.088	0.976	900.335
390.504	455.324	80.013	19.979	98.980	10.088	999.752	0.978	900.348
391.003	455.829	80.013	19.980	99.019	10.361	973.508	1.012	900.350
391.503	456.328	80.013	19.980	99.055	10.649	945.655	1.004	900.328
392.003	456.857	80.014	19.980	99.095	10.960	915.118	1.027	900.314
392.504	457.338	80.013	19.979	99.143	11.277	883.599	1.010	900.372
393.004	457.850	80.012	19.978	99.209	11.610	850.363	0.993	900.366
393.503	458.375	80.014	19.979	99.287	11.953	816.135	1.037	900.373
394.003	458.856	80.013	19.978	99.384	12.308	780.581	1.007	900.377
394.503	459.335	80.013	19.978	99.485	12.667	744.519	0.960	900.383
395.003	459.853	80.015	19.977	99.591	13.031	707.842	0.997	900.354
395.503	460.380	80.014	19.978	99.680	13.399	670.664	1.045	900.384
396.003	460.891	80.013	19.977	99.747	13.765	633.432	1.037	900.378
396.503	461.402	80.014	19.978	99.796	14.132	595.535	1.022	900.336
397.003	461.919	80.014	19.979	99.837	14.495	557.609	1.028	900.360
397.504	462.417	80.012	19.977	99.872	14.852	520.329	1.015	900.361
398.004	462.916	80.015	19.978	99.923	15.203	483.751	0.997	900.364
398.503	463.452	80.014	19.978	99.990	15.542	448.220	1.035	900.385
399.004	463.959	80.016	19.979	100.088	15.875	413.416	1.042	900.386
399.504	464.487	80.016	19.978	100.216	16.200	379.320	1.036	900.405
400.003	465.019	80.013	19.978	100.369	16.513	346.253	1.061	900.401
400.503	465.512	80.012	19.978	100.530	16.810	314.725	1.024	900.386
401.004	466.034	80.012	19.978	100.678	17.094	284.535	1.014	900.397
401.505	466.553	80.013	19.978	100.809	17.368	255.600	1.042	900.421
402.004	467.065	80.015	19.979	100.926	17.624	228.559	1.032	900.391
402.504	467.569	80.013	19.979	101.042	17.863	203.388	1.015	900.407
403.004	468.073	80.013	19.978	101.168	18.088	180.101	1.007	900.406
403.504	468.612	80.012	19.978	101.318	18.297	158.553	1.045	900.420
404.003	469.111	80.013	19.978	101.496	18.492	138.441	1.039	900.417
404.504	469.612	80.015	19.979	101.683	18.667	120.420	0.999	900.421
405.004	470.114	80.014	19.980	101.836	18.837	103.215	1.003	900.422
405.503	470.646	80.015	19.979	101.969	18.982	88.925	1.034	900.407
406.004	471.150	80.014	19.980	102.092	19.116	75.969	1.035	900.431
406.504	471.654	80.012	19.979	102.193	19.239	64.167	1.009	900.398
407.003	472.151	80.016	19.979	102.291	19.350	53.755	1.002	900.441
407.503	472.651	80.017	19.980	102.419	19.452	44.382	0.996	900.402
408.004	473.178	80.016	19.980	102.541	19.542	36.345	1.026	900.400
408.504	473.665	80.015	19.979	102.634	19.625	29.147	1.014	900.445
409.004	474.179	80.013	19.978	102.708	19.699	23.059	1.002	900.415
409.504	474.679	80.015	19.978	102.761	19.759	18.628	1.013	900.409
410.005	475.226	80.014	19.978	102.791	19.819	14.179	1.045	900.428
410.505	475.712	80.014	19.979	102.813	19.870	10.788	1.033	900.448
411.005	476.167	80.015	19.978	102.836	19.923	7.311	0.942	900.453
411.505	476.726	80.016	19.979	102.851	19.961	5.199	1.015	900.451
412.004	477.241	80.011	19.979	102.849	19.995	3.295	1.075	900.444
412.503	477.727	80.019	19.979	102.822	20.028	1.420	1.002	900.459
413.004	478.243	80.017	19.979	102.786	20.058	-0.143	1.002	900.489
413.504	478.713	80.016	19.979	102.746	20.080	-0.771	0.985	900.466
414.004	479.256	80.016	19.979	102.698	20.109	-2.016	1.013	900.459
414.504	479.727	80.015	19.979	102.642	20.129	-2.173	1.014	900.420
415.004	480.228	80.015	19.979	102.578	20.149	-2.370	0.972	900.481
415.504	480.733	80.015	19.978	102.509	20.162	-1.836	1.006	900.482
416.004	481.246	80.012	19.979	102.436	20.181	-2.251	1.018	900.485
416.504	481.714	80.013	19.978	102.352	20.188	-1.625	0.981	900.482
417.004	482.210	80.015	19.978	102.257	20.205	-2.188	0.964	900.469
417.504	482.738	80.014	19.978	102.160	20.214	-2.276	1.024	900.474
418.004	483.230	80.013	19.977	102.059	20.227	-2.779	1.019	900.498
418.504	483.758	80.014	19.979	101.952	20.236	-2.999	1.021	900.489
419.003	484.229	80.014	19.980	101.862	20.243	-2.905	0.999	900.470
419.505	484.724	80.013	19.979	101.784	20.252	-3.108	0.964	900.481
420.005	485.241	80.011	19.978	101.710	20.258	-2.846	1.012	900.503
420.504	485.718	80.012	19.978	101.632	20.263	-2.427	0.996	900.517
421.004	486.232	80.013	19.978	101.549	20.270	-2.072	0.992	900.507
421.504	486.714	80.012	19.979	101.451	20.275	-1.529	0.996	900.464
422.004	487.185	80.013	19.978	101.345	20.278	-0.844	0.952	900.523
422.504	487.709	80.013	19.978	101.239	20.283	-0.571	0.995	900.510
423.004	488.177	80.011	19.978	101.148	20.287	-0.248	0.992	900.467
423.504	488.741	80.012	19.979	101.077	20.290	-0.147	1.032	900.513
424.004	489.216	80.012	19.979	101.014	20.296	-0.465	1.039	900.513
424.504	489.716	80.012	19.980	100.964	20.298	-0.438	0.975	900.531
425.004	490.221	80.012	19.979	100.922	20.303	-0.703	1.006	900.566
425.503	490.713	80.013	19.979	100.885	20.307	-0.710	0.997	900.547
426.003	491.213	80.013	19.978	100.843	20.307	-0.340	0.991	900.565
426.504	491.687	80.012	19.979	100.807	20.308	0.049	0.974	900.554
427.004	492.209	80.013	19.980	100.767	20.308	0.474	0.995	900.537
427.505	492.709	80.014	19.979	100.720	20.309	0.729	1.021	900.545
428.004	493.206	80.014	19.978	100.665	20.309	0.972	0.999	900.556
428.504	493.677	80.013	19.979	100.609	20.313	0.808	0.969	900.565
429.004	494.217	80.014	19.978	100.552	20.312	1.117	1.010	900.544
429.504	494.709	80.013	19.978	100.498	20.315	0.815	1.032	900.565
430.004	495.194	80.012	19.979	100.463	20.317	0.793	0.978	900.581
430.503	495.717	80.012	19.980	100.435	20.320	0.515	1.009	900.533
431.004	496.196	80.011	19.979	100.419	20.323	0.349	1.001	900.568
431.504	496.688	80.013	19.978	100.410	20.321	0.543	0.970	900.603
432.004	497.212	80.012	19.978	100.399	20.324	0.458	1.015	900.593
432.505	497.710	80.013	19.979	100.382	20.327	0.209	1.022	900.576
433.005	498.205	80.015	19.978	100.364	20.327	0.141	0.994	900.564
433.505	498.699	80.013	19.978	100.339	20.331	-0.163	0.989	900.577
434.004	499.210	80.013	19.978	100.310	20.334	-0.494	1.005	900.585
434.504	499.694	80.014	19.978	100.289	20.335	-0.465	0.995	900.588
435.004	500.173	80.011	19.978	100.270	20.335	-0.523	0.963	900.582
435.504	500.674	80.012	19.979	100.260	20.339	-0.859	0.980	900.572
436.004	501.174	80.014	19.979	100.251	20.341	-1.040	1.002	900.557
436.504	501.670	80.014	19.979	100.248	20.342	-1.049	0.997	900.576
437.004	502.174	80.016	19.979	100.245	20.345	-1.286	1.000	900.574
437.505	502.658	80.012	19.978	100.238	20.349	-1.534	0.987	900.597
438.005	503.151	80.015	19.978	100.231	20.350	-1.559	0.977	900.601
438.504	503.661	80.016	19.980	100.228	20.352	-1.651	1.004	900.594
439.004	504.178	80.011	19.978	100.226	20.352	-1.644	1.028	900.611
439.504	504.678	80.013	19.979	100.219	20.353	-1.730	1.017	900.608
440.004	505.175	80.015	19.979	100.218	20.354	-1.892	0.995	900.623
440.505	505.668	80.013	19.979	100.216	20.356	-2.094	0.990	900.604
441.004	506.155	80.013	19.980	100.217	20.356	-2.170	0.981	900.588
441.504	506.661	80.012	19.979	100.213	20.358	-2.402	0.993	900.631
442.004	507.145	80.014	19.979	100.215	20.358	-2.391	0.989	900.611
442.504	507.618	80.013	19.979	100.214	20.357	-2.305	0.957	900.629
443.004	508.133	80.012	19.978	100.211	20.356	-2.130	0.988	900.639
443.504	508.640	80.013	19.979	100.206	20.360	-2.485	1.023	900.619
444.004	509.149	80.011	19.978	100.202	20.360	-2.462	1.016	900.648
444.504	509.644	80.012	19.978	100.196	20.358	-2.246	1.003	900.631
445.004	510.127	80.014	19.978	100.190	20.361	-2.536	0.978	900.659
445.504	510.645	80.015	19.979	100.186	20.364	-2.951	1.001	900.637
446.004	511.154	80.013	19.978	100.181	20.365	-2.975	1.026	900.666
446.505	511.640	80.012	19.980	100.179	20.365	-3.016	0.995	900.684
447.005	512.152	80.010	19.979	100.182	20.363	-2.768	0.999	900.680
447.504	512.648	80.012	19.979	100.184	20.362	-2.725	1.008	900.636
448.005	513.160	80.012	19.979	100.186	20.361	-2.480	1.007	900.658
448.505	513.638	80.012	19.979	100.189	20.365	-2.649	0.990	900.642
449.004	514.161	80.012	19.978	100.191	20.366	-2.759	1.002	900.622
449.504	514.675	80.013	19.979	100.191	20.365	-2.627	1.037	900.668
450.004	515.146	80.011	19.978	100.187	20.365	-2.584	0.985	900.654
450.504	515.652	80.013	19.978	100.184	20.368	-2.760	0.978	900.639
451.004	516.156	80.013	19.979	100.182	20.367	-2.751	1.010	900.669
451.504	516.612	80.010	19.979	100.180	20.367	-2.845	0.960	900.644
452.004	517.132	80.012	19.980	100.177	20.367	-2.824	0.975	900.661
452.504	517.611	80.011	19.981	100.181	20.367	-2.812	0.998	900.681
453.005	518.132	80.012	19.979	100.186	20.365	-2.672	0.999	900.660
453.505	518.639	80.013	19.979	100.186	20.363	-2.537	1.028	900.677
454.004	519.151	80.010	19.979	100.185	20.360	-2.223	1.020	900.680
454.504	519.632	80.013	19.978	100.185	20.363	-2.504	0.993	900.686
455.004	520.106	80.013	19.978	100.183	20.364	-2.582	0.955	900.688
455.505	520.648	80.012	19.977	100.173	20.367	-2.958	1.016	900.688
456.005	521.132	80.014	19.977	100.166	20.367	-2.932	1.025	900.714
456.506	521.641	80.014	19.979	100.162	20.367	-2.904	0.993	900.689
457.005	522.149	80.014	19.978	100.162	20.371	-3.214	1.019	900.684
457.504	522.633	80.012	19.980	100.159	20.368	-2.879	0.992	900.699
458.005	523.153	80.011	19.979	100.157	20.368	-2.759	1.003	900.703
458.505	523.605	80.012	19.979	100.162	20.367	-2.615	0.972	900.690
459.005	524.117	80.011	19.979	100.164	20.368	-2.781	0.965	900.704
459.505	524.598	80.012	19.979	100.161	20.370	-3.023	0.994	900.729
460.005	525.142	80.013	19.979	100.161	20.368	-2.892	1.025	900.681
460.505	525.618	80.011	19.980	100.169	20.365	-2.654	1.019	900.718
461.005	526.101	80.012	19.979	100.169	20.367	-2.794	0.959	900.722
461.505	526.615	80.014	19.978	100.168	20.365	-2.516	0.997	900.691
462.005	527.128	80.015	19.980	100.169	20.364	-2.371	1.026	900.710
462.505	527.623	80.015	19.979	100.170	20.368	-2.806	1.007	900.725
463.005	528.095	80.013	19.979	100.170	20.369	-2.806	0.968	900.698
463.505	528.589	80.012	19.980	100.173	20.369	-2.824	0.967	900.711
464.005	529.113	80.013	19.980	100.169	20.366	-2.503	1.018	900.743
464.505	529.616	80.010	19.978	100.163	20.366	-2.466	1.027	900.736
465.005	530.154	80.012	19.979	100.158	20.366	-2.462	1.041	900.761
465.504	530.630	80.013	19.978	100.153	20.367	-2.455	1.014	900.754
466.004	531.122	80.013	19.979	100.151	20.367	-2.405	0.968	900.766
466.504	531.636	80.013	19.978	100.157	20.371	-2.941	1.006	900.768
467.005	532.126	80.015	19.977	100.164	20.368	-2.592	1.003	900.758
467.505	532.611	80.012	19.978	100.166	20.368	-2.652	0.975	900.753
468.005	533.136	80.010	19.978	100.166	20.369	-2.743	1.011	900.737
468.505	533.624	80.012	19.978	100.161	20.367	-2.559	1.013	900.762
469.005	534.129	80.010	19.979	100.156	20.366	-2.487	0.992	900.783
469.506	534.613	80.013	19.978	100.156	20.365	-2.385	0.989	900.772
470.005	535.111	80.013	19.978	100.157	20.366	-2.367	0.983	900.817
470.505	535.625	80.012	19.979	100.155	20.364	-2.125	1.011	900.799
471.005	536.099	80.014	19.977	100.154	20.366	-2.243	0.987	900.782
471.505	536.597	80.014	19.978	100.155	20.365	-2.162	0.973	900.812
472.005	537.105	80.015	19.978	100.150	20.363	-2.019	1.007	900.782
472.504	537.619	80.015	19.977	100.148	20.364	-2.139	1.023	900.810
473.004	538.124	80.013	19.977	100.145	20.363	-2.031	1.020	900.812
473.504	538.577	80.014	19.976	100.145	20.363	-1.966	0.957	900.815
474.004	539.095	80.014	19.977	100.147	20.364	-2.082	0.971	900.792
474.504	539.605	80.016	19.978	100.150	20.365	-2.108	1.028	900.820
475.004	540.080	80.014	19.976	100.152	20.362	-1.896	0.984	900.819
475.505	540.592	80.014	19.977	100.154	20.364	-2.126	0.987	900.830
476.005	541.088	80.013	19.977	100.155	20.364	-2.125	1.009	900.804
476.505	541.637	80.014	19.977	100.153	20.366	-2.388	1.045	900.809
477.005	542.090	80.012	19.978	100.149	20.366	-2.524	1.002	900.793
477.505	542.597	80.013	19.977	100.142	20.367	-2.602	0.960	900.827
478.005	543.123	80.017	19.978	100.141	20.366	-2.386	1.033	900.816
478.505	543.604	80.016	19.978	100.140	20.372	-2.860	1.006	900.838
479.005	544.122	80.015	19.979	100.140	0.000	0.000	0.998	900.801
479.505	544.607	80.015	19.979	100.142	0.000	0.000	1.004	900.802
480.004	545.072	80.014	19.979	100.148	0.000	0.000	0.950	900.816
480.504	545.590	80.014	19.978	100.146	0.000	0.000	0.983	900.809
481.004	546.114	80.012	19.978	100.141	0.000	0.000	1.043	900.826
481.505	546.627	80.014	19.978	100.136	0.000	0.000	1.037	900.846
482.005	547.092	80.015	19.977	100.137	0.000	0.000	0.978	900.835
482.505	547.611	80.015	19.979	100.139	0.000	0.000	0.984	900.808
483.005	548.116	80.014	19.978	100.145	0.000	0.000	1.024	900.817
483.505	548.589	80.015	19.978	100.150	0.000	0.000	0.978	900.808
484.005	549.104	80.015	19.979	100.152	0.000	0.000	0.988	900.838
484.505	549.606	80.016	19.978	100.153	0.000	0.000	1.017	900.827
485.005	550.061	80.013	19.978	100.148	0.000	0.000	0.957	900.813
485.505	550.582	80.014	19.979	100.143	0.000	0.000	0.975	900.850
486.006	551.090	80.014	19.980	100.142	0.000	0.000	1.029	900.831
486.505	551.581	80.012	19.979	100.144	0.000	0.000	1.000	900.846
487.005	552.102	80.014	19.979	100.145	0.000	0.000	1.012	900.854
487.505	552.608	80.011	19.978	100.147	0.000	0.000	1.026	900.871
488.005	553.083	80.012	19.978	100.144	0.000	0.000	0.981	900.856
488.505	553.623	80.014	19.979	100.147	0.000	0.000	1.016	900.876
