File Name:	PMMA_DE_10mm_60Kmin_4mg_R1.txt	Version: 8.3.7.3						
Date:	07 Aug 2024
Operator:	KH
Test ID:	PMMA_DE_10mm_4mg_60K_R1
Sample ID:	PMMA_DE_10mm_4mg
Sample Mass (mg):	4.0100
Sample Cup Mass (mg):	182.3200
End Total Mass (mg):
Heating Rate (C/s):	1.0000
Combuster Temperature (C):	900.0
N2 Flow Rate (cc/min):	80.0
O2 Flow Rate (cc/min):	20.0
Calibration File:	Coeff.txt
T Correction Coefficients:	0.308738730	0.013615500	0.000000000
Time Shift (s):	10.0
Pre-Test Comments:
Post-Test Comments:
Baseline Flow:	99.785
Baseline O2:	20.457
Instrument ID:	2700
@
Time (s)	Temperature (C)	N2 Flow (cc/min)	O2 Flow (cc/min)	Total Flow (cc/min)	Oxygen (%)	HRR (W/g)	Heating Rate (C/s)	Combustor Temp (C)
0.000	74.925	80.010	19.978	99.785	20.429	-10.772	-0.046	899.230
0.500	74.951	80.011	19.978	99.800	20.404	-8.914	-0.014	899.272
1.000	74.932	80.012	19.978	99.809	20.379	-7.109	0.007	899.263
1.500	74.944	80.010	19.979	99.834	20.357	-5.418	-0.006	899.277
2.000	74.930	80.014	19.979	99.909	20.337	-4.021	-0.002	899.260
2.499	74.932	80.012	19.978	100.040	20.328	-3.374	-0.013	899.298
2.999	74.957	80.010	19.979	100.192	20.322	-2.874	0.027	899.286
3.499	75.005	80.012	19.979	100.352	20.311	-2.034	0.073	899.282
3.999	75.050	80.012	19.979	100.496	20.304	-1.495	0.092	899.271
4.499	75.097	80.011	19.980	100.589	20.297	-1.088	0.092	899.300
4.999	75.123	80.009	19.980	100.624	20.294	-1.285	0.073	899.284
5.500	75.209	80.006	19.979	100.631	20.294	-2.341	0.112	899.295
6.000	75.270	80.009	19.978	100.632	20.290	-3.678	0.147	899.292
6.500	75.337	80.011	19.978	100.631	20.293	-6.065	0.128	899.306
7.000	75.439	80.009	19.978	100.636	20.291	-8.280	0.169	899.310
7.500	75.502	80.010	19.980	100.642	20.288	-10.439	0.166	899.287
8.000	75.638	80.010	19.979	100.650	20.287	-12.246	0.199	899.299
8.501	75.751	80.006	19.979	100.660	20.283	-13.083	0.249	899.279
9.000	75.838	80.009	19.978	100.664	20.285	-13.749	0.201	899.289
9.499	75.955	80.009	19.977	100.666	20.285	-13.472	0.204	899.295
9.999	76.083	80.010	19.978	100.670	20.283	-12.789	0.244	899.287
10.500	76.191	80.009	19.979	100.670	20.267	-10.920	0.236	899.303
11.000	76.344	80.009	19.978	100.666	20.246	-8.668	0.261	899.293
11.499	76.464	80.011	19.978	100.672	20.214	-5.518	0.273	899.285
12.000	76.632	80.008	19.977	100.680	20.185	-2.685	0.288	899.288
12.500	76.839	80.007	19.978	100.710	20.159	-0.161	0.375	899.306
13.000	77.025	80.008	19.978	100.801	20.138	1.918	0.392	899.283
13.500	77.230	80.007	19.978	100.936	20.130	3.060	0.391	899.304
14.000	77.474	80.009	19.979	101.114	20.126	3.907	0.449	899.270
14.500	77.736	80.013	19.980	101.302	20.122	4.713	0.506	899.280
15.000	77.950	80.011	19.978	101.469	20.127	4.751	0.476	899.322
15.500	78.250	80.011	19.980	101.569	20.129	5.018	0.515	899.271
16.000	78.519	80.007	19.980	101.622	20.130	5.447	0.569	899.296
16.500	78.835	80.007	19.980	101.614	20.138	5.262	0.585	899.265
16.999	79.170	80.009	19.979	101.578	20.142	5.484	0.652	899.266
17.500	79.508	80.008	19.979	101.530	20.147	5.496	0.673	899.248
18.000	79.841	80.008	19.978	101.489	20.157	5.189	0.671	899.249
18.500	80.202	80.011	19.979	101.442	20.161	5.260	0.694	899.253
19.000	80.551	80.006	19.978	101.404	20.171	4.973	0.710	899.293
19.500	80.969	80.009	19.978	101.368	20.177	4.969	0.767	899.273
20.000	81.375	80.010	19.979	101.335	20.181	5.028	0.823	899.266
20.501	81.766	80.009	19.978	101.298	20.192	4.543	0.796	899.293
21.000	82.175	80.008	19.979	101.265	20.201	4.196	0.801	899.273
21.500	82.603	80.009	19.980	101.232	20.208	3.962	0.837	899.297
22.000	83.062	80.011	19.979	101.201	20.210	4.050	0.887	899.275
22.500	83.440	80.012	19.979	101.170	20.222	3.339	0.837	899.281
23.000	83.881	80.011	19.978	101.139	20.221	3.659	0.820	899.259
23.500	84.372	80.008	19.978	101.106	20.226	3.436	0.932	899.271
24.000	84.828	80.009	19.980	101.072	20.230	3.256	0.946	899.277
24.500	85.267	80.007	19.978	101.041	20.236	2.993	0.894	899.298
25.000	85.753	80.011	19.978	101.008	20.240	2.744	0.925	899.297
25.500	86.209	80.011	19.979	100.978	20.241	2.704	0.943	899.292
26.000	86.671	80.010	19.977	100.951	20.244	2.580	0.918	899.276
26.500	87.123	80.010	19.978	100.917	20.248	2.347	0.914	899.296
27.000	87.631	80.010	19.980	100.884	20.252	2.176	0.960	899.316
27.500	88.136	80.011	19.979	100.860	20.256	1.942	1.013	899.285
28.000	88.603	80.011	19.978	100.835	20.257	1.983	0.972	899.304
28.500	89.078	80.010	19.978	100.812	20.261	1.794	0.942	899.276
29.000	89.556	80.011	19.978	100.801	20.264	1.665	0.953	899.275
29.500	90.105	80.012	19.979	100.785	20.267	1.545	1.027	899.274
30.000	90.583	80.010	19.980	100.764	20.273	1.110	1.027	899.260
30.500	91.046	80.009	19.978	100.750	20.275	1.150	0.942	899.296
31.000	91.555	80.010	19.979	100.741	20.276	1.184	0.971	899.278
31.500	92.093	80.008	19.979	100.726	20.280	0.900	1.045	899.276
32.001	92.621	80.005	19.979	100.721	20.283	0.835	1.065	899.298
32.501	93.112	80.005	19.980	100.719	20.286	0.691	1.020	899.298
33.000	93.602	80.007	19.980	100.711	20.287	0.679	0.982	899.267
33.500	94.139	80.009	19.979	100.704	20.288	0.601	1.027	899.286
34.000	94.638	80.007	19.979	100.700	20.288	0.692	1.036	899.278
34.500	95.169	80.007	19.979	100.691	20.292	0.438	1.029	899.271
35.000	95.688	80.007	19.980	100.684	20.293	0.520	1.049	899.291
35.500	96.222	80.007	19.980	100.677	20.296	0.496	1.054	899.252
36.000	96.750	80.011	19.979	100.666	20.298	0.476	1.062	899.268
36.500	97.256	80.010	19.980	100.660	20.298	0.544	1.033	899.273
37.001	97.790	80.010	19.980	100.660	20.301	0.527	1.040	899.245
37.500	98.333	80.010	19.979	100.650	20.305	0.286	1.078	899.304
38.000	98.822	80.010	19.980	100.641	20.303	0.370	1.033	899.283
38.500	99.340	80.009	19.979	100.634	20.301	0.574	1.006	899.241
39.000	99.885	80.009	19.980	100.625	20.302	0.524	1.063	899.269
39.500	100.419	80.008	19.979	100.615	20.302	0.493	1.079	899.288
40.000	100.948	80.010	19.978	100.614	20.301	0.541	1.061	899.254
40.501	101.458	80.011	19.978	100.612	20.306	0.227	1.039	899.292
41.000	102.008	80.009	19.979	100.607	20.307	0.205	1.060	899.283
41.500	102.550	80.010	19.978	100.603	20.310	0.028	1.091	899.278
42.001	103.080	80.009	19.979	100.597	20.312	-0.083	1.073	899.247
42.500	103.615	80.008	19.978	100.582	20.310	0.173	1.065	899.228
43.000	104.140	80.008	19.978	100.572	20.315	-0.222	1.059	899.272
43.500	104.656	80.010	19.980	100.564	20.314	-0.059	1.040	899.238
44.000	105.184	80.008	19.979	100.553	20.317	-0.216	1.045	899.271
44.501	105.715	80.008	19.979	100.544	20.315	-0.011	1.059	899.265
45.001	106.272	80.007	19.980	100.544	20.318	-0.130	1.087	899.230
45.501	106.805	80.007	19.979	100.545	20.315	0.174	1.091	899.255
46.001	107.358	80.007	19.979	100.543	20.318	0.034	1.086	899.289
46.501	107.885	80.007	19.980	100.542	20.319	-0.053	1.079	899.251
47.001	108.412	80.010	19.979	100.547	20.320	-0.088	1.054	899.275
47.501	108.986	80.008	19.978	100.544	20.321	-0.171	1.103	899.300
48.000	109.506	80.008	19.979	100.541	20.323	-0.332	1.094	899.265
48.500	110.043	80.007	19.979	100.538	20.321	-0.282	1.056	899.280
49.000	110.575	80.006	19.979	100.535	20.322	-0.243	1.070	899.267
49.500	111.118	80.010	19.980	100.526	20.322	-0.158	1.075	899.290
50.001	111.676	80.010	19.980	100.524	20.327	-0.504	1.100	899.285
50.501	112.178	80.009	19.980	100.519	20.325	-0.253	1.059	899.300
51.001	112.709	80.012	19.979	100.515	20.324	-0.209	1.034	899.301
51.500	113.264	80.010	19.979	100.511	20.324	-0.234	1.087	899.286
52.000	113.749	80.007	19.979	100.509	20.321	-0.030	1.038	899.282
52.501	114.299	80.010	19.978	100.500	20.322	-0.120	1.035	899.290
53.001	114.845	80.009	19.978	100.491	20.324	-0.215	1.096	899.267
53.501	115.370	80.010	19.978	100.489	20.321	0.010	1.071	899.277
54.001	115.910	80.008	19.978	100.489	20.325	-0.209	1.065	899.294
54.500	116.467	80.009	19.978	100.488	20.325	-0.134	1.098	899.313
55.000	117.004	80.009	19.979	100.493	20.322	0.104	1.094	899.243
55.501	117.530	80.007	19.979	100.496	20.324	-0.017	1.062	899.260
56.001	118.048	80.008	19.978	100.494	20.328	-0.325	1.045	899.273
56.500	118.579	80.011	19.978	100.487	20.324	-0.031	1.049	899.272
57.000	119.115	80.006	19.978	100.481	20.324	-0.051	1.067	899.258
57.500	119.657	80.007	19.979	100.475	20.324	-0.056	1.078	899.274
58.001	120.204	80.010	19.979	100.474	20.324	-0.013	1.089	899.301
58.501	120.762	80.007	19.977	100.476	20.325	-0.052	1.105	899.268
59.001	121.274	80.009	19.977	100.479	20.328	-0.367	1.070	899.273
59.501	121.824	80.009	19.977	100.481	20.328	-0.256	1.063	899.259
60.000	122.323	80.010	19.978	100.481	20.330	-0.272	1.050	899.315
60.500	122.887	80.011	19.979	100.477	20.328	0.001	1.063	899.280
61.000	123.429	80.008	19.977	100.471	20.328	-0.035	1.107	899.272
61.500	123.941	80.010	19.979	100.466	20.331	-0.301	1.054	899.293
62.000	124.470	80.010	19.979	100.464	20.328	-0.051	1.040	899.289
62.500	125.002	80.009	19.979	100.465	20.325	0.098	1.060	899.282
63.001	125.523	80.011	19.979	100.463	20.330	-0.428	1.052	899.302
63.501	126.053	80.011	19.979	100.463	20.329	-0.399	1.051	899.310
64.001	126.606	80.012	19.978	100.463	20.330	-0.395	1.083	899.285
64.501	127.118	80.009	19.979	100.466	20.330	-0.365	1.067	899.311
65.000	127.664	80.007	19.978	100.465	20.330	-0.290	1.059	899.266
65.500	128.177	80.008	19.978	100.461	20.331	-0.222	1.058	899.295
66.001	128.726	80.012	19.981	100.462	20.329	-0.005	1.062	899.313
66.501	129.224	80.010	19.980	100.463	20.329	0.076	1.047	899.301
67.001	129.764	80.009	19.980	100.456	20.324	0.451	1.038	899.307
67.501	130.280	80.010	19.979	100.446	20.327	0.277	1.056	899.311
68.001	130.814	80.010	19.979	100.443	20.325	0.517	1.050	899.309
68.500	131.384	80.011	19.980	100.440	20.325	0.484	1.105	899.316
69.001	131.881	80.012	19.979	100.440	20.325	0.402	1.066	899.350
69.501	132.423	80.012	19.979	100.444	20.323	0.579	1.038	899.311
70.001	132.954	80.011	19.980	100.458	20.327	0.322	1.074	899.334
70.501	133.478	80.012	19.980	100.466	20.323	0.549	1.055	899.325
71.001	134.017	80.010	19.980	100.465	20.325	0.424	1.062	899.294
71.501	134.535	80.011	19.981	100.457	20.322	0.706	1.058	899.313
72.000	135.059	80.010	19.981	100.452	20.329	0.285	1.042	899.306
72.501	135.578	80.011	19.981	100.443	20.321	0.896	1.042	899.304
73.001	136.104	80.010	19.980	100.436	20.322	0.819	1.046	899.335
73.501	136.628	80.009	19.980	100.432	20.320	1.068	1.051	899.322
74.000	137.170	80.012	19.981	100.434	20.317	1.281	1.067	899.345
74.500	137.655	80.012	19.980	100.430	20.316	1.276	1.026	899.331
75.001	138.198	80.009	19.979	100.423	20.314	1.449	1.028	899.305
75.501	138.734	80.010	19.979	100.422	20.318	1.199	1.080	899.343
76.000	139.265	80.009	19.979	100.423	20.316	1.304	1.066	899.346
76.501	139.774	80.012	19.979	100.425	20.317	1.210	1.040	899.310
77.001	140.289	80.010	19.980	100.426	20.315	1.404	1.025	899.323
77.501	140.785	80.007	19.980	100.429	20.315	1.424	1.011	899.323
78.001	141.333	80.008	19.979	100.432	20.312	1.678	1.044	899.346
78.501	141.834	80.007	19.979	100.428	20.310	1.915	1.049	899.319
79.001	142.385	80.007	19.979	100.419	20.307	2.186	1.053	899.326
79.501	142.886	80.012	19.979	100.416	20.309	2.104	1.052	899.328
80.001	143.427	80.009	19.979	100.417	20.310	2.060	1.042	899.300
80.500	143.963	80.009	19.977	100.410	20.311	2.005	1.077	899.343
81.001	144.459	80.008	19.979	100.409	20.309	2.119	1.031	899.353
81.501	144.966	80.007	19.979	100.416	20.306	2.260	1.004	899.304
82.000	145.503	80.009	19.979	100.417	20.307	2.148	1.044	899.335
82.501	146.041	80.008	19.980	100.412	20.305	2.281	1.074	899.346
83.001	146.547	80.007	19.980	100.415	20.306	2.129	1.044	899.330
83.501	147.094	80.011	19.980	100.417	20.307	2.081	1.054	899.337
84.000	147.616	80.008	19.979	100.415	20.306	2.173	1.069	899.367
84.501	148.124	80.008	19.980	100.414	20.306	2.215	1.029	899.333
85.001	148.611	80.009	19.980	100.413	20.305	2.400	0.995	899.349
85.501	149.140	80.010	19.980	100.409	20.303	2.600	1.016	899.329
86.001	149.673	80.008	19.979	100.402	20.301	2.792	1.062	899.323
86.501	150.197	80.008	19.979	100.396	20.302	2.682	1.057	899.343
87.001	150.698	80.007	19.980	100.394	20.300	2.856	1.025	899.347
87.501	151.229	80.009	19.979	100.394	20.300	2.910	1.032	899.357
88.001	151.735	80.010	19.980	100.396	20.294	3.301	1.037	899.330
88.501	152.225	80.009	19.980	100.402	20.298	3.061	0.996	899.354
89.001	152.758	80.010	19.980	100.405	20.296	3.281	1.023	899.354
89.501	153.243	80.010	19.980	100.408	20.295	3.293	1.018	899.337
90.001	153.776	80.010	19.979	100.409	20.293	3.437	1.017	899.364
90.501	154.305	80.012	19.979	100.412	20.294	3.360	1.061	899.368
91.001	154.837	80.009	19.980	100.410	20.284	4.113	1.062	899.341
91.501	155.339	80.008	19.979	100.409	20.286	3.969	1.035	899.343
92.001	155.849	80.007	19.979	100.404	20.287	3.891	1.011	899.342
92.501	156.354	80.008	19.980	100.398	20.283	4.175	1.014	899.338
93.001	156.891	80.011	19.979	100.393	20.286	3.950	1.042	899.351
93.502	157.430	80.010	19.980	100.392	20.284	4.137	1.076	899.341
94.001	157.921	80.010	19.981	100.391	20.284	4.207	1.030	899.379
94.501	158.408	80.011	19.980	100.392	20.279	4.514	0.979	899.366
95.001	158.926	80.010	19.979	100.394	20.277	4.729	1.006	899.327
95.501	159.484	80.009	19.980	100.395	20.277	4.673	1.075	899.324
96.001	159.970	80.010	19.979	100.389	20.275	4.832	1.043	899.371
96.502	160.503	80.009	19.980	100.387	20.270	5.228	1.019	899.390
97.002	161.006	80.012	19.979	100.388	20.270	5.229	1.036	899.367
97.501	161.498	80.011	19.979	100.388	20.268	5.362	0.996	899.354
98.001	162.014	80.009	19.980	100.390	20.264	5.607	1.008	899.354
98.501	162.504	80.012	19.979	100.394	20.260	5.931	1.005	899.356
99.001	163.056	80.010	19.979	100.393	20.257	6.190	1.042	899.350
99.501	163.552	80.011	19.979	100.392	20.257	6.241	1.048	899.377
100.001	164.062	80.011	19.980	100.392	20.251	6.742	1.005	899.353
100.501	164.578	80.010	19.979	100.389	20.250	6.926	1.026	899.377
101.001	165.088	80.012	19.979	100.388	20.245	7.299	1.026	899.387
101.501	165.599	80.012	19.979	100.390	20.246	7.152	1.021	899.357
102.001	166.123	80.011	19.979	100.389	20.240	7.527	1.035	899.363
102.501	166.612	80.011	19.979	100.389	20.239	7.657	1.012	899.378
103.001	167.142	80.010	19.978	100.389	20.234	7.975	1.020	899.340
103.501	167.668	80.012	19.980	100.390	20.231	8.178	1.057	899.371
104.001	168.197	80.014	19.980	100.391	20.228	8.444	1.054	899.393
104.502	168.665	80.012	19.979	100.391	20.227	8.628	0.995	899.376
105.002	169.182	80.011	19.980	100.394	20.220	9.218	0.986	899.394
105.501	169.697	80.009	19.980	100.398	20.215	9.554	1.033	899.387
106.001	170.237	80.010	19.980	100.396	20.211	9.861	1.055	899.380
106.501	170.697	80.012	19.980	100.391	20.206	10.256	1.000	899.351
107.001	171.230	80.013	19.979	100.391	20.200	10.760	0.993	899.383
107.501	171.722	80.013	19.980	100.384	20.195	11.138	1.025	899.395
108.001	172.249	80.013	19.980	100.375	20.188	11.763	1.019	899.386
108.502	172.754	80.012	19.980	100.381	20.185	12.059	1.032	899.394
109.002	173.291	80.013	19.980	100.388	20.181	12.477	1.042	899.398
109.501	173.787	80.013	19.980	100.390	20.178	12.801	1.033	899.391
110.001	174.316	80.011	19.980	100.395	20.170	13.373	1.026	899.385
110.501	174.807	80.011	19.980	100.399	20.168	13.497	1.020	899.399
111.001	175.298	80.012	19.981	100.393	20.160	14.051	0.982	899.404
111.501	175.811	80.010	19.980	100.388	20.159	14.226	1.004	899.388
112.001	176.346	80.011	19.979	100.383	20.154	14.554	1.047	899.384
112.502	176.858	80.011	19.979	100.382	20.148	14.996	1.046	899.364
113.002	177.361	80.011	19.981	100.384	20.142	15.559	1.015	899.374
113.502	177.858	80.009	19.981	100.386	20.133	16.387	1.001	899.373
114.001	178.423	80.010	19.979	100.386	20.126	16.963	1.062	899.379
114.501	178.922	80.011	19.979	100.383	20.121	17.338	1.064	899.402
115.001	179.406	80.014	19.979	100.380	20.120	17.593	0.983	899.423
115.501	179.915	80.012	19.978	100.372	20.116	17.857	0.993	899.418
116.001	180.429	80.013	19.979	100.365	20.109	18.316	1.023	899.403
116.501	180.962	80.010	19.979	100.359	20.102	18.874	1.046	899.397
117.001	181.456	80.010	19.979	100.359	20.102	18.893	1.026	899.410
117.502	181.967	80.012	19.979	100.358	20.096	19.359	1.004	899.428
118.002	182.490	80.011	19.979	100.362	20.090	19.800	1.034	899.430
118.502	183.018	80.009	19.979	100.366	20.085	20.204	1.051	899.416
119.001	183.477	80.008	19.980	100.366	20.080	20.687	0.986	899.424
119.502	184.026	80.009	19.979	100.368	20.074	21.172	1.008	899.393
120.002	184.509	80.008	19.978	100.365	20.067	21.791	1.033	899.396
120.501	185.050	80.008	19.978	100.355	20.066	21.900	1.025	899.387
121.001	185.509	80.011	19.978	100.343	20.062	22.272	1.001	899.387
121.501	186.036	80.012	19.979	100.346	20.061	22.323	0.985	899.404
122.001	186.532	80.011	19.980	100.342	20.058	22.502	1.023	899.425
122.501	187.096	80.010	19.979	100.335	20.056	22.575	1.061	899.439
123.001	187.556	80.010	19.979	100.340	20.049	23.245	1.024	899.419
123.501	188.070	80.011	19.979	100.347	20.050	23.243	0.973	899.433
124.001	188.584	80.012	19.979	100.343	20.044	23.657	1.028	899.442
124.501	189.091	80.012	19.980	100.343	20.041	23.927	1.021	899.427
125.001	189.602	80.012	19.978	100.347	20.036	24.436	1.018	899.443
125.501	190.106	80.013	19.978	100.344	20.036	24.571	1.015	899.428
126.001	190.657	80.011	19.978	100.341	20.037	24.412	1.053	899.439
126.502	191.157	80.010	19.977	100.335	20.037	24.408	1.051	899.447
127.001	191.614	80.012	19.978	100.330	20.034	24.695	0.958	899.422
127.502	192.139	80.012	19.978	100.330	20.032	24.865	0.982	899.428
128.002	192.640	80.012	19.978	100.327	20.031	24.950	1.025	899.438
128.502	193.162	80.013	19.976	100.322	20.033	24.793	1.023	899.436
129.002	193.682	80.013	19.976	100.327	20.035	24.712	1.042	899.431
129.502	194.164	80.011	19.977	100.330	20.036	24.693	1.002	899.401
130.001	194.687	80.010	19.977	100.333	20.036	24.707	1.004	899.394
130.502	195.194	80.011	19.977	100.325	20.039	24.397	1.030	899.424
131.002	195.701	80.012	19.977	100.323	20.041	24.219	1.015	899.431
131.501	196.226	80.010	19.978	100.320	20.042	24.126	1.032	899.432
132.001	196.709	80.011	19.977	100.315	20.042	24.071	1.008	899.477
132.501	197.278	80.011	19.977	100.307	20.047	23.738	1.052	899.456
133.002	197.741	80.009	19.978	100.308	20.049	23.612	1.032	899.420
133.502	198.252	80.012	19.978	100.307	20.052	23.372	0.973	899.424
134.002	198.787	80.013	19.978	100.308	20.059	22.837	1.046	899.436
134.502	199.257	80.012	19.978	100.304	20.062	22.582	1.006	899.441
135.002	199.777	80.011	19.977	100.303	20.066	22.220	0.991	899.449
135.501	200.280	80.009	19.977	100.304	20.071	21.831	1.023	899.453
136.001	200.827	80.009	19.977	100.301	20.076	21.454	1.050	899.464
136.502	201.335	80.013	19.977	100.293	20.087	20.605	1.054	899.473
137.002	201.847	80.010	19.979	100.291	20.090	20.352	1.020	899.467
137.501	202.346	80.011	19.978	100.295	20.099	19.616	1.012	899.443
138.001	202.836	80.011	19.978	100.301	20.103	19.219	0.990	899.447
138.501	203.348	80.009	19.979	100.305	20.109	18.723	1.001	899.457
139.001	203.842	80.010	19.978	100.307	20.112	18.444	1.005	899.440
139.502	204.332	80.012	19.978	100.305	20.122	17.697	0.984	899.418
140.002	204.870	80.011	19.978	100.302	20.125	17.568	1.027	899.428
140.502	205.383	80.011	19.977	100.296	20.133	16.974	1.051	899.438
141.001	205.879	80.010	19.978	100.296	20.140	16.459	1.009	899.432
141.502	206.377	80.011	19.978	100.302	20.145	16.094	0.993	899.455
142.002	206.896	80.010	19.977	100.305	20.154	15.401	1.017	899.432
142.501	207.382	80.009	19.978	100.304	20.161	14.756	1.006	899.452
143.002	207.932	80.008	19.978	100.305	20.170	13.947	1.035	899.462
143.502	208.433	80.009	19.977	100.304	20.174	13.598	1.051	899.444
144.001	208.955	80.006	19.978	100.301	20.185	12.695	1.024	899.461
144.501	209.457	80.010	19.978	100.304	20.188	12.401	1.024	899.438
145.002	209.963	80.012	19.978	100.312	20.197	11.678	1.007	899.462
145.502	210.469	80.010	19.978	100.315	20.203	11.170	1.013	899.476
146.001	210.990	80.010	19.977	100.317	20.210	10.599	1.027	899.456
146.501	211.497	80.008	19.977	100.320	20.214	10.240	1.027	899.418
147.002	212.007	80.009	19.978	100.318	20.226	9.368	1.016	899.450
147.502	212.520	80.011	19.977	100.311	20.229	9.036	1.023	899.451
148.002	212.992	80.008	19.977	100.310	20.235	8.529	0.986	899.452
148.502	213.525	80.009	19.978	100.307	20.238	8.398	1.005	899.458
149.002	214.051	80.008	19.977	100.305	20.241	8.186	1.059	899.457
149.502	214.540	80.008	19.978	100.310	20.246	7.818	1.016	899.472
150.001	215.041	80.012	19.979	100.317	20.252	7.269	0.990	899.495
150.502	215.526	80.011	19.978	100.322	20.257	6.962	0.986	899.473
151.002	216.021	80.011	19.978	100.328	20.259	6.808	0.980	899.447
151.501	216.568	80.011	19.978	100.333	20.266	6.250	1.041	899.464
152.002	217.065	80.009	19.977	100.332	20.266	6.261	1.044	899.455
152.502	217.576	80.011	19.978	100.334	20.270	5.926	1.008	899.452
153.002	218.034	80.010	19.977	100.337	20.272	5.780	0.970	899.445
153.501	218.571	80.008	19.977	100.342	20.275	5.565	0.995	899.449
154.002	219.079	80.011	19.978	100.342	20.277	5.437	1.044	899.465
154.502	219.597	80.010	19.977	100.344	20.277	5.383	1.026	899.478
155.002	220.107	80.010	19.978	100.346	20.281	5.102	1.028	899.487
155.502	220.623	80.013	19.978	100.346	20.285	4.777	1.026	899.464
156.002	221.113	80.009	19.978	100.342	20.288	4.574	1.006	899.462
156.502	221.625	80.008	19.977	100.341	20.289	4.500	1.002	899.475
157.002	222.150	80.007	19.977	100.342	20.292	4.282	1.038	899.482
157.502	222.632	80.007	19.978	100.342	20.293	4.236	1.008	899.456
158.002	223.159	80.009	19.978	100.339	20.298	3.862	1.008	899.493
158.502	223.649	80.009	19.977	100.342	20.298	3.882	1.017	899.518
159.002	224.129	80.006	19.977	100.345	20.298	3.857	0.970	899.473
159.502	224.658	80.006	19.979	100.342	20.302	3.604	1.009	899.459
160.002	225.162	80.006	19.978	100.339	20.300	3.869	1.033	899.469
160.502	225.690	80.006	19.979	100.340	20.299	3.990	1.032	899.492
161.002	226.171	80.008	19.980	100.337	20.298	4.076	1.009	899.511
161.503	226.690	80.008	19.979	100.339	20.300	3.936	0.999	899.496
162.002	227.178	80.007	19.978	100.344	20.299	3.932	1.007	899.479
162.502	227.697	80.007	19.979	100.342	20.299	3.959	1.007	899.484
163.002	228.198	80.007	19.979	100.341	20.297	4.061	1.020	899.463
163.503	228.727	80.008	19.979	100.339	20.300	3.890	1.030	899.481
164.003	229.213	80.007	19.978	100.336	20.300	3.981	1.015	899.470
164.502	229.712	80.008	19.978	100.336	20.302	3.823	0.985	899.479
165.002	230.219	80.007	19.979	100.338	20.302	3.832	1.007	899.489
165.502	230.723	80.005	19.978	100.337	20.300	4.102	1.012	899.492
166.002	231.215	80.005	19.979	100.338	20.299	4.171	0.995	899.477
166.502	231.718	80.009	19.980	100.332	20.298	4.297	0.995	899.488
167.002	232.244	80.008	19.979	100.325	20.299	4.301	1.029	899.489
167.502	232.762	80.006	19.978	100.320	20.296	4.568	1.044	899.487
168.002	233.249	80.005	19.978	100.320	20.300	4.348	1.005	899.506
168.501	233.754	80.007	19.978	100.320	20.301	4.284	0.992	899.519
169.002	234.259	80.009	19.979	100.320	20.297	4.571	1.008	899.516
169.503	234.753	80.010	19.979	100.324	20.299	4.367	0.998	899.489
170.002	235.279	80.009	19.979	100.327	20.298	4.442	1.021	899.527
170.502	235.781	80.008	19.979	100.324	20.297	4.503	1.028	899.509
171.002	236.282	80.008	19.978	100.320	20.296	4.629	1.002	899.507
171.502	236.781	80.011	19.979	100.319	20.297	4.557	1.000	899.496
172.002	237.260	80.011	19.979	100.315	20.294	4.750	0.978	899.499
172.502	237.774	80.010	19.979	100.312	20.298	4.499	0.993	899.500
173.002	238.301	80.010	19.979	100.309	20.297	4.564	1.041	899.520
173.501	238.800	80.007	19.978	100.307	20.295	4.736	1.026	899.488
174.002	239.327	80.007	19.978	100.302	20.296	4.604	1.026	899.546
174.502	239.804	80.009	19.979	100.298	20.298	4.418	1.003	899.498
175.002	240.281	80.006	19.979	100.294	20.298	4.428	0.954	899.518
175.502	240.791	80.007	19.980	100.291	20.298	4.396	0.988	899.529
176.002	241.311	80.008	19.979	100.289	20.295	4.644	1.030	899.518
176.502	241.807	80.006	19.979	100.292	20.297	4.606	1.014	899.487
177.002	242.308	80.007	19.979	100.294	20.298	4.555	0.997	899.511
177.502	242.809	80.008	19.980	100.295	20.301	4.254	1.003	899.529
178.002	243.314	80.007	19.979	100.299	20.294	4.807	1.006	899.509
178.502	243.830	80.005	19.979	100.296	20.296	4.679	1.020	899.516
179.002	244.331	80.006	19.979	100.293	20.295	4.748	1.017	899.500
179.502	244.839	80.007	19.978	100.291	20.293	4.803	1.009	899.540
180.002	245.329	80.011	19.979	100.290	20.296	4.687	0.997	899.536
180.502	245.831	80.010	19.979	100.288	20.292	5.022	0.992	899.516
181.002	246.335	80.010	19.978	100.293	20.298	4.632	1.006	899.489
181.502	246.853	80.011	19.979	100.299	20.295	4.825	1.021	899.511
182.002	247.359	80.009	19.979	100.298	20.297	4.672	1.024	899.498
182.502	247.867	80.013	19.979	100.299	20.296	4.737	1.015	899.503
183.002	248.365	80.012	19.980	100.298	20.296	4.767	1.006	899.495
183.503	248.867	80.009	19.980	100.295	20.297	4.643	0.999	899.556
184.003	249.387	80.009	19.979	100.288	20.299	4.520	1.022	899.518
184.502	249.866	80.010	19.979	100.291	20.296	4.763	1.000	899.543
185.002	250.380	80.011	19.978	100.291	20.298	4.590	0.992	899.538
185.502	250.868	80.010	19.977	100.293	20.299	4.454	1.000	899.517
186.003	251.385	80.010	19.979	100.292	20.300	4.404	1.005	899.556
186.503	251.886	80.009	19.977	100.296	20.298	4.556	1.019	899.535
187.002	252.384	80.008	19.978	100.294	20.298	4.488	1.000	899.537
187.502	252.889	80.007	19.978	100.289	20.296	4.604	1.003	899.550
188.002	253.402	80.009	19.977	100.285	20.297	4.555	1.018	899.569
188.502	253.922	80.013	19.977	100.285	20.295	4.752	1.034	899.534
189.002	254.396	80.010	19.978	100.283	20.300	4.428	0.994	899.512
189.502	254.896	80.010	19.978	100.283	20.299	4.524	0.973	899.550
190.003	255.404	80.009	19.978	100.285	20.298	4.644	1.008	899.532
190.502	255.923	80.008	19.977	100.286	20.300	4.515	1.028	899.575
191.002	256.399	80.009	19.978	100.289	20.301	4.407	0.995	899.544
191.503	256.903	80.009	19.978	100.288	20.298	4.715	0.978	899.563
192.003	257.433	80.011	19.977	100.284	20.299	4.665	1.034	899.537
192.503	257.909	80.011	19.978	100.285	20.297	4.835	1.006	899.533
193.003	258.397	80.011	19.978	100.290	20.298	4.694	0.964	899.538
193.503	258.921	80.014	19.977	100.289	20.298	4.758	1.013	899.547
194.002	259.411	80.014	19.979	100.291	20.299	4.630	1.014	899.549
194.503	259.922	80.013	19.978	100.296	20.298	4.697	1.002	899.531
195.002	260.436	80.013	19.979	100.294	20.296	4.823	1.025	899.540
195.502	260.932	80.012	19.978	100.289	20.294	4.983	1.010	899.546
196.002	261.422	80.012	19.976	100.289	20.296	4.820	0.987	899.520
196.502	261.930	80.012	19.975	100.288	20.298	4.728	0.998	899.531
197.002	262.457	80.012	19.977	100.284	20.299	4.608	1.035	899.552
197.502	262.955	80.013	19.977	100.281	20.296	4.904	1.026	899.552
198.002	263.423	80.012	19.977	100.280	20.301	4.529	0.966	899.556
198.502	263.925	80.010	19.977	100.278	20.297	4.796	0.969	899.554
199.002	264.447	80.011	19.975	100.277	20.298	4.657	1.024	899.544
199.503	264.945	80.010	19.976	100.275	20.297	4.778	1.020	899.522
200.003	265.449	80.008	19.978	100.277	20.291	5.257	1.002	899.566
200.503	265.960	80.007	19.977	100.275	20.293	5.105	1.015	899.529
201.003	266.460	80.007	19.976	100.275	20.291	5.321	1.012	899.584
201.502	266.950	80.009	19.977	100.275	20.291	5.407	0.990	899.566
202.002	267.469	80.008	19.976	100.278	20.288	5.636	1.009	899.577
202.502	267.975	80.008	19.977	100.280	20.286	5.752	1.025	899.535
203.002	268.445	80.009	19.976	100.280	20.285	5.825	0.976	899.564
203.502	268.974	80.010	19.976	100.278	20.283	5.955	0.999	899.554
204.003	269.476	80.011	19.977	100.277	20.282	6.142	1.030	899.566
204.503	269.971	80.014	19.975	100.276	20.282	6.084	0.997	899.565
205.002	270.458	80.013	19.976	100.273	20.284	5.912	0.982	899.550
205.502	270.974	80.015	19.977	100.274	20.280	6.295	1.003	899.568
206.002	271.460	80.012	19.976	100.279	20.280	6.264	1.002	899.578
206.503	271.962	80.011	19.976	100.280	20.276	6.541	0.987	899.560
207.003	272.483	80.012	19.976	100.279	20.275	6.560	1.024	899.603
207.502	272.999	80.009	19.976	100.276	20.273	6.668	1.038	899.561
208.002	273.486	80.009	19.977	100.274	20.272	6.778	1.002	899.593
208.503	274.001	80.012	19.976	100.271	20.268	7.049	1.002	899.594
209.002	274.478	80.008	19.976	100.266	20.267	7.196	0.993	899.613
209.502	274.999	80.010	19.977	100.268	20.267	7.154	0.998	899.588
210.003	275.459	80.011	19.977	100.271	20.263	7.483	0.980	899.604
210.503	275.981	80.010	19.976	100.269	20.260	7.686	0.982	899.600
211.003	276.465	80.011	19.977	100.269	20.259	7.762	1.006	899.602
211.503	276.977	80.008	19.978	100.268	20.251	8.396	0.997	899.600
212.002	277.479	80.010	19.977	100.264	20.247	8.660	1.014	899.603
212.503	277.975	80.011	19.976	100.266	20.246	8.827	0.997	899.583
213.003	278.501	80.010	19.977	100.268	20.245	8.896	1.021	899.644
213.503	278.974	80.011	19.976	100.267	20.239	9.416	1.000	899.586
214.003	279.492	80.013	19.976	100.273	20.236	9.615	0.990	899.594
214.503	280.004	80.011	19.976	100.276	20.232	9.869	1.030	899.600
215.003	280.505	80.012	19.976	100.273	20.230	10.010	1.014	899.601
215.502	280.987	80.013	19.977	100.274	20.224	10.430	0.983	899.583
216.003	281.443	80.011	19.976	100.274	20.221	10.735	0.937	899.609
216.503	281.976	80.010	19.977	100.271	20.217	11.030	0.989	899.596
217.003	282.499	80.011	19.977	100.271	20.211	11.421	1.056	899.596
217.503	282.990	80.010	19.977	100.272	20.209	11.657	1.013	899.609
218.003	283.496	80.013	19.977	100.275	20.202	12.103	0.997	899.610
218.503	283.991	80.011	19.976	100.275	20.200	12.307	1.002	899.644
219.003	284.508	80.014	19.976	100.276	20.198	12.452	1.012	899.635
219.503	284.979	80.013	19.978	100.275	20.191	13.061	0.988	899.624
220.002	285.483	80.012	19.977	100.274	20.187	13.319	0.976	899.624
220.503	285.986	80.014	19.978	100.270	20.182	13.699	1.007	899.600
221.003	286.524	80.015	19.979	100.268	20.179	13.956	1.041	899.647
221.502	287.006	80.015	19.977	100.270	20.174	14.356	1.020	899.605
222.003	287.494	80.012	19.978	100.273	20.166	14.973	0.970	899.622
222.502	287.975	80.011	19.979	100.275	20.155	15.731	0.969	899.635
223.002	288.504	80.014	19.978	100.276	20.152	16.061	1.010	899.641
223.502	288.977	80.016	19.978	100.276	20.143	16.753	1.001	899.622
224.003	289.497	80.014	19.977	100.274	20.136	17.338	0.993	899.629
224.503	289.993	80.013	19.976	100.274	20.131	17.695	1.016	899.610
225.002	290.475	80.013	19.977	100.276	20.124	18.195	0.979	899.645
225.502	290.983	80.011	19.977	100.278	20.122	18.433	0.990	899.603
226.003	291.491	80.016	19.978	100.277	20.116	18.857	1.015	899.616
226.502	291.974	80.016	19.978	100.276	20.108	19.575	0.991	899.593
227.002	292.500	80.015	19.977	100.272	20.103	19.946	1.009	899.596
227.503	292.974	80.016	19.978	100.273	20.097	20.376	1.000	899.617
228.003	293.504	80.015	19.979	100.273	20.091	20.807	1.004	899.636
228.502	294.011	80.016	19.978	100.275	20.086	21.251	1.037	899.635
229.003	294.485	80.015	19.978	100.275	20.077	21.909	0.980	899.645
229.504	295.001	80.012	19.977	100.278	20.073	22.169	0.990	899.622
230.004	295.499	80.013	19.977	100.275	20.067	22.727	1.014	899.614
230.503	295.990	80.013	19.979	100.271	20.059	23.356	0.990	899.618
231.003	296.507	80.013	19.978	100.271	20.055	23.697	1.009	899.603
231.503	297.016	80.014	19.979	100.270	20.047	24.319	1.025	899.638
232.003	297.502	80.012	19.979	100.271	20.042	24.714	0.994	899.642
232.503	297.999	80.013	19.978	100.271	20.036	25.248	0.985	899.637
233.002	298.535	80.013	19.980	100.270	20.026	26.060	1.034	899.627
233.502	299.001	80.012	19.979	100.267	20.024	26.278	1.001	899.649
234.003	299.490	80.014	19.979	100.266	20.018	26.687	0.953	899.627
234.504	300.003	80.012	19.978	100.265	20.008	27.476	1.001	899.612
235.004	300.479	80.011	19.978	100.264	20.004	27.780	0.989	899.622
235.504	300.994	80.014	19.978	100.268	19.995	28.468	0.991	899.632
236.004	301.522	80.013	19.978	100.267	19.991	28.709	1.044	899.647
236.503	301.993	80.014	19.978	100.269	19.987	28.989	1.001	899.626
237.002	302.525	80.016	19.978	100.269	19.979	29.705	1.004	899.623
237.502	303.025	80.016	19.978	100.266	19.977	29.956	1.032	899.689
238.002	303.514	80.015	19.978	100.262	19.968	30.620	0.988	899.650
238.503	304.014	80.014	19.978	100.261	19.966	30.855	0.988	899.630
239.004	304.526	80.014	19.979	100.261	19.958	31.422	1.011	899.667
239.504	305.013	80.015	19.978	100.259	19.957	31.445	0.999	899.614
240.004	305.517	80.012	19.977	100.255	19.952	31.796	0.991	899.647
240.503	306.027	80.013	19.978	100.252	19.945	32.251	1.015	899.661
241.003	306.503	80.017	19.977	100.249	19.941	32.559	0.987	899.649
241.503	307.029	80.015	19.979	100.248	19.937	32.881	1.000	899.643
242.004	307.547	80.014	19.978	100.251	19.932	33.267	1.043	899.661
242.503	308.042	80.018	19.977	100.252	19.928	33.526	1.013	899.633
243.003	308.543	80.016	19.978	100.254	19.921	34.065	0.997	899.637
243.503	309.043	80.016	19.978	100.258	19.920	34.173	1.002	899.641
244.003	309.517	80.013	19.978	100.257	19.915	34.522	0.974	899.629
244.503	310.025	80.011	19.979	100.248	19.908	35.026	0.982	899.643
245.003	310.519	80.014	19.978	100.245	19.908	35.085	1.002	899.656
245.503	311.052	80.014	19.978	100.242	19.904	35.513	1.026	899.646
246.003	311.525	80.015	19.977	100.240	19.897	36.056	1.006	899.676
246.503	312.008	80.016	19.977	100.243	19.896	36.052	0.956	899.682
247.003	312.510	80.015	19.977	100.250	19.890	36.453	0.984	899.651
247.504	313.026	80.015	19.977	100.257	19.887	36.597	1.018	899.645
248.004	313.516	80.014	19.977	100.261	19.882	36.930	1.006	899.649
248.504	313.988	80.014	19.977	100.259	19.881	36.933	0.961	899.658
249.004	314.518	80.015	19.977	100.257	19.879	37.108	1.002	899.645
249.504	315.015	80.014	19.977	100.257	19.870	37.719	1.028	899.653
250.003	315.510	80.016	19.979	100.259	19.869	37.803	0.992	899.676
250.503	316.049	80.015	19.977	100.258	19.865	38.169	1.033	899.688
251.003	316.524	80.013	19.977	100.258	19.862	38.400	1.013	899.672
251.504	317.044	80.016	19.977	100.259	19.859	38.557	0.995	899.652
252.004	317.517	80.014	19.978	100.260	19.851	39.126	0.994	899.669
252.504	318.034	80.012	19.978	100.252	19.842	39.761	0.989	899.673
253.004	318.526	80.014	19.978	100.251	19.839	40.010	1.009	899.638
253.503	319.020	80.013	19.977	100.252	19.833	40.509	0.987	899.676
254.003	319.525	80.016	19.978	100.254	19.823	41.187	0.999	899.679
254.503	320.004	80.016	19.977	100.258	19.819	41.529	0.984	899.688
255.003	320.518	80.014	19.977	100.268	19.811	42.118	0.992	899.638
255.504	321.015	80.014	19.978	100.275	19.804	42.617	1.010	899.667
256.004	321.469	80.012	19.978	100.278	19.797	43.110	0.951	899.671
256.504	322.018	80.010	19.978	100.277	19.786	43.865	1.004	899.687
257.003	322.519	80.013	19.978	100.275	19.779	44.330	1.051	899.669
257.503	323.033	80.013	19.977	100.275	19.767	45.256	1.014	899.648
258.003	323.519	80.013	19.978	100.275	19.757	45.908	1.000	899.658
258.503	324.040	80.015	19.978	100.278	19.747	46.581	1.009	899.691
259.003	324.523	80.012	19.977	100.285	19.734	47.590	1.004	899.671
259.503	325.031	80.011	19.979	100.285	19.722	48.494	0.989	899.694
260.004	325.515	80.011	19.978	100.285	19.710	49.403	0.991	899.708
260.504	326.020	80.008	19.978	100.285	19.692	50.745	0.989	899.683
261.004	326.512	80.010	19.979	100.284	19.680	51.668	0.997	899.665
261.504	327.026	80.010	19.979	100.285	19.658	53.342	1.007	899.669
262.003	327.521	80.011	19.979	100.290	19.643	54.490	1.010	899.678
262.503	328.016	80.012	19.978	100.291	19.624	55.869	0.990	899.678
263.003	328.518	80.011	19.978	100.291	19.607	57.199	0.997	899.678
263.503	329.002	80.013	19.978	100.296	19.590	58.547	0.986	899.701
264.003	329.530	80.014	19.978	100.301	19.567	60.353	1.011	899.667
264.503	329.993	80.012	19.978	100.305	19.547	61.918	0.991	899.691
265.003	330.512	80.013	19.977	100.313	19.524	63.593	0.982	899.686
265.503	330.996	80.012	19.978	100.321	19.504	65.111	1.003	899.690
266.004	331.520	80.009	19.977	100.327	19.476	67.161	1.007	899.672
266.504	332.010	80.012	19.978	100.322	19.454	68.834	1.014	899.689
267.004	332.517	80.012	19.979	100.321	19.424	71.078	0.998	899.689
267.504	333.037	80.012	19.977	100.325	19.405	72.591	1.028	899.691
268.003	333.543	80.013	19.978	100.327	19.375	74.902	1.026	899.691
268.504	334.042	80.013	19.976	100.327	19.352	76.707	1.004	899.732
269.003	334.531	80.014	19.977	100.332	19.323	78.984	0.988	899.687
269.504	335.017	80.012	19.978	100.333	19.297	80.985	0.974	899.672
270.004	335.530	80.014	19.978	100.329	19.266	83.415	1.000	899.711
270.503	336.039	80.013	19.978	100.328	19.235	85.755	1.023	899.723
271.004	336.531	80.012	19.979	100.327	19.203	88.121	1.000	899.724
271.504	337.006	80.013	19.978	100.325	19.175	90.332	0.966	899.714
272.004	337.560	80.013	19.979	100.328	19.145	92.659	1.028	899.707
272.504	338.032	80.014	19.980	100.335	19.108	95.486	1.026	899.687
273.004	338.526	80.014	19.979	100.336	19.076	97.870	0.967	899.710
273.504	339.032	80.015	19.979	100.343	19.040	100.735	0.999	899.683
274.004	339.519	80.014	19.977	100.348	19.006	103.388	0.994	899.698
274.503	340.024	80.012	19.977	100.347	18.972	105.962	0.992	899.711
275.004	340.493	80.014	19.978	100.344	18.937	108.625	0.974	899.709
275.504	341.003	80.013	19.978	100.341	18.900	111.444	0.979	899.691
276.003	341.502	80.012	19.978	100.338	18.863	114.378	1.010	899.698
276.503	342.014	80.010	19.977	100.334	18.826	117.156	1.012	899.699
277.003	342.491	80.011	19.978	100.334	18.786	120.222	0.988	899.693
277.504	342.984	80.013	19.978	100.334	18.745	123.381	0.969	899.699
278.004	343.487	80.011	19.979	100.340	18.704	126.539	0.996	899.729
278.503	343.998	80.012	19.978	100.340	18.667	129.478	1.014	899.716
279.003	344.496	80.013	19.979	100.341	18.625	132.799	1.009	899.709
279.504	344.986	80.013	19.979	100.339	18.579	136.256	0.987	899.719
280.004	345.515	80.013	19.977	100.339	18.544	139.004	1.019	899.703
280.504	346.016	80.014	19.977	100.337	18.498	142.561	1.031	899.724
281.004	346.509	80.013	19.978	100.336	18.458	145.618	0.994	899.745
281.504	347.009	80.012	19.976	100.333	18.416	148.668	0.994	899.750
282.003	347.501	80.010	19.977	100.335	18.374	151.866	0.993	899.726
282.503	348.013	80.012	19.977	100.333	18.331	155.249	1.004	899.774
283.003	348.504	80.012	19.977	100.331	18.287	158.649	1.003	899.747
283.503	348.988	80.011	19.977	100.330	18.242	162.045	0.974	899.764
284.004	349.493	80.012	19.978	100.334	18.196	165.562	0.989	899.755
284.504	349.979	80.012	19.978	100.333	18.152	168.977	0.992	899.770
285.004	350.507	80.010	19.977	100.334	18.108	172.374	1.013	899.773
285.504	350.994	80.013	19.976	100.328	18.064	175.675	1.015	899.799
286.004	351.461	80.013	19.977	100.318	18.015	179.436	0.954	899.768
286.504	351.997	80.012	19.978	100.311	17.974	182.561	1.003	899.798
287.004	352.468	80.011	19.977	100.314	17.929	185.995	1.007	899.769
287.504	352.978	80.009	19.977	100.311	17.883	189.451	0.981	899.791
288.004	353.475	80.012	19.979	100.311	17.838	192.920	1.007	899.758
288.504	353.956	80.012	19.978	100.319	17.793	196.395	0.979	899.783
289.003	354.461	80.008	19.979	100.323	17.745	200.111	0.986	899.754
289.504	355.004	80.012	19.978	100.317	17.705	203.127	1.047	899.805
290.004	355.455	80.012	19.979	100.312	17.660	206.559	0.994	899.793
290.503	355.925	80.012	19.979	100.314	17.614	210.039	0.921	899.770
291.003	356.440	80.013	19.978	100.314	17.570	213.383	0.985	899.752
291.503	356.950	80.012	19.978	100.310	17.528	216.605	1.025	899.774
292.004	357.431	80.014	19.979	100.308	17.482	220.142	0.990	899.798
292.504	357.942	80.012	19.977	100.310	17.438	223.623	0.992	899.765
293.004	358.462	80.011	19.979	100.307	17.394	227.014	1.032	899.771
293.503	358.916	80.012	19.979	100.307	17.353	230.205	0.975	899.734
294.003	359.438	80.012	19.977	100.310	17.310	233.476	0.976	899.775
294.504	359.919	80.009	19.979	100.309	17.271	236.503	1.002	899.772
295.004	360.428	80.011	19.978	100.311	17.226	239.932	0.990	899.841
295.504	360.909	80.010	19.978	100.306	17.187	242.816	0.989	899.831
296.004	361.399	80.010	19.978	100.300	17.146	245.922	0.971	899.781
296.504	361.913	80.015	19.978	100.298	17.106	248.821	1.005	899.789
297.004	362.393	80.014	19.977	100.299	17.069	251.611	0.993	899.815
297.505	362.910	80.013	19.978	100.299	17.034	254.202	0.997	899.812
298.005	363.390	80.011	19.977	100.305	16.997	256.947	0.998	899.775
298.504	363.899	80.009	19.978	100.303	16.963	259.539	0.989	899.806
299.004	364.392	80.009	19.978	100.297	16.929	262.060	1.002	899.797
299.505	364.869	80.009	19.979	100.288	16.896	264.572	0.971	899.825
300.004	365.373	80.010	19.977	100.279	16.862	267.115	0.982	899.794
300.504	365.860	80.011	19.977	100.273	16.828	269.581	0.991	899.802
301.003	366.375	80.008	19.978	100.270	16.797	271.805	1.002	899.812
301.504	366.839	80.008	19.977	100.269	16.765	274.097	0.979	899.794
302.004	367.349	80.011	19.977	100.268	16.736	276.111	0.973	899.785
302.504	367.839	80.010	19.978	100.265	16.702	278.581	1.000	899.830
303.004	368.372	80.010	19.977	100.267	16.671	280.743	1.024	899.836
303.504	368.838	80.010	19.977	100.273	16.639	283.087	0.999	899.828
304.004	369.352	80.009	19.977	100.278	16.604	285.657	0.979	899.803
304.504	369.878	80.009	19.977	100.286	16.566	288.522	1.040	899.852
305.004	370.337	80.008	19.977	100.293	16.527	291.513	0.984	899.861
305.504	370.827	80.008	19.979	100.293	16.491	294.250	0.948	899.792
306.005	371.369	80.007	19.980	100.292	16.459	296.749	1.032	899.826
306.505	371.805	80.007	19.979	100.291	16.417	299.852	0.979	899.812
307.005	372.327	80.009	19.978	100.291	16.385	302.226	0.958	899.833
307.505	372.809	80.010	19.978	100.294	16.350	304.769	1.004	899.832
308.005	373.335	80.009	19.977	100.305	16.320	306.982	1.009	899.819
308.504	373.844	80.010	19.979	100.316	16.291	309.151	1.036	899.850
309.004	374.326	80.007	19.979	100.329	16.259	311.544	0.992	899.859
309.503	374.802	80.007	19.978	100.344	16.227	314.008	0.958	899.834
310.004	375.315	80.010	19.978	100.359	16.198	316.233	0.988	899.857
310.504	375.838	80.009	19.978	100.368	16.160	319.200	1.036	899.858
311.004	376.292	80.010	19.978	100.376	16.123	322.080	0.978	899.845
311.504	376.811	80.011	19.979	100.376	16.092	324.564	0.971	899.815
312.005	377.289	80.005	19.978	100.373	16.063	326.941	0.996	899.858
312.504	377.797	80.009	19.978	100.367	16.032	329.420	0.987	899.854
313.003	378.302	80.011	19.977	100.366	15.997	332.243	1.015	899.855
313.503	378.801	80.009	19.978	100.362	15.961	335.056	1.003	899.834
314.004	379.286	80.010	19.980	100.366	15.927	337.743	0.982	899.892
314.504	379.793	80.010	19.978	100.374	15.901	339.875	0.992	899.884
315.004	380.296	80.010	19.978	100.382	15.879	341.580	1.010	899.866
315.505	380.789	80.012	19.979	100.389	15.877	341.790	0.996	899.900
316.004	381.288	80.010	19.978	100.393	15.875	341.907	0.993	899.852
316.504	381.787	80.010	19.977	100.390	15.877	341.695	0.998	899.888
317.004	382.270	80.012	19.978	100.383	15.882	341.206	0.982	899.871
317.504	382.782	80.010	19.976	100.379	15.881	341.053	0.995	899.857
318.004	383.305	80.011	19.978	100.366	15.880	340.890	1.034	899.866
318.505	383.790	80.012	19.976	100.354	15.884	340.375	1.008	899.855
319.005	384.266	80.010	19.977	100.344	15.883	340.340	0.961	899.896
319.505	384.734	80.009	19.977	100.326	15.892	339.571	0.944	899.854
320.005	385.272	80.010	19.977	100.306	15.901	338.768	1.007	899.852
320.504	385.783	80.010	19.977	100.295	15.909	338.160	1.049	899.894
321.004	386.239	80.012	19.978	100.284	15.914	337.867	0.966	899.855
321.504	386.747	80.009	19.978	100.272	15.914	337.824	0.965	899.886
322.004	387.245	80.010	19.978	100.264	15.905	338.397	1.006	899.881
322.504	387.741	80.010	19.978	100.258	15.893	339.224	0.994	899.848
323.004	388.257	80.009	19.978	100.251	15.888	339.337	1.012	899.865
323.504	388.748	80.012	19.976	100.254	15.892	338.725	1.007	899.860
324.004	389.270	80.011	19.977	100.265	15.894	338.371	1.013	899.877
324.504	389.750	80.007	19.976	100.283	15.894	338.153	1.000	899.888
325.005	390.237	80.008	19.978	100.305	15.888	338.434	0.967	899.840
325.504	390.758	80.008	19.977	100.329	15.891	338.126	1.009	899.890
326.004	391.293	80.009	19.977	100.344	15.912	336.546	1.056	899.872
326.504	391.773	80.009	19.978	100.354	15.942	334.295	1.015	899.889
327.004	392.273	80.008	19.978	100.360	15.979	331.429	0.980	899.860
327.504	392.776	80.009	19.977	100.364	16.002	329.469	1.003	899.910
328.004	393.267	80.011	19.979	100.359	16.009	328.795	0.994	899.911
328.504	393.789	80.009	19.979	100.361	15.975	331.249	1.013	899.909
329.004	394.275	80.010	19.978	100.364	15.920	335.502	1.007	899.888
329.504	394.762	80.011	19.978	100.373	15.876	339.143	0.972	899.910
330.005	395.263	80.010	19.978	100.380	15.875	339.711	0.988	899.922
330.504	395.748	80.010	19.979	100.407	15.904	337.963	0.986	899.913
331.005	396.273	80.010	19.978	100.440	15.945	335.194	1.009	899.897
331.505	396.759	80.013	19.977	100.461	15.977	332.910	1.013	899.869
332.004	397.279	80.013	19.978	100.476	15.998	331.283	1.007	899.905
332.504	397.757	80.014	19.977	100.491	16.005	330.463	0.997	899.919
333.005	398.279	80.016	19.977	100.487	16.019	329.200	1.000	899.903
333.505	398.797	80.015	19.979	100.478	16.038	327.541	1.041	899.939
334.004	399.279	80.016	19.978	100.488	16.056	326.234	1.001	899.922
334.504	399.783	80.017	19.978	100.499	16.071	325.356	0.985	899.905
335.004	400.291	80.015	19.977	100.517	16.084	324.655	1.011	899.916
335.504	400.783	80.013	19.977	100.538	16.098	323.735	1.000	899.908
336.004	401.269	80.010	19.976	100.544	16.119	322.308	0.979	899.917
336.504	401.773	80.010	19.978	100.527	16.149	320.170	0.990	899.960
337.004	402.288	80.011	19.978	100.486	16.185	317.459	1.018	899.935
337.504	402.797	80.010	19.977	100.433	16.214	315.178	1.024	899.916
338.004	403.306	80.008	19.977	100.383	16.241	313.029	1.019	899.931
338.504	403.798	80.011	19.977	100.359	16.267	311.081	1.002	899.966
339.004	404.317	80.011	19.978	100.363	16.291	309.210	1.011	899.957
339.504	404.813	80.010	19.978	100.393	16.331	306.181	1.015	899.953
340.004	405.318	80.012	19.978	100.423	16.385	302.152	1.000	899.954
340.504	405.790	80.013	19.978	100.446	16.442	297.779	0.977	899.935
341.004	406.298	80.012	19.976	100.451	16.493	293.959	0.981	899.955
341.504	406.809	80.012	19.975	100.435	16.530	291.106	1.019	899.962
342.004	407.323	80.011	19.976	100.407	16.561	288.759	1.024	899.967
342.504	407.786	80.013	19.977	100.386	16.597	286.054	0.977	899.967
343.004	408.334	80.012	19.978	100.370	16.637	283.179	1.010	899.953
343.505	408.822	80.010	19.978	100.355	16.677	280.288	1.036	899.963
344.004	409.309	80.010	19.976	100.351	16.722	277.086	0.976	899.981
344.504	409.813	80.009	19.980	100.358	16.776	273.189	0.990	899.997
345.005	410.314	80.011	19.980	100.367	16.825	269.530	1.005	899.963
345.505	410.830	80.012	19.978	100.377	16.875	265.857	1.017	899.951
346.004	411.312	80.011	19.978	100.384	16.930	261.849	0.998	899.964
346.505	411.857	80.013	19.978	100.382	16.989	257.467	1.027	899.987
347.005	412.333	80.012	19.978	100.379	17.050	252.898	1.021	899.937
347.505	412.846	80.013	19.979	100.378	17.114	248.079	0.989	899.974
348.005	413.365	80.015	19.976	100.377	17.183	242.957	1.033	899.961
348.504	413.869	80.012	19.978	100.382	17.254	237.656	1.025	899.982
349.004	414.401	80.012	19.977	100.391	17.325	232.321	1.035	899.962
349.505	414.874	80.013	19.976	100.390	17.404	226.341	1.004	899.978
350.005	415.404	80.010	19.977	100.383	17.486	220.175	1.003	899.944
350.504	415.898	80.012	19.979	100.369	17.571	213.675	1.024	899.972
351.005	416.405	80.014	19.979	100.351	17.664	206.484	1.001	900.010
351.505	416.914	80.012	19.977	100.335	17.763	198.787	1.017	899.981
352.004	417.428	80.013	19.977	100.324	17.864	190.870	1.022	900.000
352.505	417.958	80.011	19.978	100.318	17.963	182.936	1.044	899.995
353.005	418.451	80.011	19.978	100.311	18.064	174.823	1.023	900.018
353.505	418.985	80.013	19.979	100.302	18.166	166.598	1.027	900.020
354.005	419.485	80.012	19.978	100.295	18.259	159.074	1.035	900.036
354.504	420.006	80.013	19.977	100.290	18.357	151.158	1.022	900.015
355.004	420.511	80.013	19.979	100.282	18.450	143.556	1.027	900.026
355.504	421.011	80.012	19.978	100.277	18.540	136.132	1.005	900.010
356.004	421.508	80.012	19.979	100.275	18.627	128.947	0.997	900.022
356.504	422.014	80.014	19.980	100.272	18.708	122.358	1.003	900.027
357.004	422.543	80.011	19.977	100.268	18.790	115.772	1.035	900.003
357.504	423.055	80.012	19.977	100.264	18.865	109.805	1.041	900.038
358.004	423.534	80.011	19.976	100.269	18.936	104.144	0.991	900.035
358.504	424.065	80.012	19.978	100.283	19.013	97.984	1.009	900.047
359.005	424.560	80.012	19.979	100.301	19.081	92.640	1.025	900.018
359.505	425.064	80.011	19.976	100.328	19.147	87.333	0.999	900.060
360.005	425.589	80.013	19.977	100.360	19.212	82.124	1.029	900.048
360.505	426.073	80.012	19.977	100.390	19.273	77.206	1.008	900.026
361.005	426.565	80.012	19.977	100.423	19.328	72.791	0.976	900.050
361.504	427.075	80.015	19.979	100.456	19.383	68.472	1.002	900.049
362.005	427.585	80.016	19.979	100.494	19.436	64.394	1.020	900.057
362.505	428.062	80.014	19.980	100.532	19.488	60.442	0.988	900.041
363.005	428.580	80.012	19.979	100.572	19.539	56.540	0.995	900.052
363.505	429.107	80.011	19.978	100.608	19.580	53.450	1.045	900.051
364.004	429.596	80.011	19.979	100.636	19.625	50.156	1.016	900.026
364.504	430.088	80.012	19.979	100.651	19.670	46.834	0.981	900.054
365.004	430.573	80.012	19.978	100.665	19.709	43.961	0.977	900.044
365.504	431.056	80.013	19.978	100.677	19.747	41.135	0.968	900.047
366.004	431.587	80.012	19.979	100.690	19.785	38.283	1.014	900.083
366.504	432.113	80.009	19.978	100.704	19.820	35.690	1.057	900.054
367.005	432.566	80.012	19.980	100.722	19.850	33.387	0.979	900.031
367.504	433.089	80.014	19.979	100.738	19.883	31.000	0.976	900.061
368.004	433.601	80.016	19.979	100.748	19.913	28.816	1.034	900.077
368.504	434.081	80.014	19.979	100.754	19.942	26.784	0.992	900.079
369.005	434.566	80.013	19.977	100.762	19.970	24.830	0.965	900.056
369.505	435.093	80.016	19.977	100.762	19.994	23.179	1.012	900.068
370.004	435.579	80.013	19.977	100.757	20.018	21.512	1.013	900.076
370.505	436.061	80.013	19.977	100.749	20.041	19.993	0.968	900.069
371.005	436.566	80.015	19.977	100.738	20.064	18.390	0.987	900.094
371.504	437.085	80.013	19.977	100.723	20.088	16.792	1.024	900.096
372.004	437.556	80.014	19.976	100.715	20.106	15.609	0.990	900.076
372.504	438.066	80.015	19.977	100.711	20.121	14.600	0.980	900.075
373.005	438.570	80.014	19.978	100.703	20.138	13.549	1.013	900.065
373.506	439.067	80.013	19.977	100.695	20.155	12.475	1.001	900.079
374.005	439.547	80.012	19.977	100.691	20.169	11.563	0.978	900.073
374.504	440.050	80.013	19.977	100.685	20.181	10.811	0.984	900.088
375.005	440.532	80.016	19.977	100.673	20.196	9.914	0.985	900.085
375.505	441.031	80.015	19.978	100.664	20.209	9.084	0.981	900.056
376.004	441.538	80.014	19.976	100.649	20.221	8.388	1.007	900.060
376.504	442.047	80.016	19.977	100.633	20.233	7.690	1.016	900.081
377.004	442.525	80.015	19.977	100.615	20.243	7.143	0.987	900.074
377.505	443.042	80.016	19.978	100.601	20.254	6.520	0.994	900.100
378.005	443.528	80.017	19.978	100.586	20.265	5.860	1.003	900.100
378.505	444.037	80.015	19.979	100.572	20.273	5.504	0.995	900.117
379.004	444.539	80.014	19.977	100.558	20.278	5.267	1.011	900.084
379.505	445.053	80.013	19.978	100.544	20.289	4.543	1.016	900.095
380.005	445.529	80.013	19.978	100.529	20.294	4.179	0.989	900.107
380.504	446.033	80.012	19.977	100.514	20.303	3.583	0.980	900.102
381.005	446.524	80.012	19.978	100.497	20.309	3.142	0.995	900.097
381.505	447.025	80.011	19.977	100.483	20.316	2.707	0.993	900.095
382.004	447.529	80.014	19.978	100.469	20.324	2.125	1.006	900.101
382.504	448.054	80.012	19.979	100.454	20.328	1.922	1.028	900.149
383.005	448.541	80.015	19.978	100.441	20.332	1.748	1.011	900.084
383.505	449.043	80.016	19.978	100.428	20.339	1.285	0.990	900.128
384.005	449.564	80.014	19.979	100.410	20.342	1.155	1.024	900.139
384.504	450.041	80.014	19.977	100.393	20.347	0.847	0.998	900.126
385.004	450.590	80.014	19.977	100.377	20.347	0.891	1.026	900.140
385.505	451.056	80.014	19.976	100.363	20.354	0.460	1.014	900.124
386.005	451.538	80.016	19.977	100.350	20.356	0.347	0.949	900.137
386.504	452.051	80.015	19.978	100.340	20.364	-0.155	0.995	900.145
387.004	452.519	80.017	19.977	100.334	20.364	-0.120	0.980	900.147
387.505	453.045	80.016	19.978	100.328	20.366	-0.260	0.994	900.169
388.005	453.532	80.017	19.979	100.325	20.370	-0.575	1.013	900.152
388.505	454.054	80.018	19.977	100.323	20.374	-0.890	1.009	900.161
389.005	454.518	80.017	19.978	100.319	20.381	-1.404	0.986	900.157
389.505	455.051	80.016	19.978	100.314	20.377	-1.110	0.997	900.166
390.005	455.551	80.015	19.979	100.307	20.379	-1.295	1.033	900.151
390.505	456.034	80.012	19.979	100.297	20.381	-1.341	0.983	900.184
391.005	456.566	80.015	19.977	100.290	20.384	-1.494	1.016	900.156
391.505	457.035	80.016	19.978	100.284	20.383	-1.435	1.001	900.161
392.005	457.554	80.014	19.978	100.279	20.383	-1.353	0.988	900.171
392.505	458.054	80.016	19.977	100.275	20.388	-1.647	1.018	900.206
393.006	458.527	80.016	19.977	100.271	20.386	-1.396	0.972	900.197
393.506	459.048	80.014	19.978	100.265	20.387	-1.397	0.994	900.207
394.006	459.567	80.016	19.977	100.262	20.392	-1.761	1.040	900.171
394.506	460.013	80.018	19.977	100.257	20.391	-1.564	0.966	900.202
395.005	460.520	80.017	19.978	100.255	20.398	-1.995	0.954	900.191
395.505	461.044	80.015	19.978	100.258	20.397	-1.884	1.031	900.177
396.005	461.496	80.015	19.978	100.259	20.397	-1.923	0.976	900.214
396.505	462.000	80.016	19.978	100.261	20.400	-2.170	0.956	900.183
397.005	462.506	80.017	19.978	100.262	20.398	-1.995	1.009	900.187
397.505	463.015	80.015	19.978	100.258	20.400	-2.084	1.015	900.213
398.005	463.513	80.018	19.979	100.251	20.398	-1.969	1.008	900.202
398.505	464.021	80.017	19.978	100.246	20.401	-2.249	1.006	900.238
399.006	464.528	80.015	19.978	100.246	20.402	-2.411	1.014	900.211
399.506	465.015	80.017	19.978	100.242	20.402	-2.376	0.995	900.240
400.005	465.527	80.016	19.978	100.235	20.401	-2.360	0.999	900.214
400.505	465.992	80.015	19.979	100.231	20.401	-2.411	0.977	900.220
401.006	466.520	80.015	19.979	100.224	20.401	-2.446	0.994	900.233
401.505	467.030	80.015	19.978	100.217	20.403	-2.585	1.038	900.231
402.005	467.494	80.017	19.978	100.210	20.400	-2.230	0.974	900.232
402.506	468.028	80.017	19.977	100.206	20.403	-2.362	0.998	900.247
403.005	468.518	80.018	19.978	100.206	20.401	-2.253	1.024	900.237
403.505	469.018	80.021	19.978	100.210	20.404	-2.346	0.989	900.245
404.006	469.498	80.020	19.977	100.209	20.404	-2.292	0.980	900.243
404.506	469.996	80.019	19.978	100.209	20.403	-2.172	0.978	900.216
405.005	470.499	80.021	19.979	100.207	20.402	-2.086	1.001	900.245
405.505	471.021	80.019	19.978	100.206	20.403	-2.088	1.025	900.253
406.006	471.507	80.021	19.979	100.207	20.405	-2.215	1.008	900.272
406.505	471.999	80.018	19.979	100.212	20.404	-2.111	0.978	900.261
407.005	472.509	80.016	19.978	100.218	20.401	-1.848	1.002	900.257
407.506	472.969	80.021	19.978	100.221	20.400	-1.732	0.970	900.279
408.006	473.501	80.019	19.977	100.224	20.405	-2.044	0.992	900.273
408.505	473.986	80.020	19.977	100.222	20.404	-1.997	1.018	900.269
409.005	474.484	80.020	19.977	100.216	20.405	-2.050	0.983	900.260
409.506	474.989	80.017	19.977	100.209	20.406	-2.061	1.002	900.318
410.006	475.489	80.017	19.978	100.209	20.406	-2.067	1.004	900.323
410.506	475.987	80.019	19.979	100.205	20.406	-2.073	0.998	900.261
411.005	476.496	80.017	19.977	100.199	20.405	-2.009	1.008	900.301
411.505	476.996	80.017	19.979	100.196	20.406	-2.106	1.010	900.294
412.006	477.498	80.014	19.979	100.195	20.407	-2.133	1.003	900.332
412.505	477.979	80.014	19.978	100.191	20.409	-2.361	0.983	900.284
413.005	478.477	80.015	19.978	100.188	20.407	-2.214	0.978	900.302
413.505	478.978	80.014	19.977	100.186	20.407	-2.201	0.999	900.319
414.006	479.478	80.013	19.977	100.182	20.406	-2.081	1.001	900.313
414.506	479.976	80.012	19.977	100.178	20.405	-1.973	0.998	900.324
415.006	480.475	80.014	19.977	100.176	20.405	-1.977	0.997	900.304
415.506	480.987	80.016	19.977	100.175	20.406	-1.998	1.010	900.315
416.005	481.468	80.017	19.977	100.175	20.407	-2.024	0.993	900.321
416.505	481.944	80.014	19.977	100.175	20.411	-2.349	0.957	900.296
417.005	482.486	80.013	19.977	100.172	20.410	-2.261	1.018	900.300
417.506	482.941	80.012	19.978	100.171	20.409	-2.208	0.997	900.335
418.006	483.471	80.012	19.979	100.170	20.409	-2.250	0.985	900.334
418.505	483.961	80.014	19.977	100.168	20.410	-2.270	1.021	900.323
419.005	484.454	80.012	19.978	100.171	20.411	-2.440	0.983	900.350
419.506	484.972	80.013	19.978	100.175	20.408	-2.200	1.010	900.316
420.006	485.438	80.014	19.977	100.176	20.410	-2.344	0.984	900.326
420.506	485.940	80.013	19.977	100.174	20.410	-2.391	0.969	900.377
421.005	486.407	80.015	19.976	100.175	20.405	-2.033	0.970	900.349
421.505	486.951	80.015	19.977	100.171	20.411	-2.494	1.010	900.325
422.006	487.460	80.015	19.977	100.169	20.407	-2.222	1.052	900.329
422.506	487.941	80.013	19.977	100.167	20.411	-2.415	0.991	900.305
423.006	488.448	80.012	19.979	100.167	20.411	-2.398	0.988	900.331
423.506	488.966	80.013	19.978	100.162	20.409	-2.209	1.026	900.366
424.005	489.465	80.014	19.978	100.162	20.410	-2.157	1.017	900.352
424.506	489.961	80.014	19.977	100.166	20.414	-2.412	0.994	900.347
425.005	490.439	80.013	19.977	100.166	20.412	-2.267	0.974	900.350
425.506	490.935	80.014	19.979	100.166	20.412	-2.325	0.975	900.370
426.005	491.445	80.015	19.978	100.168	20.410	-2.198	1.007	900.376
426.505	491.962	80.014	19.976	100.168	20.409	-2.151	1.027	900.374
427.005	492.450	80.015	19.979	100.168	20.411	-2.292	1.005	900.333
427.505	492.935	80.016	19.978	100.168	20.413	-2.417	0.973	900.349
428.005	493.457	80.017	19.978	100.170	20.412	-2.381	1.007	900.387
428.505	493.941	80.014	19.979	100.173	20.413	-2.428	1.006	900.393
429.005	494.459	80.015	19.978	100.175	20.412	-2.318	1.001	900.394
429.506	494.958	80.014	19.977	100.173	20.412	-2.280	1.016	900.359
430.006	495.467	80.013	19.977	100.170	20.415	-2.554	1.007	900.377
430.506	495.949	80.014	19.976	100.167	20.414	-2.527	0.992	900.390
431.006	496.456	80.014	19.978	100.161	20.413	-2.434	0.989	900.378
431.506	496.933	80.013	19.979	100.153	20.412	-2.285	0.983	900.373
432.006	497.418	80.014	19.977	100.150	20.410	-2.155	0.962	900.422
432.506	497.929	80.014	19.977	100.152	20.411	-2.233	0.995	900.382
433.006	498.429	80.016	19.978	100.153	20.408	-2.007	1.011	900.411
433.506	498.953	80.014	19.977	100.159	20.408	-1.998	1.025	900.399
434.006	499.443	80.011	19.977	100.163	20.414	-2.479	1.014	900.404
434.506	499.938	80.014	19.978	100.160	20.410	-2.218	0.985	900.388
435.005	500.470	80.016	19.976	100.160	20.413	-2.389	1.027	900.427
435.506	500.935	80.014	19.978	100.158	20.414	-2.558	0.996	900.412
436.005	501.462	80.014	19.976	100.156	20.413	-2.486	0.992	900.437
436.505	501.927	80.014	19.979	100.155	20.413	-2.472	0.992	900.418
437.006	502.454	80.011	19.978	100.158	20.411	-2.340	0.991	900.441
437.506	502.974	80.013	19.976	100.156	20.412	-2.373	1.048	900.456
438.005	503.473	80.015	19.978	100.157	20.413	-2.468	1.019	900.470
438.505	503.961	80.012	19.978	100.157	20.416	-2.582	0.987	900.450
439.005	504.440	80.014	19.978	100.155	20.416	-2.509	0.967	900.427
439.505	504.913	80.013	19.980	100.155	20.412	-2.171	0.952	900.451
440.005	505.458	80.015	19.979	100.155	20.415	-2.389	1.018	900.488
440.505	505.956	80.016	19.979	100.154	20.413	-2.244	1.042	900.461
441.005	506.436	80.014	19.978	100.157	20.414	-2.375	0.978	900.484
441.506	506.911	80.014	19.977	100.161	20.416	-2.518	0.956	900.468
442.005	507.409	80.014	19.977	100.160	20.414	-2.355	0.973	900.483
442.506	507.869	80.014	19.978	100.158	20.414	-2.400	0.957	900.482
443.006	508.390	80.016	19.976	100.160	20.411	-2.186	0.980	900.450
443.506	508.889	80.016	19.977	100.159	20.412	-2.283	1.019	900.449
444.006	509.385	80.015	19.978	100.163	20.410	-2.043	0.995	900.478
444.506	509.866	80.013	19.977	100.164	20.411	-2.108	0.978	900.471
445.005	510.373	80.013	19.978	100.165	20.410	-2.096	0.989	900.485
445.505	510.868	80.017	19.979	100.159	20.411	-2.210	1.002	900.465
446.006	511.425	80.014	19.978	100.151	20.414	-2.337	1.051	900.493
446.506	511.903	80.011	19.977	100.144	20.415	-2.338	1.036	900.464
447.006	512.410	80.012	19.977	100.146	20.414	-2.328	0.984	900.480
447.506	512.893	80.011	19.978	100.146	20.416	-2.504	0.989	900.478
448.006	513.414	80.013	19.978	100.148	20.415	-2.300	1.005	900.504
448.506	513.902	80.013	19.976	100.154	20.412	-1.958	1.009	900.488
449.006	514.433	80.013	19.977	100.151	20.415	-2.311	1.019	900.522
449.506	514.906	80.012	19.977	100.146	20.412	-2.021	1.004	900.486
450.006	515.426	80.011	19.977	100.151	20.412	-2.029	0.993	900.506
450.506	515.930	80.011	19.978	100.153	20.412	-1.965	1.024	900.444
451.005	516.419	80.012	19.977	100.149	20.411	-2.009	0.993	900.493
451.506	516.925	80.011	19.977	100.149	20.411	-2.050	0.995	900.523
452.006	517.433	80.013	19.977	100.150	20.411	-2.011	1.014	900.517
452.506	517.912	80.013	19.975	100.149	20.412	-2.145	0.987	900.502
453.006	518.422	80.013	19.976	100.151	20.415	-2.351	0.988	900.525
453.506	518.934	80.013	19.978	100.146	20.415	-2.274	1.021	900.552
454.006	519.403	80.014	19.977	100.145	20.417	-2.321	0.982	900.540
454.506	519.905	80.012	19.977	100.146	20.414	-2.097	0.971	900.527
455.005	520.403	80.011	19.978	100.145	20.412	-1.967	1.000	900.534
455.505	520.901	80.013	19.977	100.133	20.414	-2.098	0.996	900.544
456.005	521.433	80.012	19.979	100.138	20.415	-2.209	1.030	900.523
456.506	521.905	80.012	19.978	100.139	20.415	-2.204	1.004	900.529
457.006	522.388	80.011	19.977	100.135	20.416	-2.309	0.955	900.541
457.506	522.897	80.012	19.978	100.130	20.414	-2.249	0.992	900.557
458.006	523.384	80.013	19.977	100.137	20.417	-2.447	0.996	900.563
458.506	523.883	80.011	19.977	100.141	20.417	-2.435	0.986	900.519
459.006	524.400	80.013	19.977	100.143	20.418	-2.563	1.017	900.547
459.506	524.892	80.014	19.978	100.145	20.421	-2.827	1.009	900.546
460.006	525.403	80.012	19.977	100.144	20.418	-2.566	1.003	900.535
460.505	525.921	80.011	19.978	100.140	20.418	-2.595	1.029	900.589
461.005	526.378	80.011	19.978	100.135	20.420	-2.791	0.975	900.561
461.505	526.894	80.011	19.978	100.129	20.420	-2.760	0.973	900.557
462.006	527.399	80.010	19.979	100.130	20.417	-2.507	1.021	900.551
462.506	527.893	80.008	19.978	100.130	20.417	-2.401	0.999	900.591
463.005	528.396	80.009	19.979	100.132	20.417	-2.404	0.998	900.560
463.505	528.907	80.011	19.977	100.131	20.415	-2.279	1.014	900.562
464.005	529.424	80.010	19.977	100.134	20.420	-2.638	1.028	900.584
464.506	529.899	80.013	19.979	100.135	20.419	-2.590	0.991	900.586
465.006	530.421	80.015	19.979	100.140	20.420	-2.723	0.997	900.587
465.506	530.894	80.015	19.978	100.140	20.421	-2.811	0.995	900.577
466.006	531.406	80.013	19.979	100.141	20.420	-2.810	0.984	900.584
466.506	531.894	80.010	19.978	100.144	20.421	-2.864	1.000	900.595
467.006	532.395	80.010	19.978	100.145	20.421	-2.874	0.989	900.615
467.506	532.907	80.010	19.978	100.141	20.419	-2.648	1.012	900.583
468.007	533.385	80.010	19.979	100.146	20.417	-2.392	0.990	900.620
468.506	533.870	80.013	19.979	100.148	20.420	-2.629	0.963	900.605
469.006	534.381	80.011	19.978	100.145	20.419	-2.549	0.995	900.618
469.507	534.884	80.012	19.977	100.142	20.421	-2.701	1.015	900.652
470.006	535.401	80.015	19.979	100.137	20.418	-2.523	1.021	900.626
470.506	535.869	80.014	19.979	100.132	20.419	-2.642	0.984	900.613
471.006	536.372	80.014	19.978	100.135	20.419	-2.742	0.971	900.641
471.506	536.892	80.013	19.978	100.135	20.416	-2.497	1.023	900.656
472.006	537.386	80.012	19.977	100.138	20.420	-2.731	1.013	900.640
472.506	537.862	80.015	19.977	100.146	20.418	-2.611	0.971	900.639
473.006	538.393	80.016	19.979	100.145	20.423	-2.946	1.008	900.657
473.506	538.880	80.014	19.978	100.145	20.420	-2.767	1.018	900.652
474.006	539.409	80.014	19.978	100.149	20.419	-2.746	1.016	900.627
474.506	539.897	80.013	19.977	100.146	20.419	-2.650	1.016	900.690
475.006	540.377	80.014	19.977	100.140	20.423	-3.073	0.968	900.663
475.506	540.905	80.015	19.979	100.137	20.420	-2.954	1.008	900.658
476.006	541.397	80.018	19.979	100.133	20.419	-2.890	1.019	900.635
476.506	541.905	80.016	19.978	100.134	20.419	-2.805	0.999	900.677
477.007	542.383	80.015	19.979	100.134	20.417	-2.635	0.986	900.669
477.506	542.889	80.016	19.979	100.140	20.415	-2.484	0.984	900.678
478.006	543.367	80.018	19.978	100.146	20.416	-2.468	0.984	900.705
478.507	543.894	80.016	19.978	100.149	20.419	-2.557	1.005	900.687
479.007	544.376	80.013	19.978	100.149	20.420	-2.620	1.009	900.678
479.506	544.910	80.015	19.977	100.145	20.423	-2.861	1.017	900.691
480.006	545.382	80.013	19.977	100.142	20.419	-2.549	1.007	900.685
480.506	545.885	80.013	19.978	100.140	20.420	-2.647	0.974	900.721
481.006	546.371	80.015	19.978	100.144	20.418	-2.504	0.989	900.702
481.506	546.878	80.015	19.978	100.146	20.415	-2.338	0.994	900.683
482.006	547.378	80.015	19.977	100.149	20.416	-2.425	1.007	900.707
482.506	547.892	80.015	19.977	100.155	20.416	-2.337	1.014	900.697
483.006	548.397	80.014	19.978	100.160	20.418	-2.400	1.018	900.736
483.507	548.889	80.015	19.977	100.155	20.419	-2.465	0.996	900.726
484.006	549.366	80.013	19.977	100.149	20.418	-2.525	0.969	900.749
484.506	549.870	80.014	19.978	100.153	20.420	-2.718	0.982	900.728
485.006	550.378	80.014	19.976	100.148	20.416	-2.420	1.012	900.716
485.506	550.877	80.012	19.976	100.139	20.417	-2.567	1.006	900.749
486.006	551.382	80.015	19.975	100.133	20.418	-2.683	1.004	900.742
486.506	551.895	80.017	19.977	100.132	20.417	-2.650	1.018	900.730
487.006	552.363	80.015	19.976	100.132	20.419	-2.716	0.980	900.750
487.507	552.871	80.016	19.978	100.137	20.416	-2.425	0.976	900.706
488.007	553.385	80.013	19.976	100.138	20.418	-2.545	1.021	900.762
488.507	553.848	80.015	19.979	100.143	20.412	-2.229	0.977	900.759
489.007	554.363	80.017	19.978	100.143	20.418	-2.672	0.978	900.769
489.507	554.880	80.017	19.977	100.137	20.417	-2.609	1.032	900.762
490.007	555.341	80.016	19.977	100.132	20.419	-2.769	0.979	900.744
490.506	555.852	80.017	19.977	100.131	20.417	-2.535	0.972	900.782
491.006	556.338	80.016	19.977	100.132	20.419	-2.703	0.997	900.770
491.507	556.857	80.017	19.978	100.139	20.422	-2.783	1.005	900.777
492.006	557.334	80.018	19.977	100.145	20.421	-2.621	0.996	900.770
492.506	557.845	80.015	19.978	100.148	20.424	-2.844	0.988	900.784
493.006	558.337	80.014	19.977	100.148	20.422	-2.713	1.004	900.778
493.506	558.860	80.013	19.977	100.151	20.419	-2.526	1.016	900.762
494.006	559.347	80.016	19.977	100.148	20.417	-2.365	1.010	900.800
494.506	559.824	80.019	19.978	100.144	20.418	-2.556	0.963	900.761
495.006	560.355	80.014	19.978	100.143	20.417	-2.497	1.008	900.776
495.507	560.821	80.016	19.978	100.144	20.415	-2.359	0.997	900.781
496.006	561.340	80.016	19.978	100.148	20.418	-2.591	0.984	900.775
496.507	561.818	80.014	19.977	100.149	20.419	-2.674	0.997	900.797
497.007	562.323	80.015	19.978	100.150	20.421	-2.918	0.983	900.794
497.507	562.841	80.015	19.977	100.150	20.420	-2.801	1.023	900.796
498.007	563.337	80.016	19.977	100.146	20.420	-2.688	1.014	900.771
498.507	563.814	80.014	19.976	100.138	20.417	-2.369	0.973	900.784
499.007	564.316	80.014	19.978	100.131	20.417	-2.450	0.979	900.791
499.507	564.828	80.014	19.978	100.128	20.418	-2.432	1.014	900.782
500.007	565.341	80.014	19.977	100.127	20.416	-2.263	1.025	900.823
500.507	565.865	80.013	19.977	100.132	20.421	-2.684	1.037	900.808
501.007	566.345	80.013	19.977	100.134	20.420	-2.739	1.004	900.835
501.507	566.832	80.015	19.978	100.136	20.421	-2.795	0.967	900.810
502.007	567.333	80.015	19.978	100.142	20.423	-2.933	0.988	900.831
502.506	567.881	80.017	19.977	100.145	20.419	-2.632	1.049	900.848
503.007	568.355	80.017	19.979	100.144	20.423	-2.907	1.022	900.843
503.507	568.861	80.015	19.978	100.142	20.421	-2.757	0.980	900.851
504.007	569.340	80.017	19.979	100.146	20.422	-2.840	0.984	900.840
504.507	569.849	80.013	19.977	100.147	20.419	-2.728	0.989	900.799
505.007	570.323	80.012	19.977	100.145	20.423	-3.019	0.984	900.816
505.507	570.803	80.015	19.978	100.138	20.423	-3.098	0.954	900.813
506.007	571.303	80.013	19.978	100.136	20.426	-3.234	0.980	900.827
506.507	571.836	80.015	19.980	100.132	20.422	-2.882	1.033	900.835
507.007	572.338	80.014	19.979	100.127	20.425	-3.060	1.035	900.860
507.507	572.836	80.014	19.980	100.130	20.425	-3.022	1.000	900.813
508.007	573.328	80.017	19.979	100.139	20.420	-2.539	0.991	900.856
508.506	573.845	80.014	19.979	100.145	20.423	-2.804	1.009	900.827
509.007	574.336	80.014	19.978	100.141	20.424	-2.874	1.007	900.860
509.507	574.795	80.013	19.979	100.140	20.421	-2.653	0.950	900.840
510.006	575.308	80.012	19.977	100.138	20.423	-2.776	0.972	900.835
510.506	575.813	80.014	19.979	100.137	20.423	-2.771	1.018	900.846
511.007	576.356	80.014	19.978	100.136	20.425	-2.882	1.048	900.855
511.506	576.831	80.012	19.979	100.143	20.425	-2.839	1.018	900.862
512.006	577.330	80.014	19.980	100.147	20.423	-2.580	0.975	900.857
512.506	577.865	80.014	19.981	100.150	20.424	-2.738	1.034	900.888
513.007	578.347	80.014	19.980	100.150	20.424	-2.731	1.017	900.866
513.506	578.837	80.015	19.978	100.146	20.422	-2.562	0.972	900.881
514.007	579.343	80.015	19.979	100.140	20.423	-2.745	0.996	900.883
514.506	579.831	80.014	19.979	100.134	20.422	-2.674	0.994	900.863
515.006	580.310	80.012	19.979	100.131	20.426	-2.970	0.966	900.851
515.507	580.850	80.013	19.978	100.126	20.424	-2.797	1.019	900.891
516.007	581.356	80.014	19.979	100.130	20.425	-2.882	1.046	900.848
516.507	581.857	80.011	19.980	100.132	20.424	-2.825	1.007	900.855
517.007	582.349	80.013	19.977	100.131	20.426	-2.916	0.994	900.876
517.506	582.841	80.012	19.979	100.129	20.425	-2.880	0.984	900.894
518.007	583.348	80.012	19.979	100.129	20.422	-2.766	0.998	900.913
518.507	583.841	80.012	19.979	100.122	20.421	-2.753	1.001	900.955
519.007	584.322	80.013	19.978	100.120	20.422	-2.793	0.975	900.892
519.507	584.841	80.013	19.978	100.118	20.422	-2.786	0.999	900.922
520.006	585.327	80.013	19.978	100.119	20.421	-2.675	1.005	900.911
520.507	585.856	80.011	19.977	100.118	20.423	-2.791	1.014	900.917
521.007	586.361	80.013	19.978	100.122	20.423	-2.790	1.034	900.921
521.507	586.856	80.014	19.978	100.127	20.423	-2.843	1.001	900.928
522.007	587.353	80.009	19.978	100.129	20.426	-3.134	0.992	900.916
522.507	587.851	80.011	19.977	100.128	20.426	-3.113	0.995	900.923
523.007	588.339	80.014	19.980	100.128	20.423	-2.849	0.986	900.955
523.507	588.837	80.012	19.979	100.126	20.420	-2.619	0.984	900.908
524.008	589.349	80.014	19.978	100.123	20.421	-2.753	1.009	900.899
524.507	589.822	80.014	19.978	100.126	20.425	-2.983	0.986	900.959
525.007	590.325	80.016	19.978	100.129	20.423	-2.818	0.977	900.918
525.507	590.837	80.015	19.977	100.136	20.423	-2.775	1.016	900.934
526.007	591.327	80.014	19.977	100.139	20.423	-2.897	1.002	900.943
526.507	591.825	80.014	19.977	100.139	20.425	-3.086	0.988	900.925
527.007	592.341	80.014	19.976	100.137	20.422	-2.820	1.014	900.946
527.506	592.837	80.013	19.978	100.136	20.420	-2.720	1.012	900.951
528.006	593.325	80.012	19.978	100.129	20.423	-2.916	0.984	900.970
528.506	593.840	80.016	19.977	100.128	20.423	-2.860	1.003	900.941
529.007	594.315	80.016	19.979	100.133	20.424	-2.881	0.989	900.947
529.507	594.849	80.017	19.978	100.138	20.425	-2.933	1.009	900.989
530.007	595.327	80.018	19.978	100.139	20.426	-2.982	1.012	900.959
530.507	595.848	80.014	19.979	100.136	20.428	-3.117	0.998	900.957
531.007	596.316	80.014	19.977	100.137	20.425	-2.805	0.989	900.936
531.507	596.793	80.012	19.978	100.136	20.426	-2.963	0.946	900.952
532.007	597.363	80.013	19.978	100.130	20.423	-2.759	1.047	900.959
532.507	597.843	80.014	19.978	100.130	20.424	-2.699	1.050	900.997
533.007	598.351	80.012	19.979	100.136	20.419	-2.251	0.989	900.963
533.507	598.823	80.015	19.978	100.139	20.427	-2.816	0.980	900.984
534.007	599.300	80.014	19.978	100.137	20.425	-2.705	0.948	900.995
534.507	599.820	80.013	19.980	100.142	20.427	-2.818	0.997	900.973
535.007	600.324	80.014	19.978	100.142	20.425	-2.611	1.025	900.952
535.507	600.820	80.015	19.979	100.140	20.427	-2.801	1.000	901.006
536.007	601.317	80.012	19.978	100.132	20.425	-2.720	0.993	900.981
536.507	601.819	80.012	19.978	100.128	20.424	-2.777	0.999	900.979
537.007	602.316	80.012	19.979	100.128	20.425	-2.884	0.999	900.987
537.507	602.804	80.012	19.978	100.127	20.426	-2.985	0.984	901.001
538.007	603.295	80.011	19.977	100.124	20.425	-2.959	0.979	900.991
538.507	603.843	80.012	19.978	100.124	20.423	-2.872	1.040	901.002
539.007	604.324	80.014	19.978	100.126	20.422	-2.798	1.029	901.035
539.507	604.835	80.013	19.977	100.124	20.425	-3.010	0.992	901.043
540.007	605.328	80.009	19.978	100.118	20.426	-3.114	1.004	901.037
540.507	605.815	80.013	19.978	100.114	20.423	-2.781	0.979	901.021
541.007	606.319	80.014	19.977	100.111	20.423	-2.853	0.992	901.052
541.507	606.810	80.013	19.976	100.110	20.420	-2.618	0.995	901.032
542.008	607.291	80.013	19.978	100.108	20.422	-2.694	0.971	901.010
542.508	607.791	80.013	19.978	100.108	20.419	-2.455	0.982	901.003
543.007	608.344	80.013	19.977	100.112	20.423	-2.636	1.054	900.974
543.507	608.816	80.013	19.976	100.123	20.417	-2.236	1.024	901.022
544.008	609.313	80.012	19.977	100.124	20.422	-2.568	0.968	901.076
544.508	609.798	80.013	19.976	100.126	20.424	-2.719	0.983	901.011
545.007	610.336	80.011	19.975	100.135	20.424	-2.791	1.024	901.014
545.507	610.835	80.012	19.976	100.137	20.421	-2.584	1.037	901.057
546.007	611.313	80.014	19.977	100.136	20.421	-2.646	0.977	901.012
546.507	611.815	80.014	19.977	100.139	20.420	-2.670	0.980	901.025
547.007	612.329	80.013	19.976	100.138	20.419	-2.623	1.016	901.038
547.507	612.819	80.013	19.975	100.134	20.420	-2.636	1.004	901.060
548.007	613.310	80.014	19.977	100.132	20.424	-2.843	0.981	901.045
548.507	613.830	80.018	19.978	100.132	20.424	-2.820	1.012	901.053
549.007	614.313	80.016	19.976	100.130	20.423	-2.713	1.003	901.059
549.507	614.822	80.015	19.978	100.130	20.419	-2.283	0.992	901.092
550.007	615.314	80.016	19.977	100.126	20.421	-2.363	1.001	901.042
550.507	615.814	80.013	19.976	100.124	20.422	-2.467	0.992	901.038
551.007	616.312	80.015	19.977	100.119	20.419	-2.202	0.998	901.039
551.507	616.804	80.017	19.976	100.116	20.423	-2.482	0.990	901.042
552.007	617.339	80.016	19.977	100.119	20.422	-2.392	1.026	901.064
552.507	617.825	80.014	19.976	100.127	20.421	-2.444	1.022	901.042
553.007	618.304	80.015	19.975	100.135	20.421	-2.509	0.965	901.077
553.507	618.801	80.016	19.976	100.137	20.421	-2.423	0.975	901.065
554.007	619.312	80.017	19.975	100.142	20.422	-2.463	1.008	901.076
554.508	619.830	80.015	19.976	100.138	20.423	-2.543	1.028	901.087
555.008	620.325	80.015	19.977	100.130	20.427	-2.876	1.013	901.072
555.507	620.769	80.018	19.976	100.126	20.424	-2.552	0.940	901.066
556.007	621.316	80.013	19.976	100.130	20.423	-2.416	0.991	901.108
556.507	621.823	80.014	19.977	100.122	20.421	-2.311	1.053	901.114
557.007	622.337	80.015	19.977	100.115	20.427	-2.822	1.020	901.084
557.508	622.805	80.013	19.976	100.114	20.423	-2.499	0.981	901.094
558.008	623.334	80.014	19.978	100.114	20.424	-2.646	0.997	901.084
558.508	623.827	80.014	19.978	100.106	20.421	-2.415	1.023	901.113
559.007	624.320	80.014	19.978	100.109	20.422	-2.598	0.986	901.108
559.507	624.818	80.015	19.976	100.116	20.420	-2.502	0.991	901.116
560.007	625.344	80.015	19.977	100.119	20.424	-2.721	1.025	901.077
560.507	625.832	80.016	19.976	100.122	20.425	-2.764	1.015	901.101
561.007	626.338	80.016	19.977	100.122	20.422	-2.509	0.994	901.124
561.507	626.840	80.013	19.976	100.114	20.426	-2.751	1.008	901.110
562.007	627.313	80.016	19.977	100.115	20.426	-2.639	0.975	901.101
562.507	627.840	80.014	19.977	100.113	20.424	-2.459	1.000	901.130
563.007	628.333	80.012	19.976	100.106	20.422	-2.362	1.019	901.087
563.508	628.836	80.012	19.976	100.104	20.421	-2.398	0.995	901.114
564.007	629.330	80.012	19.977	100.111	20.426	-2.830	0.998	901.127
564.507	629.825	80.015	19.976	100.113	20.427	-2.922	0.990	901.095
565.007	630.361	80.015	19.977	100.113	20.425	-2.822	1.030	901.124
565.508	630.803	80.012	19.977	100.116	20.426	-2.920	0.978	901.157
566.008	631.335	80.013	19.978	100.122	20.427	-2.911	0.974	901.117
566.507	631.852	80.013	19.977	100.125	20.426	-2.805	1.049	901.128
567.007	632.338	80.013	19.978	100.127	20.427	-2.859	1.003	901.137
567.507	632.827	80.015	19.979	100.124	20.430	-3.040	0.975	901.118
568.007	633.340	80.015	19.980	100.120	20.429	-3.040	1.002	901.137
568.507	633.860	80.013	19.979	100.116	20.429	-3.026	1.033	901.149
569.008	634.314	80.013	19.980	100.109	20.429	-3.073	0.974	901.139
569.508	634.846	80.013	19.978	100.100	20.426	-2.934	0.985	901.162
570.008	635.329	80.013	19.978	100.103	20.428	-3.117	1.016	901.175
570.507	635.819	80.014	19.978	100.108	20.426	-2.954	0.973	901.161
571.008	636.311	80.012	19.976	100.114	20.427	-2.987	0.981	901.161
571.508	636.804	80.015	19.978	100.122	20.426	-2.904	0.985	901.145
572.008	637.341	80.015	19.979	100.125	20.428	-3.032	1.029	901.150
572.508	637.829	80.015	19.977	100.124	20.428	-2.952	1.025	901.172
573.008	638.335	80.016	19.979	100.124	20.430	-3.101	0.995	901.150
573.508	638.800	80.013	19.980	100.116	20.428	-2.922	0.972	901.186
574.008	639.343	80.012	19.979	100.111	20.428	-2.892	1.009	901.152
574.507	639.825	80.012	19.979	100.114	20.429	-2.964	1.025	901.207
575.007	640.336	80.010	19.978	100.114	20.427	-2.748	0.993	901.209
575.508	640.828	80.012	19.979	100.114	20.426	-2.606	1.003	901.185
576.008	641.334	80.013	19.979	100.120	20.424	-2.439	0.997	901.209
576.508	641.828	80.012	19.977	100.122	20.425	-2.568	1.000	901.186
577.008	642.335	80.012	19.978	100.125	20.423	-2.429	1.001	901.209
577.508	642.854	80.015	19.979	100.130	20.428	-2.863	1.027	901.186
578.007	643.361	80.014	19.977	100.129	20.427	-2.776	1.027	901.231
578.507	643.835	80.017	19.979	100.123	20.431	-3.035	0.981	901.221
579.007	644.323	80.014	19.980	100.121	0.000	0.000	0.961	901.216
579.508	644.840	80.016	19.979	100.115	0.000	0.000	1.005	901.206
580.008	645.355	80.016	19.979	100.114	0.000	0.000	1.032	901.246
580.508	645.839	80.014	19.979	100.114	0.000	0.000	1.000	901.227
581.007	646.351	80.015	19.978	100.116	0.000	0.000	0.996	901.229
581.508	646.848	80.011	19.979	100.112	0.000	0.000	1.008	901.214
582.008	647.300	80.013	19.979	100.109	0.000	0.000	0.949	901.207
582.508	647.823	80.014	19.978	100.103	0.000	0.000	0.975	901.245
583.008	648.310	80.014	19.980	100.097	0.000	0.000	1.011	901.233
583.508	648.837	80.016	19.978	100.101	0.000	0.000	1.014	901.225
584.008	649.298	80.017	19.977	100.106	0.000	0.000	0.988	901.217
584.508	649.823	80.017	19.980	100.107	0.000	0.000	0.986	901.242
585.007	650.299	80.016	19.978	100.111	0.000	0.000	1.001	901.244
585.507	650.813	80.013	19.978	100.112	0.000	0.000	0.990	901.224
586.008	651.332	80.012	19.978	100.104	0.000	0.000	1.032	901.244
586.508	651.807	80.012	19.978	100.102	0.000	0.000	0.994	901.226
587.008	652.316	80.011	19.979	100.107	0.000	0.000	0.985	901.238
587.508	652.840	80.012	19.978	100.110	0.000	0.000	1.033	901.252
588.008	653.325	80.015	19.979	100.118	0.000	0.000	1.007	901.248
588.508	653.841	80.012	19.979	100.126	0.000	0.000	1.000	901.213
