File Name:	PS_18.txt	Version: 8.3.7.3						
Date:	14 Aug 2024
Operator:	KH
Test ID:	PS_18
Sample ID:	PS_18
Sample Mass (mg):	3.2100
Sample Cup Mass (mg):	184.4800
End Total Mass (mg):
Heating Rate (C/s):	1.0000
Combuster Temperature (C):	900.0
N2 Flow Rate (cc/min):	80.0
O2 Flow Rate (cc/min):	20.0
Calibration File:	Coeff.txt
T Correction Coefficients:	0.308738730	0.013615500	0.000000000
Time Shift (s):	10.0
Pre-Test Comments:
Post-Test Comments:
Baseline Flow:	100.136
Baseline O2:	20.233
Instrument ID:	2700
@
Time (s)	Temperature (C)	N2 Flow (cc/min)	O2 Flow (cc/min)	Total Flow (cc/min)	Oxygen (%)	HRR (W/g)	Heating Rate (C/s)	Combustor Temp (C)
0.000	74.835	80.099	19.978	100.136	20.180	-8.742	-0.015	899.628
0.500	74.807	80.099	19.978	100.147	20.157	-6.380	-0.027	899.630
1.000	74.817	80.101	19.977	100.147	20.137	-4.408	-0.018	899.623
1.500	74.801	80.099	19.977	100.161	20.117	-2.338	-0.006	899.622
2.001	74.840	80.097	19.978	100.212	20.102	-0.788	0.023	899.584
2.500	74.868	80.097	19.977	100.287	20.090	0.335	0.067	899.621
3.001	74.870	80.099	19.978	100.382	20.082	1.147	0.029	899.590
3.501	74.932	80.099	19.980	100.500	20.075	1.869	0.065	899.613
4.001	74.974	80.099	19.979	100.614	20.074	1.951	0.104	899.593
4.500	75.027	80.099	19.979	100.704	20.069	2.277	0.095	899.639
5.001	75.074	80.100	19.978	100.762	20.068	1.815	0.100	899.595
5.501	75.137	80.101	19.979	100.799	20.065	0.739	0.110	899.640
6.000	75.227	80.099	19.979	100.813	20.064	-1.079	0.153	899.629
6.501	75.313	80.100	19.978	100.816	20.065	-3.390	0.175	899.623
7.001	75.391	80.099	19.978	100.809	20.062	-5.603	0.165	899.610
7.501	75.492	80.099	19.978	100.803	20.064	-8.402	0.179	899.646
8.000	75.590	80.101	19.978	100.799	20.064	-10.600	0.199	899.600
8.501	75.682	80.101	19.978	100.795	20.064	-11.801	0.189	899.605
9.001	75.822	80.102	19.979	100.787	20.061	-12.302	0.231	899.609
9.502	75.945	80.101	19.978	100.785	20.059	-12.178	0.263	899.633
10.001	76.046	80.101	19.978	100.788	20.058	-11.821	0.224	899.619
10.500	76.170	80.102	19.977	100.785	20.047	-10.325	0.225	899.610
11.001	76.326	80.101	19.978	100.785	20.023	-7.337	0.281	899.629
11.501	76.468	80.102	19.978	100.789	19.994	-4.001	0.298	899.597
12.001	76.641	80.104	19.977	100.795	19.966	-0.488	0.315	899.624
12.501	76.804	80.103	19.977	100.831	19.940	2.613	0.336	899.584
13.001	76.979	80.102	19.978	100.924	19.920	5.063	0.337	899.602
13.501	77.240	80.101	19.978	101.046	19.906	7.075	0.436	899.604
14.001	77.436	80.102	19.978	101.197	19.900	8.224	0.457	899.639
14.500	77.741	80.103	19.979	101.360	19.903	8.597	0.501	899.638
15.001	77.971	80.100	19.978	101.498	19.904	9.101	0.535	899.621
15.501	78.233	80.100	19.977	101.587	19.907	9.480	0.492	899.629
16.001	78.549	80.103	19.977	101.637	19.914	9.469	0.578	899.605
16.500	78.881	80.100	19.977	101.658	19.918	9.724	0.648	899.627
17.001	79.214	80.101	19.977	101.651	19.923	9.833	0.665	899.610
17.501	79.532	80.103	19.977	101.625	19.933	9.432	0.651	899.619
18.001	79.905	80.101	19.976	101.592	19.940	9.407	0.691	899.610
18.502	80.216	80.103	19.977	101.559	19.947	9.234	0.685	899.594
19.001	80.640	80.100	19.977	101.521	19.952	9.152	0.735	899.596
19.501	81.006	80.101	19.977	101.487	19.959	8.952	0.789	899.621
20.001	81.399	80.101	19.978	101.453	19.970	8.319	0.760	899.590
20.500	81.794	80.099	19.978	101.424	19.972	8.451	0.788	899.607
21.001	82.220	80.101	19.978	101.390	19.979	8.030	0.820	899.610
21.502	82.641	80.102	19.978	101.355	19.980	8.198	0.847	899.573
22.001	83.064	80.100	19.977	101.322	19.991	7.456	0.845	899.593
22.501	83.484	80.100	19.978	101.289	19.994	7.275	0.844	899.589
23.000	83.934	80.101	19.978	101.246	20.000	6.923	0.871	899.586
23.501	84.395	80.101	19.977	101.209	20.007	6.383	0.911	899.630
24.001	84.807	80.100	19.978	101.173	20.008	6.489	0.873	899.576
24.501	85.302	80.098	19.977	101.139	20.014	6.057	0.907	899.595
25.001	85.782	80.098	19.978	101.107	20.019	5.757	0.974	899.603
25.501	86.237	80.098	19.978	101.079	20.026	5.333	0.936	899.592
26.001	86.689	80.096	19.978	101.050	20.027	5.376	0.907	899.605
26.501	87.198	80.098	19.977	101.025	20.029	5.363	0.961	899.603
27.001	87.666	80.098	19.977	100.998	20.032	5.234	0.977	899.611
27.501	88.167	80.097	19.977	100.974	20.036	4.906	0.968	899.599
28.001	88.637	80.100	19.978	100.961	20.037	4.866	0.971	899.618
28.501	89.146	80.099	19.978	100.952	20.040	4.717	0.980	899.599
29.001	89.605	80.099	19.977	100.934	20.045	4.384	0.969	899.620
29.501	90.114	80.097	19.979	100.922	20.046	4.336	0.968	899.623
30.000	90.626	80.096	19.978	100.914	20.049	4.183	1.021	899.616
30.500	91.141	80.098	19.978	100.900	20.050	4.201	1.027	899.605
31.001	91.640	80.098	19.978	100.890	20.056	3.739	1.013	899.597
31.501	92.142	80.096	19.978	100.886	20.057	3.810	1.000	899.593
32.002	92.651	80.098	19.978	100.875	20.060	3.584	1.010	899.620
32.501	93.146	80.097	19.977	100.861	20.059	3.862	1.004	899.588
33.001	93.669	80.098	19.977	100.848	20.059	4.008	1.019	899.620
33.501	94.167	80.102	19.978	100.837	20.061	3.856	1.021	899.608
34.001	94.688	80.101	19.977	100.832	20.064	3.696	1.019	899.620
34.501	95.182	80.099	19.977	100.828	20.063	3.816	1.015	899.605
35.001	95.712	80.098	19.977	100.823	20.066	3.624	1.024	899.607
35.501	96.250	80.097	19.977	100.821	20.068	3.419	1.068	899.648
36.001	96.747	80.098	19.977	100.813	20.071	3.362	1.036	899.565
36.501	97.271	80.097	19.978	100.800	20.073	3.403	1.021	899.606
37.001	97.787	80.097	19.978	100.799	20.073	3.589	1.039	899.566
37.501	98.336	80.098	19.977	100.788	20.078	3.253	1.065	899.566
38.000	98.885	80.097	19.978	100.784	20.079	3.271	1.099	899.581
38.501	99.401	80.099	19.977	100.780	20.079	3.327	1.065	899.599
39.001	99.915	80.102	19.977	100.773	20.081	3.178	1.030	899.607
39.501	100.457	80.100	19.978	100.761	20.082	3.101	1.056	899.615
40.001	100.977	80.099	19.977	100.757	20.082	3.071	1.062	899.587
40.501	101.512	80.098	19.978	100.745	20.083	2.988	1.055	899.608
41.001	102.049	80.099	19.977	100.740	20.085	2.762	1.072	899.619
41.501	102.599	80.102	19.977	100.739	20.087	2.601	1.087	899.638
42.001	103.125	80.101	19.979	100.736	20.089	2.383	1.076	899.628
42.501	103.662	80.099	19.979	100.736	20.088	2.343	1.062	899.589
43.001	104.168	80.099	19.977	100.735	20.086	2.535	1.042	899.635
43.501	104.708	80.096	19.977	100.719	20.090	2.241	1.046	899.603
44.001	105.234	80.098	19.976	100.706	20.089	2.443	1.066	899.615
44.501	105.774	80.098	19.976	100.693	20.091	2.345	1.066	899.625
45.001	106.323	80.097	19.976	100.685	20.092	2.346	1.090	899.602
45.501	106.848	80.098	19.976	100.679	20.091	2.523	1.074	899.645
46.001	107.386	80.096	19.977	100.681	20.093	2.451	1.062	899.610
46.501	107.905	80.097	19.976	100.680	20.095	2.223	1.057	899.620
47.002	108.443	80.098	19.976	100.681	20.094	2.293	1.056	899.600
47.502	108.955	80.095	19.977	100.678	20.096	2.118	1.050	899.626
48.002	109.519	80.098	19.978	100.677	20.097	2.212	1.077	899.648
48.501	110.017	80.100	19.978	100.678	20.098	2.106	1.063	899.635
49.001	110.583	80.098	19.977	100.682	20.100	2.022	1.064	899.601
49.501	111.140	80.100	19.977	100.684	20.103	1.777	1.122	899.610
50.001	111.659	80.100	19.978	100.687	20.103	1.765	1.076	899.610
50.501	112.165	80.098	19.979	100.686	20.104	1.734	1.025	899.625
51.002	112.724	80.097	19.978	100.680	20.101	2.005	1.064	899.618
51.502	113.243	80.097	19.978	100.673	20.102	1.894	1.078	899.625
52.002	113.804	80.098	19.979	100.666	20.104	1.725	1.080	899.638
52.502	114.327	80.099	19.978	100.663	20.106	1.525	1.084	899.597
53.002	114.869	80.098	19.979	100.657	20.104	1.668	1.066	899.632
53.501	115.401	80.099	19.979	100.657	20.102	1.827	1.074	899.645
54.001	115.945	80.099	19.979	100.657	20.104	1.548	1.076	899.636
54.501	116.502	80.098	19.979	100.657	20.104	1.613	1.101	899.663
55.001	117.045	80.101	19.978	100.650	20.105	1.462	1.100	899.643
55.502	117.528	80.101	19.979	100.649	20.108	1.227	1.026	899.640
56.001	118.059	80.100	19.979	100.644	20.109	1.305	1.015	899.631
56.501	118.636	80.097	19.978	100.641	20.110	1.269	1.108	899.651
57.002	119.170	80.095	19.978	100.639	20.108	1.539	1.110	899.661
57.502	119.692	80.098	19.979	100.638	20.110	1.401	1.055	899.626
58.002	120.178	80.100	19.978	100.637	20.109	1.463	1.008	899.638
58.502	120.729	80.098	19.979	100.639	20.108	1.614	1.037	899.653
59.002	121.268	80.100	19.980	100.637	20.108	1.608	1.089	899.682
59.502	121.779	80.099	19.979	100.635	20.105	1.935	1.050	899.698
60.001	122.328	80.099	19.978	100.636	20.106	1.765	1.061	899.641
60.501	122.879	80.100	19.978	100.640	20.111	1.275	1.100	899.643
61.002	123.391	80.100	19.978	100.640	20.112	1.171	1.062	899.687
61.501	123.925	80.099	19.979	100.646	20.110	1.451	1.047	899.645
62.001	124.470	80.099	19.978	100.648	20.111	1.421	1.079	899.624
62.501	125.017	80.099	19.978	100.642	20.115	1.060	1.092	899.657
63.001	125.508	80.100	19.979	100.638	20.114	1.232	1.039	899.685
63.501	126.054	80.099	19.978	100.632	20.111	1.618	1.036	899.647
64.002	126.597	80.098	19.979	100.623	20.112	1.536	1.089	899.636
64.502	127.137	80.102	19.979	100.620	20.114	1.348	1.084	899.659
65.001	127.649	80.101	19.979	100.621	20.114	1.309	1.052	899.669
65.502	128.181	80.100	19.979	100.621	20.116	1.294	1.043	899.636
66.002	128.696	80.100	19.978	100.624	20.115	1.402	1.047	899.617
66.502	129.248	80.099	19.978	100.623	20.116	1.389	1.067	899.651
67.002	129.796	80.101	19.979	100.620	20.115	1.481	1.101	899.701
67.501	130.319	80.100	19.978	100.623	20.112	1.843	1.070	899.655
68.002	130.815	80.100	19.978	100.623	20.116	1.386	1.018	899.651
68.502	131.354	80.099	19.979	100.622	20.115	1.369	1.035	899.692
69.002	131.899	80.100	19.978	100.619	20.116	1.167	1.083	899.674
69.502	132.415	80.101	19.978	100.614	20.112	1.522	1.062	899.684
70.001	132.967	80.101	19.979	100.609	20.113	1.466	1.069	899.654
70.502	133.504	80.101	19.978	100.606	20.115	1.297	1.090	899.654
71.001	134.019	80.101	19.978	100.604	20.119	1.051	1.052	899.657
71.501	134.539	80.103	19.977	100.607	20.117	1.180	1.035	899.660
72.001	135.072	80.102	19.978	100.609	20.117	1.259	1.054	899.662
72.501	135.595	80.099	19.978	100.604	20.117	1.328	1.056	899.691
73.001	136.108	80.100	19.978	100.594	20.120	1.013	1.035	899.662
73.502	136.620	80.099	19.978	100.591	20.116	1.412	1.024	899.675
74.002	137.135	80.100	19.979	100.587	20.118	1.216	1.027	899.640
74.502	137.646	80.098	19.978	100.587	20.117	1.284	1.026	899.663
75.002	138.198	80.099	19.979	100.588	20.120	1.068	1.062	899.706
75.502	138.721	80.100	19.979	100.597	20.119	1.237	1.075	899.652
76.002	139.244	80.098	19.979	100.599	20.118	1.371	1.046	899.649
76.502	139.748	80.100	19.978	100.603	20.118	1.373	1.027	899.666
77.002	140.261	80.101	19.978	100.605	20.121	1.222	1.018	899.653
77.501	140.816	80.100	19.978	100.603	20.118	1.566	1.068	899.694
78.002	141.331	80.102	19.979	100.596	20.120	1.469	1.069	899.666
78.502	141.862	80.101	19.977	100.593	20.119	1.507	1.046	899.658
79.002	142.390	80.101	19.977	100.591	20.117	1.757	1.059	899.653
79.501	142.899	80.100	19.977	100.589	20.119	1.447	1.037	899.657
80.001	143.414	80.099	19.976	100.591	20.120	1.306	1.024	899.674
80.501	143.942	80.101	19.978	100.592	20.121	1.144	1.043	899.652
81.001	144.477	80.100	19.979	100.589	20.120	1.119	1.062	899.664
81.502	144.970	80.100	19.978	100.588	20.123	0.860	1.028	899.657
82.002	145.537	80.102	19.978	100.589	20.121	1.030	1.061	899.673
82.502	146.052	80.100	19.978	100.587	20.122	0.978	1.082	899.660
83.002	146.574	80.097	19.978	100.584	20.125	0.681	1.038	899.673
83.501	147.068	80.096	19.979	100.583	20.123	0.901	1.016	899.637
84.002	147.618	80.095	19.979	100.579	20.124	0.964	1.043	899.671
84.502	148.082	80.096	19.978	100.570	20.121	1.325	1.014	899.689
85.001	148.605	80.096	19.979	100.565	20.124	1.024	0.987	899.694
85.502	149.108	80.094	19.978	100.565	20.124	1.074	1.026	899.662
86.002	149.671	80.095	19.978	100.565	20.123	1.133	1.066	899.635
86.502	150.159	80.094	19.979	100.566	20.122	1.212	1.051	899.668
87.001	150.692	80.094	19.979	100.573	20.127	0.787	1.022	899.652
87.501	151.192	80.097	19.979	100.577	20.124	1.107	1.033	899.668
88.002	151.726	80.098	19.979	100.581	20.125	1.093	1.034	899.661
88.502	152.245	80.097	19.978	100.584	20.126	1.056	1.053	899.688
89.001	152.745	80.096	19.979	100.586	20.125	1.246	1.019	899.676
89.501	153.276	80.096	19.978	100.585	20.126	1.134	1.031	899.667
90.001	153.803	80.095	19.978	100.583	20.127	1.073	1.058	899.657
90.501	154.294	80.095	19.978	100.581	20.131	0.711	1.018	899.660
91.001	154.817	80.096	19.977	100.576	20.128	1.051	1.014	899.654
91.502	155.304	80.096	19.978	100.569	20.127	1.179	1.009	899.640
92.002	155.838	80.093	19.979	100.566	20.128	1.095	1.021	899.638
92.502	156.357	80.093	19.978	100.564	20.129	0.991	1.053	899.647
93.002	156.920	80.097	19.978	100.565	20.127	1.108	1.082	899.651
93.502	157.371	80.097	19.978	100.567	20.130	0.830	1.014	899.635
94.002	157.909	80.099	19.978	100.569	20.130	0.762	0.989	899.654
94.502	158.424	80.099	19.979	100.566	20.129	0.764	1.053	899.671
95.002	158.945	80.096	19.979	100.563	20.127	0.911	1.037	899.681
95.502	159.450	80.097	19.978	100.558	20.132	0.481	1.026	899.675
96.002	159.956	80.095	19.979	100.551	20.127	0.988	1.011	899.649
96.501	160.475	80.096	19.979	100.550	20.128	0.889	1.025	899.641
97.001	160.955	80.097	19.977	100.548	20.129	0.733	0.999	899.643
97.502	161.487	80.094	19.978	100.549	20.126	1.024	1.011	899.645
98.002	162.016	80.097	19.978	100.547	20.125	1.136	1.061	899.664
98.502	162.511	80.099	19.977	100.545	20.126	1.098	1.024	899.662
99.002	163.052	80.098	19.976	100.543	20.129	0.835	1.036	899.648
99.502	163.543	80.097	19.976	100.543	20.128	0.850	1.033	899.675
100.002	164.059	80.093	19.977	100.544	20.128	0.873	1.008	899.652
100.502	164.567	80.096	19.977	100.548	20.124	1.296	1.024	899.654
101.002	165.117	80.098	19.977	100.552	20.129	0.763	1.058	899.677
101.502	165.620	80.099	19.977	100.554	20.127	1.004	1.054	899.678
102.001	166.133	80.098	19.978	100.557	20.134	0.377	1.016	899.673
102.502	166.594	80.100	19.978	100.556	20.133	0.448	0.973	899.648
103.002	167.142	80.098	19.979	100.555	20.134	0.356	1.009	899.678
103.502	167.637	80.098	19.979	100.556	20.132	0.506	1.043	899.694
104.002	168.156	80.100	19.979	100.554	20.130	0.854	1.014	899.679
104.501	168.644	80.100	19.978	100.554	20.130	0.834	1.007	899.660
105.002	169.182	80.098	19.978	100.556	20.131	0.793	1.026	899.681
105.502	169.715	80.097	19.978	100.556	20.132	0.813	1.072	899.668
106.002	170.199	80.096	19.978	100.552	20.134	0.828	1.016	899.706
106.502	170.694	80.099	19.978	100.554	20.133	0.999	0.978	899.676
107.002	171.201	80.098	19.979	100.554	20.132	1.118	1.003	899.704
107.502	171.701	80.099	19.979	100.553	20.134	0.912	1.007	899.687
108.002	172.254	80.100	19.979	100.551	20.131	1.214	1.053	899.689
108.502	172.748	80.098	19.979	100.558	20.132	1.041	1.047	899.673
109.002	173.269	80.099	19.979	100.554	20.135	0.662	1.014	899.685
109.502	173.763	80.099	19.979	100.551	20.133	0.752	1.015	899.689
110.002	174.262	80.098	19.978	100.551	20.136	0.434	0.994	899.702
110.502	174.774	80.097	19.978	100.556	20.134	0.590	1.011	899.687
111.002	175.294	80.096	19.979	100.548	20.132	0.770	1.033	899.687
111.502	175.826	80.098	19.978	100.546	20.133	0.667	1.052	899.669
112.002	176.329	80.098	19.977	100.544	20.132	0.677	1.034	899.667
112.502	176.839	80.096	19.977	100.540	20.132	0.629	1.012	899.704
113.002	177.330	80.096	19.978	100.528	20.132	0.812	1.000	899.661
113.502	177.815	80.098	19.977	100.523	20.129	1.196	0.977	899.686
114.002	178.367	80.098	19.978	100.519	20.132	1.020	1.037	899.704
114.502	178.877	80.100	19.978	100.517	20.134	1.042	1.062	899.705
115.002	179.370	80.100	19.978	100.515	20.136	1.056	1.005	899.708
115.501	179.891	80.098	19.977	100.522	20.138	0.799	1.013	899.706
116.002	180.383	80.097	19.977	100.530	20.136	0.995	1.011	899.698
116.503	180.916	80.096	19.978	100.534	20.136	0.920	1.025	899.662
117.002	181.440	80.097	19.979	100.533	20.134	0.952	1.058	899.697
117.501	181.951	80.097	19.978	100.538	20.135	0.792	1.035	899.678
118.002	182.430	80.097	19.978	100.538	20.134	0.902	0.990	899.696
118.502	182.958	80.099	19.978	100.537	20.136	0.831	1.008	899.709
119.002	183.465	80.098	19.977	100.542	20.133	1.128	1.036	899.691
119.502	184.001	80.099	19.978	100.548	20.136	0.823	1.042	899.722
120.002	184.507	80.101	19.978	100.541	20.138	0.736	1.041	899.713
120.502	185.000	80.100	19.978	100.537	20.137	0.838	1.000	899.697
121.002	185.512	80.099	19.978	100.530	20.140	0.559	1.005	899.690
121.502	186.021	80.098	19.978	100.519	20.137	0.769	1.021	899.677
122.002	186.492	80.098	19.978	100.506	20.136	0.989	0.980	899.685
122.502	187.006	80.099	19.978	100.499	20.136	1.004	0.985	899.689
123.002	187.529	80.097	19.978	100.505	20.137	0.879	1.036	899.692
123.502	188.043	80.098	19.978	100.508	20.138	0.826	1.037	899.691
124.002	188.553	80.098	19.978	100.513	20.140	0.650	1.025	899.704
124.502	189.047	80.097	19.977	100.525	20.137	0.951	1.004	899.675
125.002	189.575	80.096	19.978	100.527	20.132	1.426	1.021	899.709
125.502	190.093	80.099	19.978	100.517	20.138	0.944	1.046	899.675
126.002	190.589	80.098	19.977	100.513	20.142	0.654	1.015	899.732
126.501	191.106	80.097	19.977	100.514	20.142	0.741	1.014	899.707
127.001	191.598	80.096	19.977	100.507	20.141	0.784	1.009	899.714
127.501	192.122	80.096	19.977	100.510	20.141	0.706	1.016	899.698
128.002	192.617	80.098	19.977	100.512	20.141	0.735	1.018	899.698
128.502	193.141	80.099	19.977	100.512	20.140	0.780	1.018	899.678
129.002	193.652	80.099	19.977	100.508	20.141	0.807	1.035	899.683
129.502	194.181	80.100	19.977	100.504	20.145	0.432	1.040	899.707
130.002	194.660	80.099	19.977	100.500	20.141	0.902	1.008	899.701
130.502	195.201	80.099	19.978	100.505	20.139	1.100	1.019	899.715
131.002	195.723	80.103	19.978	100.505	20.146	0.330	1.062	899.727
131.503	196.195	80.101	19.978	100.505	20.148	0.183	0.994	899.666
132.002	196.699	80.099	19.977	100.507	20.146	0.200	0.976	899.708
132.502	197.205	80.096	19.977	100.503	20.146	0.196	1.011	899.732
133.003	197.718	80.094	19.977	100.494	20.144	0.492	1.019	899.695
133.502	198.223	80.098	19.978	100.491	20.140	0.876	1.018	899.717
134.002	198.750	80.097	19.977	100.487	20.143	0.810	1.032	899.730
134.502	199.248	80.099	19.977	100.488	20.144	0.717	1.024	899.744
135.002	199.742	80.100	19.977	100.495	20.146	0.483	0.992	899.700
135.502	200.254	80.097	19.977	100.496	20.143	0.711	1.007	899.700
136.002	200.758	80.097	19.977	100.496	20.145	0.541	1.016	899.737
136.502	201.256	80.099	19.978	100.492	20.143	0.656	1.002	899.745
137.002	201.791	80.098	19.978	100.484	20.142	0.619	1.032	899.719
137.502	202.273	80.099	19.978	100.479	20.144	0.466	1.016	899.722
138.003	202.814	80.099	19.977	100.483	20.144	0.629	1.023	899.733
138.502	203.298	80.100	19.977	100.489	20.144	0.695	1.026	899.734
139.002	203.818	80.100	19.978	100.495	20.149	0.202	1.004	899.743
139.503	204.325	80.098	19.977	100.499	20.150	0.138	1.026	899.704
140.002	204.835	80.099	19.978	100.495	20.147	0.560	1.018	899.683
140.502	205.322	80.097	19.979	100.491	20.147	0.592	0.997	899.733
141.002	205.821	80.096	19.979	100.482	20.148	0.405	0.985	899.701
141.502	206.329	80.098	19.978	100.478	20.145	0.643	1.007	899.739
142.002	206.852	80.098	19.980	100.476	20.145	0.657	1.031	899.729
142.503	207.350	80.099	19.979	100.482	20.144	0.814	1.021	899.741
143.003	207.900	80.098	19.979	100.485	20.145	0.600	1.050	899.726
143.502	208.372	80.098	19.978	100.483	20.149	0.061	1.023	899.737
144.002	208.862	80.098	19.978	100.490	20.149	0.215	0.962	899.725
144.502	209.383	80.098	19.978	100.497	20.150	0.132	1.010	899.707
145.002	209.874	80.096	19.978	100.489	20.148	0.277	1.011	899.732
145.502	210.441	80.098	19.978	100.482	20.146	0.487	1.058	899.719
146.002	210.900	80.097	19.979	100.479	20.147	0.561	1.027	899.707
146.502	211.408	80.096	19.979	100.478	20.148	0.605	0.967	899.728
147.002	211.923	80.099	19.978	100.473	20.146	0.800	1.022	899.759
147.502	212.426	80.099	19.979	100.471	20.146	0.936	1.018	899.732
148.003	212.924	80.098	19.979	100.470	20.147	0.752	1.001	899.748
148.503	213.448	80.096	19.978	100.478	20.151	0.496	1.021	899.743
149.003	213.926	80.097	19.978	100.472	20.149	0.647	1.002	899.746
149.503	214.424	80.097	19.978	100.472	20.150	0.426	0.977	899.760
150.002	214.943	80.099	19.979	100.477	20.149	0.435	1.017	899.719
150.502	215.439	80.098	19.979	100.486	20.148	0.498	1.015	899.760
151.002	215.944	80.099	19.979	100.485	20.149	0.433	1.001	899.726
151.502	216.457	80.099	19.979	100.482	20.146	0.695	1.017	899.734
152.003	216.970	80.097	19.978	100.480	20.150	0.312	1.026	899.754
152.502	217.485	80.100	19.978	100.479	20.150	0.304	1.028	899.767
153.003	217.943	80.098	19.979	100.476	20.148	0.599	0.973	899.713
153.503	218.488	80.098	19.978	100.471	20.147	0.894	1.003	899.713
154.003	218.992	80.097	19.978	100.466	20.148	0.880	1.050	899.721
154.502	219.498	80.097	19.977	100.458	20.151	0.658	1.010	899.756
155.002	219.984	80.098	19.977	100.455	20.151	0.709	0.991	899.750
155.503	220.506	80.096	19.978	100.451	20.151	0.682	1.008	899.721
156.002	221.005	80.096	19.978	100.451	20.149	0.883	1.022	899.752
156.502	221.492	80.098	19.978	100.457	20.153	0.462	0.986	899.751
157.002	222.022	80.096	19.978	100.467	20.152	0.618	1.017	899.737
157.502	222.523	80.097	19.978	100.469	20.154	0.418	1.031	899.742
158.002	223.008	80.099	19.978	100.469	20.155	0.346	0.986	899.749
158.503	223.522	80.098	19.979	100.470	20.153	0.551	0.998	899.738
159.003	224.046	80.099	19.979	100.468	20.152	0.649	1.038	899.745
159.503	224.553	80.097	19.980	100.467	20.150	0.704	1.031	899.748
160.003	225.066	80.096	19.979	100.469	20.155	0.206	1.019	899.737
160.503	225.547	80.098	19.978	100.462	20.155	0.178	0.994	899.736
161.003	226.079	80.097	19.979	100.453	20.155	0.203	1.013	899.765
161.503	226.566	80.096	19.979	100.446	20.156	0.031	1.018	899.784
162.003	227.093	80.097	19.978	100.441	20.153	0.364	1.014	899.749
162.503	227.589	80.095	19.978	100.436	20.157	0.047	1.023	899.782
163.003	228.110	80.097	19.977	100.442	20.158	-0.014	1.017	899.746
163.503	228.601	80.098	19.978	100.449	20.155	0.436	1.013	899.760
164.002	229.102	80.097	19.980	100.445	20.153	0.629	0.992	899.742
164.502	229.595	80.098	19.979	100.442	20.153	0.654	0.994	899.749
165.002	230.089	80.096	19.979	100.442	20.155	0.508	0.986	899.773
165.503	230.595	80.096	19.979	100.437	20.153	0.694	1.000	899.756
166.003	231.135	80.096	19.978	100.436	20.155	0.549	1.047	899.780
166.502	231.632	80.096	19.979	100.445	20.153	0.725	1.038	899.784
167.002	232.120	80.099	19.979	100.450	20.157	0.270	0.985	899.782
167.502	232.641	80.098	19.978	100.449	20.151	0.882	1.009	899.740
168.003	233.132	80.095	19.979	100.452	20.153	0.763	1.011	899.776
168.503	233.619	80.099	19.979	100.452	20.159	0.224	0.978	899.790
169.002	234.147	80.097	19.979	100.450	20.158	0.199	1.016	899.756
169.503	234.620	80.095	19.979	100.448	20.156	0.440	1.001	899.769
170.003	235.093	80.095	19.979	100.446	20.156	0.491	0.945	899.739
170.502	235.616	80.095	19.980	100.440	20.151	0.959	0.997	899.737
171.002	236.115	80.096	19.979	100.436	20.155	0.453	1.022	899.748
171.502	236.662	80.097	19.978	100.433	20.158	0.185	1.045	899.773
172.003	237.100	80.095	19.978	100.430	20.156	0.546	0.984	899.770
172.503	237.652	80.095	19.979	100.430	20.156	0.606	0.990	899.790
173.003	238.170	80.094	19.978	100.431	20.153	0.880	1.070	899.801
173.503	238.649	80.094	19.978	100.430	20.154	0.741	0.997	899.781
174.003	239.147	80.096	19.977	100.430	20.156	0.601	0.977	899.777
174.503	239.636	80.096	19.977	100.432	20.156	0.650	0.987	899.780
175.003	240.153	80.095	19.978	100.430	20.155	0.658	1.007	899.747
175.503	240.631	80.095	19.979	100.427	20.157	0.338	0.996	899.785
176.002	241.144	80.096	19.979	100.428	20.156	0.348	0.990	899.805
176.503	241.651	80.098	19.978	100.431	20.155	0.399	1.019	899.757
177.003	242.153	80.098	19.978	100.429	20.156	0.426	1.009	899.781
177.503	242.643	80.096	19.978	100.428	20.158	0.196	0.992	899.788
178.002	243.179	80.097	19.979	100.428	20.156	0.374	1.026	899.780
178.503	243.674	80.096	19.978	100.433	20.159	0.072	1.031	899.779
179.003	244.160	80.097	19.978	100.430	20.156	0.469	0.981	899.786
179.502	244.684	80.099	19.979	100.423	20.158	0.311	1.010	899.770
180.003	245.169	80.098	19.978	100.421	20.155	0.574	1.009	899.760
180.503	245.658	80.098	19.979	100.423	20.159	0.201	0.974	899.781
181.003	246.172	80.097	19.980	100.417	20.160	0.174	1.002	899.786
181.503	246.682	80.096	19.979	100.422	20.161	0.060	1.025	899.768
182.003	247.203	80.098	19.980	100.423	20.157	0.520	1.032	899.795
182.502	247.701	80.097	19.979	100.429	20.160	0.289	1.019	899.788
183.003	248.179	80.098	19.979	100.430	20.161	0.207	0.976	899.787
183.503	248.670	80.098	19.979	100.437	20.163	-0.006	0.969	899.784
184.003	249.209	80.095	19.979	100.432	20.160	0.224	1.030	899.780
184.503	249.722	80.095	19.978	100.436	20.164	-0.049	1.051	899.802
185.004	250.246	80.098	19.980	100.432	20.162	-0.039	1.036	899.806
185.504	250.743	80.097	19.979	100.432	20.160	0.237	1.022	899.800
186.003	251.232	80.098	19.979	100.428	20.160	0.194	0.987	899.795
186.502	251.739	80.099	19.980	100.428	20.162	0.093	0.996	899.803
187.003	252.226	80.099	19.979	100.424	20.163	-0.007	0.993	899.820
187.503	252.727	80.100	19.980	100.429	20.161	0.302	0.988	899.788
188.003	253.222	80.097	19.978	100.426	20.158	0.680	0.996	899.816
188.503	253.710	80.097	19.978	100.423	20.157	0.718	0.983	899.806
189.003	254.237	80.098	19.979	100.423	20.162	0.265	1.014	899.791
189.503	254.721	80.097	19.978	100.420	20.159	0.608	1.010	899.793
190.004	255.249	80.098	19.979	100.416	20.161	0.439	1.011	899.816
190.504	255.755	80.100	19.979	100.415	20.162	0.324	1.034	899.824
191.003	256.240	80.098	19.979	100.418	20.160	0.618	0.992	899.804
191.502	256.740	80.100	19.979	100.416	20.162	0.422	0.986	899.830
192.003	257.227	80.099	19.980	100.421	20.163	0.217	0.987	899.829
192.503	257.769	80.099	19.979	100.424	20.161	0.442	1.029	899.833
193.002	258.291	80.099	19.979	100.421	20.160	0.578	1.064	899.818
193.503	258.763	80.097	19.979	100.417	20.166	-0.004	0.993	899.819
194.003	259.264	80.096	19.979	100.417	20.162	0.446	0.973	899.809
194.503	259.763	80.097	19.980	100.415	20.166	0.210	1.000	899.815
195.003	260.289	80.096	19.980	100.409	20.164	0.409	1.025	899.841
195.503	260.769	80.098	19.980	100.409	20.165	0.316	1.006	899.792
196.003	261.285	80.100	19.981	100.410	20.166	0.284	0.996	899.858
196.503	261.776	80.097	19.980	100.404	20.163	0.451	1.007	899.842
197.003	262.296	80.097	19.980	100.405	20.162	0.491	1.010	899.801
197.503	262.773	80.097	19.981	100.403	20.164	0.291	0.996	899.856
198.003	263.309	80.097	19.980	100.401	20.165	0.103	1.013	899.837
198.503	263.733	80.096	19.980	100.398	20.163	0.186	0.961	899.815
199.003	264.298	80.096	19.979	100.403	20.163	0.194	0.990	899.812
199.502	264.789	80.097	19.979	100.402	20.163	0.206	1.055	899.846
200.003	265.287	80.098	19.980	100.402	20.165	-0.016	0.988	899.791
200.503	265.777	80.097	19.979	100.403	20.163	0.107	0.988	899.829
201.003	266.288	80.097	19.979	100.399	20.163	0.043	1.001	899.852
201.503	266.801	80.096	19.979	100.391	20.162	0.059	1.025	899.842
202.003	267.290	80.095	19.979	100.388	20.162	0.065	1.002	899.843
202.504	267.782	80.096	19.978	100.388	20.162	0.256	0.980	899.841
203.004	268.269	80.097	19.978	100.384	20.162	0.239	0.979	899.827
203.503	268.766	80.099	19.979	100.388	20.164	0.098	0.985	899.849
204.003	269.286	80.097	19.978	100.394	20.164	0.277	1.017	899.850
204.503	269.773	80.096	19.978	100.394	20.166	0.067	1.006	899.851
205.003	270.270	80.097	19.979	100.398	20.166	0.140	0.984	899.837
205.503	270.753	80.097	19.980	100.407	20.164	0.165	0.982	899.818
206.003	271.251	80.098	19.979	100.404	20.165	0.056	0.981	899.832
206.503	271.770	80.101	19.978	100.404	20.167	-0.019	1.016	899.849
207.003	272.284	80.098	19.979	100.410	20.164	0.243	1.032	899.804
207.503	272.775	80.098	19.979	100.409	20.163	0.422	1.005	899.830
208.003	273.249	80.097	19.979	100.409	20.164	0.386	0.965	899.835
208.503	273.759	80.097	19.980	100.418	20.164	0.564	0.983	899.835
209.003	274.259	80.098	19.979	100.420	20.162	0.751	1.010	899.820
209.503	274.738	80.097	19.979	100.414	20.160	0.856	0.979	899.842
210.003	275.272	80.097	19.979	100.412	20.165	0.473	1.012	899.826
210.503	275.757	80.098	19.979	100.406	20.164	0.559	1.018	899.831
211.003	276.264	80.098	19.979	100.398	20.168	0.154	0.992	899.827
211.504	276.768	80.096	19.978	100.393	20.166	0.348	1.011	899.849
212.003	277.259	80.100	19.978	100.395	20.170	0.032	0.996	899.826
212.503	277.781	80.098	19.979	100.396	20.166	0.470	1.014	899.859
213.003	278.283	80.097	19.979	100.401	20.168	0.173	1.024	899.839
213.503	278.781	80.095	19.979	100.403	20.168	0.042	1.000	899.853
214.003	279.298	80.095	19.980	100.399	20.167	0.101	1.014	899.851
214.503	279.765	80.096	19.980	100.395	20.165	0.358	0.984	899.807
215.003	280.286	80.095	19.980	100.392	20.166	0.426	0.989	899.853
215.503	280.781	80.095	19.980	100.382	20.167	0.371	1.016	899.838
216.003	281.303	80.096	19.979	100.375	20.167	0.445	1.017	899.843
216.503	281.800	80.094	19.980	100.384	20.169	0.302	1.019	899.841
217.003	282.287	80.095	19.979	100.385	20.164	0.796	0.983	899.859
217.503	282.809	80.098	19.978	100.380	20.168	0.351	1.009	899.856
218.003	283.288	80.097	19.979	100.379	20.167	0.367	1.002	899.841
218.503	283.784	80.098	19.979	100.383	20.167	0.410	0.974	899.856
219.003	284.301	80.097	19.978	100.374	20.166	0.444	1.013	899.887
219.503	284.796	80.097	19.979	100.376	20.166	0.365	1.012	899.855
220.004	285.296	80.098	19.979	100.380	20.164	0.572	0.995	899.853
220.503	285.795	80.097	19.978	100.384	20.167	0.244	1.000	899.849
221.003	286.308	80.097	19.977	100.386	20.166	0.378	1.011	899.873
221.503	286.795	80.096	19.978	100.392	20.165	0.472	1.000	899.816
222.003	287.294	80.094	19.979	100.384	20.170	0.018	0.986	899.844
222.503	287.781	80.096	19.979	100.377	20.166	0.390	0.985	899.851
223.004	288.255	80.100	19.978	100.373	20.163	0.648	0.960	899.853
223.503	288.793	80.099	19.979	100.368	20.164	0.534	1.013	899.840
224.003	289.267	80.097	19.979	100.364	20.165	0.453	1.013	899.828
224.503	289.772	80.097	19.978	100.369	20.168	0.184	0.978	899.866
225.003	290.271	80.096	19.979	100.374	20.164	0.553	1.004	899.841
225.503	290.783	80.098	19.979	100.373	20.168	0.123	1.012	899.823
226.003	291.311	80.097	19.979	100.376	20.168	0.163	1.039	899.849
226.504	291.808	80.098	19.979	100.378	20.171	-0.146	1.023	899.850
227.004	292.316	80.099	19.979	100.381	20.170	-0.126	1.005	899.842
227.504	292.818	80.096	19.979	100.382	20.171	-0.167	1.011	899.886
228.003	293.306	80.099	19.980	100.383	20.169	0.164	0.990	899.818
228.503	293.816	80.099	19.979	100.382	20.175	-0.257	0.998	899.845
229.003	294.288	80.099	19.980	100.380	20.167	0.511	0.983	899.842
229.503	294.783	80.097	19.981	100.379	20.170	0.231	0.967	899.867
230.004	295.302	80.096	19.980	100.379	20.169	0.364	1.013	899.876
230.504	295.792	80.098	19.981	100.382	20.168	0.414	1.009	899.842
231.003	296.313	80.098	19.981	100.381	20.167	0.451	1.011	899.865
231.503	296.803	80.097	19.980	100.379	20.168	0.348	1.011	899.845
232.004	297.290	80.098	19.979	100.379	20.168	0.392	0.977	899.845
232.503	297.796	80.098	19.980	100.382	20.169	0.287	0.993	899.847
233.003	298.340	80.097	19.980	100.384	20.169	0.285	1.050	899.854
233.503	298.825	80.101	19.980	100.385	20.170	0.189	1.030	899.862
234.003	299.327	80.099	19.979	100.385	20.168	0.301	0.987	899.877
234.503	299.785	80.098	19.978	100.387	20.168	0.360	0.959	899.862
235.004	300.326	80.097	19.980	100.379	20.167	0.363	0.999	899.893
235.503	300.804	80.097	19.979	100.370	20.171	-0.017	1.020	899.870
236.003	301.316	80.098	19.980	100.365	20.169	0.214	0.990	899.879
236.504	301.817	80.097	19.980	100.367	20.168	0.314	1.012	899.876
237.003	302.318	80.097	19.980	100.362	20.169	0.201	1.003	899.863
237.503	302.820	80.099	19.979	100.364	20.167	0.391	1.003	899.871
238.004	303.303	80.097	19.979	100.368	20.169	0.316	0.984	899.854
238.504	303.798	80.097	19.979	100.374	20.171	0.176	0.978	899.853
239.003	304.309	80.099	19.980	100.371	20.169	0.292	1.006	899.865
239.503	304.814	80.098	19.979	100.370	20.160	1.227	1.015	899.902
240.004	305.345	80.098	19.980	100.372	20.168	0.391	1.036	899.866
240.503	305.802	80.097	19.980	100.371	20.167	0.577	0.988	899.860
241.003	306.330	80.098	19.979	100.368	20.170	0.367	0.985	899.848
241.504	306.788	80.097	19.979	100.372	20.167	0.604	0.986	899.844
242.003	307.295	80.096	19.980	100.372	20.172	0.242	0.965	899.868
242.503	307.782	80.096	19.979	100.374	20.169	0.513	0.994	899.861
243.003	308.337	80.098	19.979	100.376	20.162	1.246	1.042	899.896
243.503	308.804	80.096	19.978	100.373	20.163	1.066	1.023	899.869
244.003	309.305	80.097	19.979	100.371	20.170	0.341	0.968	899.862
244.503	309.823	80.098	19.979	100.372	20.165	0.840	1.018	899.854
245.003	310.306	80.098	19.978	100.370	20.164	0.915	1.001	899.867
245.503	310.828	80.097	19.979	100.368	20.166	0.672	1.005	899.875
246.003	311.297	80.096	19.979	100.369	20.167	0.645	0.991	899.864
246.503	311.832	80.096	19.978	100.369	20.165	0.821	1.004	899.849
247.003	312.304	80.097	19.979	100.367	20.166	0.739	1.007	899.862
247.503	312.829	80.096	19.980	100.367	20.160	1.326	0.997	899.905
248.004	313.292	80.097	19.979	100.364	20.167	0.762	0.988	899.897
248.503	313.855	80.098	19.979	100.360	20.164	1.084	1.026	899.892
249.003	314.337	80.099	19.979	100.356	20.169	0.540	1.045	899.898
249.504	314.855	80.101	19.980	100.357	20.172	0.208	1.000	899.886
250.004	315.331	80.100	19.977	100.356	20.165	0.825	0.995	899.890
250.503	315.794	80.102	19.978	100.356	20.166	0.666	0.940	899.922
251.004	316.320	80.100	19.978	100.361	20.166	0.583	0.988	899.895
251.504	316.825	80.098	19.979	100.358	20.161	1.138	1.030	899.901
252.004	317.299	80.099	19.978	100.356	20.168	0.424	0.979	899.893
252.504	317.807	80.100	19.979	100.358	20.163	0.922	0.982	899.898
253.004	318.308	80.098	19.980	100.363	20.161	1.172	1.009	899.895
253.504	318.820	80.098	19.979	100.362	20.162	1.064	1.013	899.892
254.004	319.293	80.100	19.978	100.361	20.159	1.410	0.985	899.904
254.504	319.815	80.099	19.979	100.361	20.165	0.756	0.995	899.866
255.004	320.331	80.100	19.978	100.358	20.165	0.689	1.039	899.876
255.503	320.789	80.101	19.978	100.351	20.164	0.806	0.975	899.872
256.003	321.315	80.101	19.978	100.352	20.162	1.084	0.984	899.916
256.503	321.845	80.101	19.978	100.355	20.166	0.637	1.056	899.857
257.003	322.319	80.100	19.979	100.358	20.162	1.202	1.004	899.886
257.503	322.825	80.102	19.979	100.360	20.165	1.064	0.979	899.876
258.004	323.340	80.101	19.978	100.366	20.170	0.679	1.020	899.913
258.503	323.842	80.098	19.979	100.370	20.166	1.064	1.017	899.880
259.003	324.319	80.099	19.979	100.367	20.166	1.146	0.979	899.954
259.503	324.778	80.099	19.979	100.367	20.168	1.114	0.937	899.930
260.003	325.316	80.098	19.978	100.365	20.170	0.855	0.998	899.924
260.503	325.827	80.101	19.978	100.363	20.169	0.967	1.049	899.917
261.003	326.316	80.100	19.980	100.361	20.171	0.762	1.000	899.907
261.504	326.820	80.100	19.979	100.365	20.168	0.977	0.992	899.875
262.004	327.312	80.098	19.979	100.367	20.170	0.760	0.996	899.946
262.504	327.832	80.097	19.980	100.367	20.169	0.863	1.012	899.889
263.004	328.347	80.097	19.979	100.368	20.167	1.031	1.035	899.905
263.504	328.818	80.096	19.979	100.364	20.171	0.559	0.987	899.916
264.004	329.327	80.092	19.981	100.363	20.167	0.990	0.980	899.874
264.504	329.815	80.095	19.980	100.354	20.170	0.793	0.996	899.920
265.004	330.320	80.095	19.979	100.345	20.167	1.030	0.992	899.922
265.504	330.830	80.095	19.978	100.341	20.169	0.875	1.016	899.949
266.003	331.313	80.096	19.978	100.340	20.167	1.060	0.993	899.915
266.504	331.810	80.095	19.978	100.331	20.167	1.103	0.980	899.924
267.004	332.327	80.096	19.979	100.330	20.162	1.609	1.014	899.891
267.504	332.809	80.096	19.978	100.333	20.165	1.318	0.999	899.896
268.004	333.328	80.096	19.978	100.331	20.164	1.480	1.002	899.886
268.503	333.837	80.098	19.978	100.332	20.162	1.646	1.030	899.915
269.003	334.325	80.096	19.978	100.339	20.166	1.292	0.997	899.918
269.504	334.849	80.096	19.978	100.339	20.164	1.422	1.011	899.892
270.003	335.309	80.097	19.978	100.340	20.165	1.273	0.984	899.935
270.504	335.823	80.097	19.978	100.343	20.167	1.059	0.974	899.949
271.004	336.324	80.098	19.978	100.340	20.161	1.654	1.016	899.929
271.503	336.810	80.100	19.977	100.338	20.164	1.270	0.987	899.944
272.003	337.321	80.099	19.978	100.342	20.156	2.107	0.996	899.925
272.504	337.834	80.099	19.978	100.340	20.158	1.852	1.023	899.916
273.004	338.318	80.098	19.977	100.338	20.160	1.667	0.997	899.932
273.504	338.791	80.098	19.978	100.338	20.161	1.536	0.957	899.941
274.004	339.330	80.100	19.977	100.335	20.164	1.340	1.012	899.894
274.503	339.817	80.096	19.977	100.332	20.169	0.859	1.027	899.908
275.004	340.310	80.098	19.978	100.329	20.160	1.838	0.979	899.942
275.504	340.823	80.099	19.978	100.330	20.168	1.161	1.006	899.918
276.004	341.301	80.096	19.978	100.330	20.160	1.988	0.992	899.924
276.504	341.846	80.098	19.979	100.330	20.166	1.499	1.023	899.932
277.004	342.323	80.099	19.978	100.336	20.168	1.292	1.021	899.928
277.504	342.832	80.097	19.978	100.337	20.166	1.311	0.986	899.922
278.004	343.332	80.098	19.978	100.335	20.161	1.760	1.009	899.940
278.505	343.831	80.096	19.978	100.338	20.164	1.467	0.999	899.951
279.005	344.319	80.098	19.979	100.340	20.164	1.310	0.988	899.944
279.504	344.842	80.100	19.978	100.337	20.163	1.322	1.012	899.950
280.004	345.334	80.097	19.978	100.340	20.171	0.634	1.015	899.951
280.504	345.809	80.096	19.979	100.342	20.161	1.691	0.967	899.944
281.004	346.354	80.099	19.979	100.339	20.167	1.277	1.020	899.930
281.504	346.804	80.097	19.978	100.338	20.168	1.219	0.995	899.946
282.004	347.364	80.099	19.980	100.335	20.162	1.867	1.011	899.922
282.503	347.865	80.099	19.978	100.329	20.165	1.566	1.062	899.892
283.004	348.325	80.097	19.978	100.324	20.168	1.268	0.960	899.916
283.505	348.849	80.098	19.979	100.320	20.169	1.184	0.983	899.917
284.005	349.318	80.097	19.978	100.315	20.164	1.561	0.994	899.934
284.504	349.784	80.098	19.978	100.320	20.163	1.559	0.936	899.943
285.004	350.355	80.099	19.978	100.327	20.167	1.240	1.037	899.942
285.504	350.814	80.095	19.976	100.333	20.157	2.294	1.029	899.933
286.004	351.370	80.098	19.979	100.337	20.168	1.365	1.015	899.941
286.504	351.818	80.097	19.978	100.342	20.163	1.865	1.004	899.962
287.004	352.281	80.097	19.978	100.342	20.162	1.982	0.911	899.963
287.504	352.809	80.098	19.977	100.339	20.162	1.989	0.992	899.960
288.004	353.325	80.098	19.977	100.333	20.167	1.498	1.044	899.981
288.503	353.807	80.097	19.978	100.326	20.160	2.001	0.997	899.994
289.004	354.284	80.095	19.978	100.319	20.162	1.856	0.958	899.981
289.504	354.818	80.095	19.977	100.315	20.167	1.446	1.011	899.988
290.004	355.295	80.097	19.979	100.314	20.156	2.526	1.011	900.012
290.504	355.837	80.099	19.979	100.319	20.157	2.497	1.019	899.963
291.004	356.320	80.098	19.979	100.327	20.148	3.307	1.025	899.975
291.504	356.804	80.099	19.979	100.331	20.156	2.508	0.967	899.977
292.004	357.333	80.096	19.978	100.331	20.161	1.975	1.011	899.978
292.505	357.826	80.096	19.979	100.325	20.149	3.063	1.020	899.986
293.005	358.286	80.099	19.979	100.316	20.152	2.702	0.953	899.984
293.505	358.813	80.098	19.978	100.313	20.160	1.879	0.989	899.983
294.004	359.301	80.097	19.978	100.312	20.161	1.752	1.016	899.997
294.504	359.811	80.096	19.979	100.312	20.159	2.106	0.997	899.994
295.005	360.278	80.095	19.979	100.314	20.161	1.949	0.977	900.014
295.504	360.814	80.095	19.980	100.317	20.159	2.238	1.004	899.942
296.004	361.289	80.094	19.979	100.321	20.151	3.106	1.012	899.998
296.503	361.811	80.094	19.979	100.322	20.158	2.577	0.997	900.006
297.004	362.321	80.096	19.980	100.315	20.154	2.922	1.030	899.984
297.504	362.827	80.095	19.980	100.315	20.153	2.958	1.015	899.991
298.004	363.294	80.096	19.979	100.312	20.148	3.518	0.974	900.025
298.504	363.811	80.099	19.979	100.310	20.156	2.770	0.985	899.990
299.004	364.312	80.099	19.979	100.312	20.157	2.609	1.018	899.977
299.504	364.796	80.095	19.978	100.321	20.147	3.589	0.985	900.057
300.004	365.302	80.098	19.979	100.326	20.159	2.397	0.990	899.992
300.504	365.827	80.099	19.979	100.330	20.149	3.319	1.030	899.970
301.004	366.379	80.098	19.978	100.332	20.148	3.388	1.078	899.945
301.504	366.837	80.098	19.979	100.329	20.150	3.222	1.011	899.983
302.004	367.275	80.099	19.980	100.322	20.150	3.201	0.896	900.023
302.504	367.882	80.098	19.979	100.317	20.145	3.624	1.045	899.963
303.004	368.353	80.096	19.980	100.312	20.155	2.646	1.077	899.983
303.504	368.824	80.098	19.978	100.303	20.143	3.848	0.941	900.009
304.005	369.298	80.099	19.978	100.302	20.146	3.485	0.944	900.006
304.505	369.808	80.099	19.977	100.305	20.145	3.597	0.984	900.004
305.005	370.285	80.098	19.977	100.304	20.140	4.071	0.987	900.007
305.505	370.797	80.097	19.978	100.302	20.147	3.418	0.990	900.049
306.004	371.320	80.096	19.977	100.304	20.142	3.977	1.036	899.999
306.504	371.789	80.097	19.977	100.302	20.141	4.057	0.992	899.989
307.004	372.305	80.095	19.978	100.302	20.140	4.297	0.985	899.973
307.504	372.795	80.094	19.977	100.304	20.137	4.672	1.006	899.989
308.004	373.309	80.096	19.978	100.310	20.138	4.665	1.004	900.015
308.504	373.805	80.096	19.979	100.310	20.131	5.312	1.010	900.040
309.004	374.271	80.098	19.979	100.313	20.145	3.977	0.963	900.052
309.504	374.804	80.099	19.978	100.311	20.132	5.295	1.000	900.015
310.004	375.295	80.098	19.978	100.310	20.128	5.652	1.023	900.042
310.504	375.823	80.097	19.978	100.312	20.133	5.055	1.018	900.003
311.004	376.332	80.097	19.979	100.314	20.127	5.602	1.037	900.023
311.504	376.806	80.097	19.978	100.315	20.133	5.132	0.983	900.008
312.004	377.318	80.098	19.979	100.314	20.126	5.816	0.986	900.035
312.504	377.786	80.097	19.980	100.314	20.128	5.653	0.979	900.000
313.005	378.281	80.095	19.976	100.312	20.118	6.679	0.963	900.028
313.505	378.811	80.098	19.978	100.309	20.122	6.185	1.025	900.021
314.005	379.335	80.096	19.979	100.307	20.119	6.464	1.055	900.019
314.504	379.829	80.098	19.978	100.303	20.108	7.488	1.019	900.040
315.004	380.312	80.100	19.979	100.296	20.111	7.198	0.976	900.000
315.504	380.771	80.098	19.979	100.292	20.107	7.500	0.941	900.024
316.005	381.293	80.095	19.977	100.293	20.099	8.191	0.981	900.011
316.505	381.792	80.095	19.978	100.290	20.095	8.570	1.021	900.034
317.004	382.286	80.096	19.978	100.293	20.097	8.397	0.994	900.019
317.504	382.790	80.097	19.978	100.297	20.097	8.270	0.998	900.011
318.004	383.286	80.094	19.979	100.299	20.090	8.796	0.999	900.029
318.505	383.819	80.096	19.979	100.296	20.086	9.123	1.029	900.010
319.005	384.262	80.094	19.977	100.296	20.088	8.930	0.976	900.073
319.505	384.840	80.095	19.979	100.293	20.080	9.773	1.022	900.004
320.004	385.346	80.097	19.978	100.290	20.079	9.850	1.085	900.013
320.504	385.818	80.097	19.979	100.289	20.067	10.855	0.977	900.066
321.005	386.332	80.098	19.978	100.293	20.065	11.108	0.986	900.025
321.504	386.763	80.096	19.978	100.297	20.055	12.042	0.946	900.031
322.004	387.264	80.097	19.978	100.299	20.053	12.181	0.932	900.016
322.505	387.780	80.097	19.977	100.302	20.027	14.599	1.017	900.043
323.004	388.303	80.097	19.976	100.304	20.043	13.010	1.039	900.029
323.504	388.794	80.096	19.977	100.305	20.015	15.674	1.013	900.006
324.005	389.286	80.096	19.976	100.306	20.012	15.943	0.982	900.082
324.505	389.838	80.098	19.979	100.307	20.005	16.565	1.044	900.012
325.005	390.309	80.097	19.979	100.313	20.003	16.885	1.024	900.063
325.504	390.782	80.098	19.979	100.321	19.976	19.477	0.945	900.039
326.004	391.307	80.099	19.979	100.321	19.967	20.332	0.998	900.025
326.504	391.795	80.098	19.978	100.322	19.962	20.816	1.013	900.036
327.004	392.275	80.098	19.978	100.323	19.930	23.941	0.969	900.049
327.504	392.791	80.098	19.979	100.323	19.919	24.960	0.997	900.088
328.004	393.315	80.099	19.979	100.324	19.894	27.265	1.039	900.043
328.504	393.801	80.098	19.977	100.325	19.877	28.907	1.010	900.058
329.004	394.249	80.099	19.979	100.328	19.841	32.544	0.934	900.074
329.504	394.788	80.099	19.978	100.337	19.803	36.277	0.987	900.053
330.005	395.276	80.098	19.978	100.335	19.781	38.597	1.027	900.071
330.505	395.801	80.098	19.978	100.335	19.719	44.785	1.013	900.088
331.004	396.298	80.101	19.978	100.340	19.676	49.116	1.023	900.058
331.504	396.779	80.099	19.977	100.345	19.640	52.695	0.979	900.102
332.004	397.300	80.098	19.977	100.343	19.628	54.022	1.003	900.103
332.504	397.825	80.097	19.977	100.344	19.574	59.385	1.046	900.044
333.004	398.234	80.096	19.978	100.337	19.543	62.636	0.933	900.104
333.505	398.810	80.097	19.977	100.337	19.493	67.774	0.983	900.034
334.006	399.293	80.096	19.977	100.335	19.453	72.144	1.059	900.071
334.505	399.747	80.096	19.978	100.335	19.439	73.880	0.939	900.071
335.004	400.227	80.096	19.978	100.342	19.408	77.149	0.935	900.160
335.504	400.768	80.096	19.978	100.348	19.372	80.831	1.021	900.082
336.005	401.282	80.099	19.979	100.341	19.333	84.809	1.055	900.078
336.504	401.738	80.099	19.977	100.334	19.292	88.752	0.970	900.118
337.004	402.278	80.097	19.977	100.328	19.237	93.989	0.997	900.078
337.504	402.786	80.097	19.978	100.314	19.179	99.561	1.048	900.095
338.004	403.301	80.098	19.978	100.302	19.113	106.003	1.022	900.057
338.505	403.786	80.099	19.979	100.293	19.076	109.692	1.000	900.130
339.005	404.302	80.099	19.978	100.286	19.066	110.632	1.001	900.069
339.504	404.813	80.098	19.977	100.276	19.066	110.470	1.027	900.080
340.004	405.235	80.097	19.977	100.266	19.088	108.150	0.933	900.119
340.504	405.832	80.098	19.977	100.250	19.133	103.642	1.019	900.086
341.005	406.347	80.098	19.979	100.225	19.138	102.832	1.112	900.006
341.505	406.832	80.098	19.978	100.194	19.127	103.459	1.000	900.074
342.005	407.229	80.100	19.978	100.169	19.116	104.228	0.881	900.152
342.505	407.787	80.100	19.979	100.155	19.084	107.160	0.954	900.074
343.005	408.257	80.097	19.977	100.144	19.030	112.164	1.029	900.102
343.505	408.772	80.095	19.977	100.141	18.966	118.127	0.986	900.114
344.004	409.271	80.099	19.980	100.144	18.875	126.827	1.014	900.092
344.505	409.735	80.097	19.980	100.143	18.786	135.344	0.963	900.165
345.005	410.269	80.097	19.978	100.137	18.690	144.697	0.999	900.132
345.505	410.809	80.098	19.979	100.130	18.614	152.136	1.075	900.112
346.004	411.300	80.098	19.979	100.124	18.567	156.782	1.030	900.100
346.505	411.756	80.095	19.975	100.125	18.544	158.980	0.947	900.152
347.005	412.240	80.101	19.979	100.135	18.541	159.089	0.941	900.139
347.505	412.756	80.098	19.978	100.149	18.541	158.656	1.000	900.134
348.005	413.311	80.099	19.978	100.167	18.536	158.543	1.070	900.059
348.505	413.775	80.098	19.977	100.194	18.484	162.783	1.019	900.090
349.005	414.257	80.096	19.977	100.214	18.391	171.067	0.947	900.137
349.505	414.789	80.099	19.979	100.228	18.257	183.737	1.014	900.085
350.005	415.301	80.099	19.978	100.235	18.108	198.198	1.044	900.117
350.505	415.734	80.095	19.977	100.242	17.976	211.376	0.945	900.155
351.005	416.259	80.099	19.977	100.245	17.864	222.832	0.959	900.122
351.504	416.786	80.101	19.980	100.248	17.792	230.451	1.052	900.087
352.005	417.258	80.098	19.979	100.249	17.723	237.611	0.998	900.134
352.505	417.691	80.098	19.980	100.240	17.645	245.197	0.904	900.126
353.005	418.246	80.097	19.979	100.226	17.561	253.119	0.988	900.112
353.505	418.753	80.099	19.979	100.210	17.485	260.043	1.063	900.129
354.005	419.242	80.099	19.978	100.209	17.396	268.249	0.996	900.142
354.504	419.732	80.100	19.978	100.227	17.285	278.515	0.979	900.127
355.004	420.208	80.101	19.979	100.263	17.165	289.658	0.967	900.131
355.504	420.698	80.098	19.979	100.311	17.029	302.699	0.966	900.128
356.004	421.176	80.098	19.977	100.367	16.892	315.771	0.967	900.158
356.505	421.719	80.100	19.978	100.392	16.755	328.962	1.021	900.133
357.005	422.219	80.098	19.978	100.387	16.618	342.106	1.043	900.152
357.505	422.720	80.099	19.977	100.357	16.481	355.255	1.001	900.146
358.004	423.197	80.101	19.978	100.305	16.350	367.833	0.978	900.180
358.505	423.692	80.099	19.978	100.241	16.209	381.221	0.971	900.128
359.005	424.213	80.097	19.978	100.193	16.071	394.305	1.016	900.208
359.505	424.708	80.096	19.979	100.166	15.923	408.237	1.016	900.167
360.005	425.190	80.096	19.977	100.168	15.770	422.607	0.978	900.149
360.505	425.671	80.097	19.977	100.185	15.604	438.215	0.964	900.161
361.004	426.194	80.096	19.979	100.208	15.429	454.856	1.003	900.135
361.505	426.625	80.096	19.977	100.226	15.241	472.658	0.954	900.157
362.005	427.149	80.098	19.978	100.241	15.057	490.117	0.955	900.164
362.505	427.651	80.096	19.978	100.241	14.882	506.830	1.026	900.178
363.005	428.160	80.100	19.977	100.230	14.694	524.801	1.011	900.179
363.505	428.607	80.100	19.978	100.218	14.504	542.741	0.956	900.176
364.005	429.115	80.097	19.978	100.200	14.309	561.055	0.956	900.167
364.504	429.609	80.097	19.977	100.179	14.110	579.725	1.002	900.149
365.005	430.065	80.097	19.976	100.159	13.914	597.922	0.949	900.192
365.505	430.574	80.096	19.976	100.155	13.719	616.036	0.965	900.150
366.005	431.104	80.097	19.977	100.145	13.527	633.862	1.039	900.154
366.505	431.595	80.095	19.977	100.141	13.321	653.158	1.021	900.156
367.005	432.068	80.096	19.977	100.138	13.117	672.295	0.964	900.189
367.505	432.556	80.096	19.978	100.138	12.908	691.817	0.962	900.179
368.005	433.041	80.096	19.979	100.124	12.701	711.202	0.973	900.177
368.505	433.535	80.097	19.978	100.106	12.484	731.303	0.978	900.169
369.005	434.035	80.099	19.979	100.087	12.265	751.617	0.995	900.193
369.505	434.531	80.097	19.979	100.059	12.046	771.904	0.996	900.207
370.005	434.980	80.095	19.977	100.019	11.831	791.608	0.945	900.134
370.505	435.495	80.094	19.978	99.985	11.633	809.838	0.964	900.188
371.005	435.965	80.094	19.978	99.968	11.430	828.515	0.985	900.190
371.505	436.455	80.096	19.978	99.952	11.216	848.188	0.960	900.186
372.005	436.954	80.095	19.978	99.941	10.999	868.142	0.989	900.178
372.505	437.433	80.096	19.977	99.941	10.787	887.652	0.978	900.211
373.005	437.935	80.097	19.977	99.931	10.566	906.958	0.981	900.195
373.505	438.434	80.095	19.977	99.910	10.349	925.805	1.001	900.201
374.005	438.939	80.098	19.977	99.885	10.135	944.789	1.004	900.218
374.505	439.396	80.098	19.978	99.852	9.925	963.612	0.962	900.212
375.005	439.901	80.097	19.978	99.811	9.716	982.486	0.962	900.200
375.505	440.371	80.096	19.977	99.783	9.512	1000.943	0.975	900.192
376.005	440.835	80.094	19.978	99.754	9.312	1020.021	0.935	900.209
376.505	441.362	80.096	19.978	99.729	9.121	1038.284	0.991	900.176
377.005	441.842	80.097	19.978	99.708	8.932	1056.049	1.008	900.200
377.505	442.301	80.095	19.979	99.691	8.761	1071.927	0.939	900.206
378.005	442.789	80.097	19.977	99.667	8.599	1086.718	0.947	900.216
378.505	443.293	80.096	19.977	99.642	8.454	1099.881	0.993	900.207
379.004	443.773	80.096	19.979	99.605	8.323	1111.636	0.984	900.205
379.505	444.280	80.099	19.978	99.571	8.194	1123.144	0.986	900.200
380.005	444.753	80.098	19.978	99.535	8.061	1134.881	0.979	900.215
380.505	445.236	80.097	19.979	99.618	7.924	1147.036	0.956	900.210
381.005	445.717	80.097	19.979	99.708	7.813	1156.916	0.964	900.195
381.505	446.228	80.096	19.978	99.761	7.726	1164.624	0.993	900.233
382.005	446.685	80.097	19.978	99.780	7.657	1170.802	0.967	900.183
382.505	447.190	80.096	19.977	99.770	7.606	1175.574	0.962	900.228
383.005	447.646	80.097	19.978	99.626	7.573	1179.121	0.961	900.239
383.505	448.167	80.097	19.977	99.456	7.559	1180.519	0.976	900.214
384.005	448.666	80.096	19.977	99.318	7.554	1180.896	1.020	900.234
384.505	449.163	80.097	19.979	99.214	7.575	1178.773	0.996	900.235
385.005	449.677	80.099	19.978	99.138	7.613	1175.181	1.012	900.228
385.505	450.125	80.098	19.979	99.085	7.671	1169.577	0.962	900.217
386.005	450.645	80.097	19.979	99.055	7.753	1161.279	0.967	900.225
386.505	451.132	80.097	19.978	99.042	7.847	1152.315	1.007	900.247
387.004	451.643	80.098	19.977	99.037	7.974	1140.622	0.998	900.223
387.505	452.139	80.100	19.977	99.030	8.107	1128.385	1.006	900.243
388.005	452.652	80.098	19.977	99.014	8.269	1113.583	1.009	900.238
388.505	453.127	80.097	19.979	98.997	8.439	1098.052	0.988	900.257
389.005	453.650	80.099	19.979	98.984	8.624	1080.981	0.998	900.269
389.505	454.164	80.098	19.978	98.971	8.848	1060.279	1.037	900.262
390.005	454.644	80.100	19.978	98.919	9.095	1037.365	0.993	900.307
390.506	455.168	80.102	19.978	98.811	9.370	1011.743	1.003	900.290
391.005	455.656	80.100	19.978	98.774	9.656	985.079	1.013	900.277
391.505	456.164	80.099	19.979	98.788	9.956	957.130	0.997	900.261
392.005	456.616	80.098	19.978	98.828	10.276	927.416	0.960	900.256
392.505	457.156	80.097	19.978	98.920	10.604	897.008	0.992	900.258
393.005	457.683	80.100	19.978	99.089	10.949	864.807	1.067	900.277
393.505	458.203	80.097	19.977	99.206	11.310	831.060	1.045	900.288
394.006	458.676	80.098	19.978	99.279	11.678	796.339	0.992	900.290
394.506	459.191	80.099	19.978	99.344	12.055	760.327	0.989	900.306
395.005	459.736	80.098	19.978	99.411	12.444	722.645	1.060	900.284
395.505	460.245	80.100	19.978	99.482	12.835	684.483	1.055	900.303
396.005	460.727	80.100	19.978	99.548	13.225	646.398	0.992	900.304
396.505	461.230	80.098	19.978	99.636	13.616	608.178	0.984	900.285
397.005	461.754	80.098	19.979	99.737	14.007	569.555	1.027	900.273
397.505	462.284	80.096	19.979	99.862	14.389	531.727	1.055	900.306
398.005	462.806	80.094	19.979	99.995	14.767	494.045	1.050	900.313
398.506	463.331	80.096	19.979	100.126	15.132	457.491	1.047	900.314
399.006	463.839	80.094	19.979	100.225	15.492	421.231	1.034	900.333
399.505	464.338	80.095	19.980	100.299	15.836	386.516	1.007	900.298
400.005	464.873	80.097	19.979	100.356	16.167	352.943	1.034	900.301
400.505	465.386	80.099	19.979	100.430	16.486	320.535	1.047	900.326
401.005	465.897	80.100	19.979	100.529	16.788	290.068	1.024	900.309
401.505	466.391	80.099	19.979	100.647	17.078	260.751	1.006	900.290
402.005	466.925	80.098	19.979	100.798	17.349	232.626	1.028	900.288
402.505	467.445	80.097	19.980	100.985	17.604	205.836	1.053	900.288
403.005	467.956	80.096	19.980	101.155	17.846	180.514	1.031	900.302
403.505	468.466	80.099	19.979	101.310	18.070	157.397	1.022	900.343
404.005	468.974	80.099	19.978	101.470	18.272	136.890	1.018	900.300
404.506	469.515	80.099	19.978	101.620	18.460	118.285	1.048	900.307
405.006	470.048	80.101	19.979	101.750	18.633	101.928	1.074	900.314
405.505	470.537	80.098	19.979	101.901	18.789	87.848	1.024	900.333
406.005	471.025	80.097	19.979	102.064	18.935	74.863	0.978	900.331
406.505	471.558	80.100	19.979	102.209	19.063	63.545	1.020	900.328
407.005	472.068	80.100	19.978	102.336	19.178	53.280	1.042	900.310
407.506	472.591	80.098	19.979	102.458	19.283	43.862	1.033	900.358
408.006	473.078	80.098	19.981	102.556	19.377	35.469	1.010	900.342
408.506	473.582	80.097	19.981	102.636	19.457	28.340	0.991	900.355
409.005	474.106	80.100	19.979	102.729	19.531	21.867	1.029	900.404
409.505	474.583	80.101	19.979	102.852	19.598	16.154	1.001	900.336
410.005	475.118	80.100	19.979	102.982	19.658	11.506	1.012	900.326
410.505	475.597	80.099	19.980	103.091	19.708	8.078	1.013	900.337
411.005	476.105	80.098	19.980	103.167	19.755	5.409	0.986	900.346
411.505	476.595	80.099	19.979	103.199	19.798	3.847	0.997	900.332
412.006	477.127	80.101	19.979	103.165	19.832	3.366	1.023	900.344
412.505	477.596	80.100	19.979	103.086	19.861	3.215	1.002	900.357
413.005	478.116	80.098	19.978	102.996	19.893	2.539	0.988	900.343
413.505	478.613	80.097	19.979	102.918	19.915	2.682	1.017	900.323
414.005	479.109	80.096	19.979	102.854	19.940	2.063	0.993	900.352
414.505	479.632	80.098	19.979	102.801	19.958	1.643	1.019	900.349
415.005	480.107	80.096	19.979	102.754	19.972	1.511	0.999	900.348
415.505	480.614	80.096	19.978	102.709	19.988	1.005	0.982	900.392
416.005	481.097	80.098	19.978	102.665	20.004	0.435	0.989	900.364
416.505	481.622	80.098	19.978	102.622	20.016	0.079	1.009	900.381
417.005	482.082	80.099	19.977	102.568	20.033	-0.706	0.986	900.370
417.505	482.605	80.101	19.978	102.494	20.041	-0.595	0.982	900.396
418.005	483.107	80.099	19.978	102.399	20.049	-0.428	1.026	900.373
418.505	483.640	80.100	19.977	102.272	20.058	-0.179	1.035	900.391
419.005	484.133	80.101	19.978	102.106	20.069	0.020	1.026	900.365
419.505	484.620	80.100	19.978	101.937	20.077	0.409	0.981	900.362
420.005	485.128	80.100	19.977	101.782	20.081	1.140	0.994	900.413
420.506	485.654	80.096	19.978	101.646	20.088	1.442	1.033	900.397
421.006	486.102	80.096	19.977	101.536	20.091	1.885	0.975	900.387
421.505	486.640	80.099	19.978	101.461	20.095	1.975	0.988	900.425
422.005	487.125	80.097	19.978	101.394	20.101	1.917	1.022	900.414
422.505	487.619	80.097	19.977	101.327	20.101	2.442	0.978	900.392
423.005	488.103	80.099	19.978	101.266	20.106	2.337	0.978	900.403
423.505	488.617	80.100	19.977	101.217	20.109	2.333	0.998	900.406
424.006	489.115	80.100	19.977	101.172	20.114	2.202	1.012	900.411
424.506	489.596	80.099	19.976	101.131	20.120	1.866	0.978	900.446
425.006	490.100	80.099	19.977	101.085	20.122	1.862	0.986	900.380
425.505	490.636	80.100	19.976	101.028	20.125	1.630	1.041	900.425
426.006	491.117	80.098	19.976	100.957	20.129	1.409	1.017	900.407
426.505	491.608	80.098	19.976	100.883	20.132	1.316	0.971	900.406
427.005	492.104	80.099	19.976	100.816	20.133	1.405	0.987	900.452
427.505	492.615	80.098	19.977	100.755	20.139	1.057	1.007	900.449
428.005	493.104	80.100	19.977	100.711	20.140	1.224	0.999	900.441
428.506	493.614	80.100	19.978	100.679	20.142	1.169	0.998	900.435
429.006	494.095	80.099	19.978	100.654	20.142	1.408	0.992	900.437
429.505	494.611	80.098	19.977	100.628	20.146	1.277	0.998	900.461
430.005	495.109	80.098	19.977	100.605	20.148	1.198	1.014	900.428
430.505	495.603	80.100	19.978	100.581	20.148	1.460	0.990	900.469
431.006	496.127	80.100	19.977	100.564	20.150	1.503	1.018	900.439
431.506	496.594	80.097	19.977	100.546	20.153	1.496	0.993	900.454
432.005	497.063	80.100	19.977	100.536	20.153	1.672	0.937	900.421
432.505	497.552	80.099	19.977	100.533	20.156	1.552	0.958	900.417
433.005	498.067	80.098	19.978	100.525	20.156	1.809	1.004	900.403
433.505	498.581	80.100	19.977	100.515	20.158	1.822	1.028	900.426
434.005	499.056	80.100	19.977	100.506	20.160	1.677	0.990	900.429
434.505	499.589	80.099	19.977	100.494	20.163	1.513	1.009	900.433
435.005	500.071	80.099	19.977	100.480	20.163	1.646	1.014	900.433
435.505	500.566	80.097	19.977	100.468	20.164	1.601	0.975	900.458
436.006	501.068	80.101	19.978	100.457	20.167	1.360	0.997	900.456
436.506	501.559	80.098	19.978	100.446	20.168	1.408	0.994	900.448
437.006	502.063	80.098	19.977	100.432	20.171	1.247	0.995	900.462
437.506	502.542	80.100	19.977	100.424	20.172	1.093	0.982	900.477
438.006	503.059	80.097	19.977	100.413	20.175	0.709	0.996	900.462
438.506	503.553	80.097	19.978	100.398	20.174	0.902	1.012	900.455
439.006	504.039	80.098	19.977	100.384	20.178	0.552	0.980	900.464
439.506	504.554	80.098	19.978	100.370	20.178	0.490	1.000	900.461
440.006	505.067	80.098	19.979	100.357	20.178	0.489	1.028	900.461
440.506	505.569	80.096	19.977	100.347	20.178	0.518	1.015	900.491
441.006	506.069	80.096	19.978	100.341	20.179	0.524	1.002	900.491
441.506	506.537	80.100	19.978	100.337	20.184	-0.025	0.969	900.511
442.006	507.060	80.097	19.978	100.332	20.187	-0.336	0.991	900.483
442.506	507.526	80.096	19.978	100.324	20.184	0.047	0.988	900.485
443.006	508.030	80.099	19.977	100.320	20.187	-0.264	0.970	900.446
443.505	508.535	80.097	19.977	100.315	20.186	-0.027	1.010	900.463
444.005	509.037	80.097	19.978	100.307	20.188	-0.133	1.007	900.469
444.505	509.528	80.098	19.977	100.308	20.190	-0.258	0.993	900.496
445.006	510.049	80.098	19.977	100.311	20.191	-0.253	1.011	900.522
445.506	510.558	80.097	19.978	100.312	20.193	-0.509	1.030	900.505
446.005	511.042	80.094	19.978	100.308	20.194	-0.594	0.994	900.502
446.506	511.551	80.093	19.978	100.311	20.197	-0.803	0.993	900.496
447.006	512.043	80.097	19.979	100.308	20.194	-0.541	1.000	900.470
447.506	512.559	80.096	19.979	100.305	20.192	-0.417	1.007	900.510
448.006	513.043	80.097	19.979	100.304	20.198	-0.978	1.000	900.470
448.505	513.557	80.097	19.978	100.307	20.196	-0.679	0.998	900.501
449.005	514.068	80.097	19.979	100.307	20.200	-0.920	1.025	900.493
449.505	514.549	80.098	19.979	100.307	20.195	-0.521	0.991	900.523
450.006	515.022	80.099	19.979	100.303	20.197	-0.730	0.954	900.488
450.505	515.525	80.097	19.979	100.300	20.196	-0.588	0.977	900.502
451.005	516.023	80.097	19.979	100.296	20.198	-0.655	1.001	900.503
451.506	516.568	80.097	19.978	100.291	20.200	-0.819	1.042	900.518
452.006	517.069	80.097	19.978	100.283	20.197	-0.514	1.046	900.514
452.505	517.536	80.099	19.980	100.281	20.199	-0.685	0.969	900.493
453.005	518.034	80.097	19.979	100.281	20.198	-0.577	0.965	900.513
453.506	518.543	80.095	19.978	100.282	20.198	-0.663	1.006	900.542
454.006	519.038	80.097	19.977	100.281	20.199	-0.757	1.004	900.523
454.506	519.527	80.097	19.977	100.284	20.197	-0.604	0.984	900.528
455.006	520.052	80.099	19.978	100.285	20.199	-0.791	1.015	900.508
455.506	520.537	80.099	19.978	100.283	20.200	-0.807	1.010	900.535
456.006	520.994	80.095	19.977	100.277	20.200	-0.747	0.942	900.515
456.506	521.545	80.097	19.978	100.273	20.199	-0.666	1.009	900.534
457.005	522.037	80.096	19.978	100.274	20.198	-0.534	1.043	900.531
457.506	522.504	80.095	19.978	100.274	20.199	-0.591	0.957	900.545
458.007	523.031	80.096	19.979	100.270	20.202	-0.898	0.994	900.536
458.506	523.516	80.096	19.978	100.267	20.200	-0.696	1.013	900.548
459.006	524.022	80.096	19.977	100.269	20.200	-0.697	0.992	900.544
459.505	524.516	80.094	19.976	100.264	20.197	-0.392	1.001	900.542
460.005	525.007	80.096	19.977	100.262	20.201	-0.736	0.984	900.525
460.506	525.479	80.098	19.978	100.265	20.199	-0.498	0.962	900.547
461.006	526.009	80.098	19.977	100.270	20.199	-0.432	1.002	900.540
461.506	526.476	80.097	19.977	100.270	20.203	-0.782	0.998	900.540
462.005	526.981	80.096	19.978	100.270	20.200	-0.456	0.972	900.518
462.506	527.492	80.096	19.977	100.269	20.202	-0.702	1.015	900.527
463.006	527.981	80.096	19.977	100.264	20.200	-0.514	1.001	900.544
463.506	528.497	80.094	19.978	100.259	20.202	-0.681	1.006	900.544
464.005	528.989	80.096	19.978	100.259	20.203	-0.837	1.007	900.559
464.506	529.507	80.097	19.977	100.260	20.204	-0.956	1.009	900.518
465.006	529.998	80.097	19.977	100.259	20.203	-0.907	1.008	900.537
465.506	530.488	80.095	19.977	100.257	20.205	-1.074	0.981	900.541
466.006	530.992	80.099	19.978	100.258	20.204	-1.052	0.994	900.550
466.506	531.491	80.098	19.978	100.257	20.202	-0.737	1.003	900.557
467.006	532.004	80.097	19.977	100.254	20.201	-0.588	1.012	900.534
467.506	532.481	80.098	19.979	100.254	20.201	-0.626	0.990	900.567
468.006	532.975	80.097	19.978	100.253	20.205	-1.033	0.971	900.586
468.506	533.494	80.097	19.978	100.250	20.202	-0.688	1.014	900.573
469.006	533.981	80.098	19.979	100.246	20.204	-0.897	1.007	900.575
469.506	534.478	80.098	19.978	100.248	20.202	-0.683	0.984	900.578
470.006	534.989	80.098	19.978	100.247	20.206	-1.092	1.008	900.581
470.506	535.478	80.099	19.978	100.247	20.206	-1.139	1.000	900.592
471.006	535.981	80.099	19.977	100.249	20.206	-1.062	0.992	900.595
471.506	536.484	80.102	19.978	100.253	20.205	-0.914	1.006	900.558
472.006	536.984	80.100	19.978	100.252	20.204	-0.829	1.003	900.601
472.506	537.458	80.100	19.977	100.253	20.208	-1.238	0.974	900.592
473.006	537.977	80.099	19.978	100.257	20.204	-0.808	0.992	900.587
473.506	538.475	80.097	19.977	100.254	20.205	-0.970	1.016	900.636
474.006	538.954	80.098	19.977	100.248	20.205	-1.036	0.977	900.579
474.507	539.471	80.094	19.977	100.247	20.206	-1.345	0.997	900.618
475.006	539.960	80.094	19.977	100.247	20.202	-0.970	1.007	900.606
475.506	540.456	80.096	19.977	100.246	20.207	-1.452	0.985	900.611
476.006	540.962	80.095	19.976	100.247	20.207	-1.468	1.001	900.645
476.506	541.473	80.096	19.976	100.251	20.207	-1.565	1.017	900.583
477.007	541.967	80.099	19.977	100.250	20.208	-1.515	1.005	900.611
477.506	542.463	80.097	19.978	100.250	20.208	-1.542	0.991	900.612
478.006	542.949	80.099	19.977	100.249	20.207	-1.396	0.982	900.606
478.506	543.473	80.099	19.978	100.246	20.205	-1.122	1.010	900.610
479.006	543.956	80.100	19.977	100.241	20.207	-1.132	1.008	900.629
479.506	544.495	80.100	19.977	100.244	0.000	0.000	1.022	900.623
480.006	544.948	80.099	19.978	100.246	0.000	0.000	0.991	900.617
480.506	545.470	80.100	19.978	100.244	0.000	0.000	0.974	900.639
481.006	545.991	80.098	19.978	100.248	0.000	0.000	1.043	900.645
481.506	546.484	80.097	19.978	100.258	0.000	0.000	1.013	900.682
482.007	546.952	80.100	19.978	100.261	0.000	0.000	0.961	900.645
482.507	547.465	80.101	19.979	100.261	0.000	0.000	0.983	900.666
483.006	547.967	80.101	19.978	100.265	0.000	0.000	1.016	900.630
483.506	548.477	80.099	19.977	100.268	0.000	0.000	1.012	900.637
484.006	548.981	80.099	19.978	100.265	0.000	0.000	1.014	900.665
484.506	549.459	80.100	19.977	100.261	0.000	0.000	0.982	900.657
485.006	549.979	80.100	19.977	100.260	0.000	0.000	0.998	900.655
485.506	550.462	80.097	19.978	100.258	0.000	0.000	1.003	900.670
486.006	550.973	80.098	19.978	100.251	0.000	0.000	0.994	900.642
486.506	551.496	80.100	19.978	100.243	0.000	0.000	1.034	900.653
487.006	551.942	80.097	19.978	100.241	0.000	0.000	0.969	900.684
487.506	552.473	80.100	19.978	100.240	0.000	0.000	0.977	900.675
488.006	552.962	80.099	19.978	100.236	0.000	0.000	1.021	900.658
488.506	553.439	80.097	19.978	100.238	0.000	0.000	0.966	900.667
489.006	553.953	80.099	19.978	100.244	0.000	0.000	0.990	900.658
