File Name:	PMMA_DE_10mm_60Kmin_4mg_R2.txt	Version: 8.3.7.3
Date:	14 Aug 2024
Operator:	KH
Test ID:	PMMA_DE_10mm_4mg_60K__R2
Sample ID:	PMMA_DE_10mm_4mg
Sample Mass (mg):	4.0200
Sample Cup Mass (mg):	182.3400
End Total Mass (mg):	0.0000
Heating Rate (C/s):	1.0000
Combuster Temperature (C):	900.0
N2 Flow Rate (cc/min):	80.0
O2 Flow Rate (cc/min):	20.0
Calibration File:	Coeff.txt
T Correction Coefficients:	0.308738730	0.013615500	0.000000000
Time Shift (s):	10.0
Pre-Test Comments:
Post-Test Comments:
Baseline Flow:	100.179
Baseline O2:	20.302
Instrument ID:	2700
@
Time (s)	Temperature (C)	N2 Flow (cc/min)	O2 Flow (cc/min)	Total Flow (cc/min)	Oxygen (%)	HRR (W/g)	Heating Rate (C/s)	Combustor Temp (C)
0.000	74.921	80.101	19.977	100.179	20.286	-7.770	-0.017	899.128
0.500	74.958	80.100	19.976	100.179	20.267	-6.591	-0.010	899.161
1.000	74.960	80.098	19.977	100.175	20.248	-5.280	0.039	899.144
1.500	75.007	80.100	19.976	100.186	20.228	-3.858	0.049	899.154
2.000	75.031	80.100	19.977	100.236	20.212	-2.670	0.070	899.157
2.500	75.098	80.100	19.977	100.315	20.202	-1.912	0.091	899.154
3.000	75.089	80.101	19.976	100.417	20.195	-1.378	0.058	899.130
3.500	75.153	80.099	19.977	100.530	20.186	-0.552	0.054	899.154
4.001	75.196	80.102	19.977	100.631	20.182	-0.290	0.107	899.148
4.500	75.266	80.104	19.976	100.696	20.181	-0.324	0.113	899.154
5.000	75.335	80.101	19.976	100.730	20.178	-0.562	0.139	899.121
5.500	75.412	80.100	19.976	100.753	20.178	-1.608	0.146	899.148
6.000	75.517	80.098	19.976	100.769	20.175	-2.699	0.182	899.143
6.500	75.611	80.098	19.977	100.783	20.175	-4.254	0.199	899.142
7.000	75.710	80.101	19.976	100.799	20.174	-5.818	0.193	899.118
7.500	75.801	80.100	19.976	100.814	20.176	-7.706	0.190	899.096
8.000	75.929	80.100	19.976	100.829	20.173	-8.813	0.219	899.074
8.500	76.043	80.101	19.976	100.840	20.176	-9.825	0.242	899.104
9.000	76.204	80.099	19.976	100.846	20.175	-10.134	0.276	899.095
9.500	76.315	80.101	19.977	100.848	20.177	-10.439	0.272	899.084
10.000	76.471	80.100	19.976	100.850	20.169	-9.737	0.267	899.139
10.500	76.637	80.099	19.976	100.843	20.160	-8.732	0.322	899.113
11.000	76.763	80.099	19.975	100.838	20.138	-6.649	0.291	899.092
11.501	76.939	80.099	19.977	100.841	20.111	-4.122	0.302	899.095
12.000	77.100	80.098	19.977	100.852	20.077	-1.075	0.337	899.092
12.500	77.257	80.100	19.976	100.891	20.053	1.327	0.318	899.062
13.000	77.477	80.097	19.975	100.977	20.032	3.331	0.377	899.074
13.500	77.705	80.098	19.975	101.088	20.022	4.628	0.448	899.095
14.000	77.951	80.099	19.974	101.210	20.017	5.453	0.475	899.096
14.500	78.185	80.098	19.975	101.340	20.017	5.916	0.480	899.062
15.000	78.488	80.099	19.976	101.453	20.020	6.141	0.537	899.095
15.500	78.769	80.098	19.976	101.518	20.024	6.290	0.584	899.083
16.000	79.090	80.097	19.976	101.558	20.026	6.577	0.602	899.085
16.500	79.395	80.094	19.975	101.574	20.034	6.371	0.626	899.087
17.000	79.701	80.096	19.976	101.572	20.042	6.167	0.611	899.072
17.500	80.092	80.097	19.976	101.554	20.048	6.017	0.698	899.049
18.000	80.432	80.097	19.975	101.531	20.058	5.615	0.731	899.053
18.500	80.800	80.097	19.976	101.503	20.064	5.449	0.708	899.066
19.000	81.191	80.099	19.977	101.476	20.076	4.799	0.759	899.087
19.500	81.557	80.100	19.977	101.442	20.074	5.094	0.757	899.077
20.000	81.973	80.098	19.977	101.408	20.080	4.888	0.782	899.074
20.500	82.354	80.099	19.977	101.379	20.087	4.594	0.796	899.025
21.000	82.792	80.102	19.976	101.345	20.095	4.212	0.819	899.036
21.500	83.227	80.099	19.976	101.312	20.101	3.885	0.874	899.037
22.000	83.663	80.097	19.976	101.282	20.108	3.586	0.871	899.050
22.500	84.074	80.098	19.976	101.250	20.112	3.497	0.846	899.040
23.000	84.530	80.098	19.977	101.217	20.119	3.048	0.868	899.041
23.500	84.971	80.099	19.976	101.192	20.121	3.051	0.897	899.032
24.000	85.402	80.098	19.976	101.162	20.123	3.018	0.871	899.043
24.500	85.861	80.098	19.976	101.134	20.125	2.965	0.890	899.035
25.000	86.334	80.099	19.976	101.111	20.132	2.521	0.932	899.022
25.500	86.819	80.099	19.976	101.088	20.133	2.510	0.957	899.045
26.000	87.305	80.102	19.977	101.064	20.140	2.091	0.970	898.983
26.500	87.779	80.102	19.977	101.049	20.143	1.938	0.961	899.006
27.000	88.284	80.101	19.976	101.039	20.149	1.563	0.979	899.022
27.500	88.776	80.099	19.976	101.022	20.154	1.252	0.996	899.021
28.000	89.216	80.098	19.976	101.006	20.160	0.910	0.932	899.023
28.500	89.746	80.099	19.977	100.992	20.162	0.924	0.971	898.979
29.000	90.241	80.099	19.977	100.979	20.161	1.055	1.025	899.008
29.500	90.743	80.098	19.977	100.960	20.162	1.138	0.996	899.018
30.000	91.251	80.101	19.977	100.952	20.164	1.174	1.010	899.010
30.500	91.751	80.100	19.978	100.945	20.167	1.139	1.008	899.001
31.000	92.228	80.098	19.978	100.934	20.171	0.909	0.978	899.002
31.500	92.743	80.101	19.978	100.926	20.169	1.170	0.992	899.011
32.000	93.256	80.101	19.979	100.922	20.172	1.197	1.027	899.011
32.500	93.755	80.099	19.978	100.912	20.172	1.263	1.012	899.023
33.000	94.260	80.099	19.977	100.907	20.173	1.305	1.005	898.994
33.500	94.775	80.100	19.977	100.902	20.174	1.353	1.020	898.992
34.000	95.298	80.101	19.977	100.894	20.176	1.238	1.038	898.975
34.500	95.837	80.100	19.977	100.884	20.181	0.899	1.062	899.000
35.000	96.351	80.099	19.977	100.880	20.183	0.705	1.053	898.962
35.500	96.873	80.101	19.977	100.873	20.185	0.584	1.036	899.002
36.001	97.398	80.100	19.978	100.865	20.189	0.358	1.047	898.992
36.500	97.922	80.100	19.977	100.856	20.192	0.246	1.049	898.973
37.000	98.458	80.101	19.977	100.845	20.192	0.487	1.060	898.978
37.501	98.969	80.100	19.977	100.830	20.193	0.497	1.047	899.019
38.001	99.519	80.099	19.977	100.817	20.193	0.552	1.062	898.985
38.500	100.046	80.100	19.976	100.812	20.196	0.492	1.078	898.958
39.001	100.543	80.098	19.976	100.804	20.197	0.434	1.022	898.995
39.501	101.084	80.101	19.978	100.791	20.195	0.661	1.038	899.010
40.001	101.613	80.100	19.978	100.783	20.195	0.734	1.071	898.978
40.501	102.147	80.098	19.977	100.775	20.196	0.766	1.062	898.980
41.001	102.670	80.100	19.977	100.767	20.195	0.919	1.057	898.984
41.500	103.192	80.099	19.977	100.765	20.197	0.846	1.047	898.969
42.000	103.743	80.099	19.977	100.769	20.202	0.565	1.073	898.975
42.501	104.281	80.101	19.978	100.767	20.199	0.867	1.088	898.981
43.001	104.775	80.101	19.978	100.766	20.201	0.754	1.033	898.954
43.500	105.327	80.100	19.977	100.756	20.202	0.778	1.047	898.957
44.000	105.870	80.100	19.977	100.743	20.204	0.732	1.095	898.971
44.500	106.375	80.100	19.977	100.733	20.204	0.824	1.048	898.976
45.000	106.892	80.102	19.977	100.726	20.199	1.324	1.021	898.969
45.501	107.443	80.102	19.978	100.720	20.202	1.072	1.067	898.949
46.000	107.994	80.102	19.976	100.715	20.207	0.779	1.102	898.937
46.501	108.534	80.101	19.976	100.709	20.205	0.899	1.092	898.973
47.001	109.058	80.103	19.977	100.704	20.203	0.898	1.065	898.983
47.500	109.602	80.101	19.976	100.699	20.207	0.550	1.068	898.949
48.000	110.159	80.102	19.977	100.692	20.211	0.170	1.100	898.994
48.501	110.672	80.103	19.977	100.685	20.208	0.395	1.070	898.961
49.000	111.193	80.100	19.976	100.680	20.209	0.336	1.035	898.978
49.500	111.754	80.100	19.976	100.677	20.212	0.076	1.081	898.969
50.001	112.299	80.099	19.974	100.669	20.207	0.604	1.105	898.966
50.501	112.814	80.101	19.975	100.664	20.207	0.638	1.059	898.931
51.001	113.340	80.099	19.975	100.659	20.212	0.332	1.040	898.978
51.501	113.874	80.100	19.976	100.652	20.210	0.508	1.061	898.981
52.001	114.405	80.100	19.976	100.642	20.211	0.439	1.065	898.942
52.501	114.914	80.097	19.977	100.637	20.208	0.760	1.041	898.985
53.000	115.488	80.098	19.976	100.636	20.209	0.761	1.083	898.942
53.500	116.014	80.100	19.977	100.637	20.209	0.809	1.099	898.963
54.001	116.535	80.098	19.977	100.639	20.210	0.852	1.046	898.929
54.501	117.070	80.099	19.977	100.651	20.212	0.747	1.056	898.939
55.001	117.627	80.098	19.976	100.655	20.214	0.615	1.092	898.967
55.501	118.152	80.099	19.975	100.657	20.212	0.771	1.081	898.983
56.001	118.671	80.102	19.976	100.658	20.213	0.706	1.044	898.952
56.501	119.212	80.101	19.976	100.659	20.214	0.568	1.062	898.957
57.000	119.773	80.101	19.975	100.651	20.215	0.572	1.102	898.962
57.501	120.305	80.100	19.976	100.647	20.216	0.590	1.092	898.934
58.001	120.835	80.098	19.976	100.640	20.217	0.501	1.062	898.950
58.500	121.343	80.101	19.976	100.639	20.217	0.491	1.039	898.938
59.001	121.896	80.101	19.977	100.639	20.217	0.403	1.061	898.915
59.501	122.435	80.101	19.978	100.636	20.213	0.794	1.091	898.924
60.001	122.963	80.098	19.976	100.632	20.215	0.751	1.067	898.939
60.501	123.466	80.097	19.977	100.628	20.216	0.692	1.031	898.946
61.001	124.010	80.096	19.975	100.616	20.216	0.778	1.047	898.939
61.501	124.521	80.097	19.974	100.610	20.212	1.149	1.056	898.945
62.001	125.086	80.096	19.976	100.609	20.214	1.003	1.076	898.940
62.501	125.613	80.097	19.976	100.610	20.213	1.025	1.092	898.935
63.000	126.151	80.097	19.976	100.611	20.213	0.909	1.066	898.916
63.500	126.647	80.097	19.977	100.612	20.214	0.892	1.033	898.948
64.001	127.177	80.100	19.976	100.612	20.213	0.916	1.025	898.941
64.501	127.719	80.099	19.976	100.606	20.209	1.283	1.072	898.930
65.001	128.254	80.097	19.977	100.598	20.215	0.844	1.078	898.934
65.501	128.770	80.099	19.977	100.599	20.213	1.122	1.051	898.945
66.001	129.314	80.097	19.976	100.605	20.214	0.995	1.060	898.940
66.501	129.841	80.098	19.976	100.606	20.215	0.898	1.070	898.964
67.001	130.358	80.098	19.977	100.605	20.214	1.009	1.044	898.919
67.502	130.873	80.096	19.976	100.599	20.211	1.180	1.033	898.939
68.001	131.415	80.099	19.977	100.593	20.209	1.321	1.058	898.926
68.500	131.943	80.098	19.976	100.582	20.215	0.840	1.070	898.942
69.000	132.469	80.098	19.976	100.579	20.214	0.947	1.053	898.945
69.501	132.965	80.101	19.976	100.580	20.212	1.181	1.022	898.934
70.000	133.515	80.099	19.976	100.592	20.209	1.537	1.047	898.902
70.500	134.048	80.098	19.977	100.595	20.209	1.494	1.083	898.946
71.001	134.565	80.098	19.977	100.596	20.209	1.625	1.049	898.911
71.501	135.067	80.098	19.977	100.593	20.208	1.758	1.019	898.947
72.001	135.609	80.100	19.976	100.590	20.207	1.805	1.044	898.916
72.501	136.165	80.099	19.975	100.583	20.206	1.831	1.098	898.930
73.001	136.646	80.098	19.976	100.579	20.206	1.762	1.038	898.895
73.501	137.175	80.099	19.977	100.582	20.204	1.895	1.010	898.909
74.001	137.719	80.097	19.976	100.583	20.204	1.885	1.072	898.936
74.501	138.220	80.098	19.977	100.585	20.204	1.922	1.045	898.940
75.001	138.768	80.101	19.978	100.587	20.201	2.171	1.049	898.918
75.501	139.279	80.099	19.977	100.591	20.205	1.861	1.058	898.936
76.002	139.821	80.098	19.978	100.589	20.200	2.307	1.052	898.948
76.502	140.358	80.099	19.978	100.587	20.201	2.264	1.080	898.959
77.001	140.855	80.098	19.978	100.580	20.198	2.550	1.035	898.937
77.501	141.354	80.098	19.977	100.574	20.197	2.670	0.996	898.922
78.001	141.890	80.096	19.976	100.569	20.195	2.772	1.035	898.923
78.501	142.420	80.097	19.977	100.565	20.196	2.732	1.064	898.917
79.002	142.930	80.098	19.978	100.561	20.194	2.834	1.040	898.886
79.501	143.452	80.099	19.976	100.567	20.196	2.646	1.034	898.923
80.000	143.995	80.098	19.977	100.571	20.194	2.800	1.067	898.950
80.500	144.513	80.101	19.977	100.573	20.195	2.697	1.061	898.947
81.001	145.036	80.100	19.977	100.576	20.195	2.799	1.040	898.930
81.501	145.544	80.100	19.977	100.579	20.193	2.882	1.031	898.925
82.001	146.063	80.098	19.977	100.575	20.195	2.806	1.027	898.919
82.500	146.562	80.098	19.977	100.572	20.190	3.204	1.018	898.918
83.001	147.091	80.100	19.977	100.568	20.192	3.102	1.028	898.886
83.501	147.612	80.097	19.975	100.564	20.190	3.304	1.051	898.893
84.001	148.094	80.096	19.976	100.562	20.188	3.470	1.003	898.921
84.501	148.621	80.098	19.976	100.563	20.190	3.335	1.009	898.930
85.001	149.112	80.098	19.976	100.560	20.187	3.537	1.018	898.950
85.501	149.667	80.097	19.976	100.561	20.186	3.656	1.046	898.902
86.001	150.197	80.099	19.976	100.561	20.185	3.693	1.086	898.945
86.501	150.685	80.097	19.975	100.562	20.186	3.586	1.018	898.904
87.001	151.210	80.096	19.976	100.566	20.185	3.596	1.011	898.893
87.502	151.737	80.096	19.977	100.571	20.186	3.589	1.051	898.904
88.001	152.240	80.097	19.976	100.567	20.186	3.544	1.031	898.889
88.501	152.752	80.098	19.976	100.562	20.185	3.625	1.015	898.897
89.001	153.271	80.097	19.977	100.561	20.182	3.821	1.031	898.905
89.501	153.798	80.099	19.977	100.561	20.183	3.821	1.046	898.915
90.001	154.325	80.099	19.976	100.559	20.183	3.840	1.054	898.919
90.501	154.817	80.097	19.975	100.556	20.182	3.913	1.020	898.893
91.001	155.375	80.099	19.975	100.557	20.179	4.138	1.049	898.905
91.502	155.858	80.100	19.977	100.551	20.180	4.040	1.040	898.905
92.001	156.382	80.099	19.977	100.549	20.175	4.484	1.007	898.894
92.501	156.858	80.097	19.977	100.549	20.179	4.246	1.000	898.914
93.002	157.413	80.096	19.978	100.549	20.173	4.707	1.032	898.903
93.501	157.891	80.099	19.978	100.553	20.172	4.912	1.034	898.948
94.001	158.441	80.099	19.977	100.556	20.170	5.143	1.028	898.918
94.501	158.945	80.098	19.977	100.557	20.170	5.060	1.053	898.917
95.002	159.454	80.099	19.977	100.554	20.169	5.097	1.013	898.913
95.501	159.975	80.100	19.977	100.558	20.165	5.331	1.031	898.943
96.000	160.497	80.098	19.977	100.557	20.166	5.279	1.043	898.938
96.501	160.979	80.100	19.977	100.557	20.164	5.477	1.004	898.927
97.001	161.512	80.099	19.978	100.554	20.160	5.696	1.016	898.921
97.501	161.994	80.098	19.977	100.551	20.159	5.795	1.015	898.954
98.001	162.553	80.098	19.977	100.552	20.159	5.761	1.040	898.946
98.501	163.031	80.097	19.978	100.555	20.153	6.284	1.037	898.924
99.001	163.555	80.096	19.977	100.552	20.153	6.269	1.003	898.951
99.501	164.063	80.098	19.977	100.549	20.150	6.486	1.032	898.943
100.001	164.567	80.097	19.977	100.547	20.145	6.800	1.012	898.939
100.501	165.067	80.097	19.977	100.541	20.142	6.982	1.004	898.932
101.001	165.587	80.097	19.977	100.535	20.138	7.309	1.020	898.963
101.501	166.136	80.098	19.976	100.534	20.137	7.358	1.068	898.955
102.001	166.615	80.101	19.976	100.539	20.133	7.707	1.027	898.975
102.501	167.157	80.101	19.977	100.541	20.131	7.816	1.020	898.902
103.002	167.648	80.099	19.976	100.546	20.129	7.942	1.033	898.979
103.502	168.166	80.099	19.976	100.546	20.130	7.966	1.010	898.946
104.001	168.684	80.099	19.977	100.544	20.123	8.501	1.037	898.954
104.501	169.191	80.098	19.977	100.543	20.120	8.759	1.024	898.964
105.001	169.684	80.098	19.977	100.546	20.113	9.329	0.999	898.952
105.501	170.170	80.096	19.976	100.545	20.107	9.861	0.980	898.966
106.001	170.692	80.097	19.976	100.543	20.100	10.378	1.009	898.947
106.501	171.229	80.099	19.978	100.547	20.098	10.648	1.058	898.939
107.001	171.694	80.099	19.977	100.546	20.093	11.063	1.001	898.958
107.501	172.221	80.102	19.976	100.547	20.090	11.357	0.992	898.951
108.001	172.719	80.100	19.977	100.552	20.086	11.725	1.026	898.966
108.501	173.266	80.098	19.977	100.558	20.079	12.374	1.045	898.947
109.001	173.728	80.098	19.977	100.555	20.076	12.667	1.009	898.936
109.502	174.266	80.097	19.978	100.556	20.072	12.948	1.001	898.948
110.001	174.768	80.100	19.977	100.556	20.071	12.962	1.041	898.933
110.501	175.276	80.097	19.978	100.553	20.066	13.270	1.009	898.925
111.001	175.771	80.097	19.977	100.551	20.063	13.398	1.002	898.925
111.501	176.316	80.098	19.977	100.552	20.056	13.906	1.040	898.921
112.002	176.801	80.097	19.979	100.547	20.048	14.478	1.030	898.965
112.501	177.320	80.097	19.977	100.543	20.041	15.071	1.004	898.932
113.001	177.868	80.098	19.977	100.540	20.037	15.449	1.068	898.955
113.501	178.360	80.097	19.978	100.541	20.031	15.992	1.039	898.930
114.002	178.884	80.096	19.977	100.535	20.027	16.342	1.014	898.975
114.502	179.374	80.094	19.976	100.532	20.022	16.850	1.014	898.952
115.001	179.860	80.095	19.977	100.526	20.018	17.164	0.977	898.980
115.501	180.390	80.097	19.977	100.519	20.014	17.484	1.016	898.981
116.001	180.906	80.095	19.976	100.513	20.008	18.032	1.046	898.958
116.501	181.373	80.095	19.977	100.514	20.000	18.670	0.983	898.984
117.001	181.912	80.096	19.976	100.515	19.995	19.082	1.005	898.943
117.502	182.411	80.095	19.977	100.522	19.984	19.871	1.038	898.922
118.002	182.937	80.097	19.977	100.530	19.983	20.033	1.026	898.968
118.501	183.422	80.097	19.976	100.535	19.975	20.715	1.012	898.976
119.001	183.922	80.096	19.976	100.539	19.971	20.992	0.985	898.927
119.501	184.428	80.095	19.976	100.539	19.965	21.417	1.006	898.938
120.001	184.965	80.095	19.975	100.530	19.960	21.787	1.041	898.971
120.502	185.469	80.095	19.976	100.524	19.959	21.854	1.040	898.955
121.001	185.992	80.095	19.977	100.519	19.954	22.259	1.028	898.947
121.502	186.513	80.097	19.975	100.517	19.953	22.265	1.044	898.948
122.002	187.000	80.097	19.976	100.513	19.951	22.471	1.008	898.958
122.502	187.498	80.097	19.976	100.514	19.946	22.908	0.985	898.983
123.001	188.008	80.095	19.976	100.513	19.945	23.048	1.008	898.970
123.501	188.519	80.096	19.977	100.506	19.943	23.315	1.021	898.971
124.002	189.039	80.097	19.976	100.501	19.939	23.604	1.031	898.929
124.502	189.529	80.096	19.976	100.504	19.938	23.720	1.010	898.963
125.001	190.060	80.095	19.976	100.503	19.936	23.820	1.022	898.955
125.501	190.538	80.094	19.976	100.501	19.931	24.232	1.009	898.990
126.001	191.070	80.096	19.977	100.500	19.932	24.244	1.009	898.978
126.502	191.561	80.097	19.977	100.499	19.930	24.425	1.023	898.978
127.001	192.080	80.095	19.977	100.496	19.931	24.470	1.010	898.980
127.502	192.604	80.095	19.978	100.499	19.926	24.882	1.043	898.966
128.002	193.074	80.096	19.977	100.504	19.930	24.706	0.995	898.975
128.501	193.619	80.095	19.977	100.505	19.930	24.719	1.014	898.980
129.002	194.102	80.098	19.978	100.508	19.928	24.847	1.027	898.970
129.502	194.565	80.100	19.977	100.503	19.925	25.108	0.946	898.987
130.002	195.091	80.097	19.976	100.497	19.928	24.905	0.989	898.961
130.502	195.621	80.097	19.978	100.490	19.929	24.861	1.057	898.911
131.002	196.121	80.097	19.976	100.487	19.929	24.810	1.030	898.959
131.502	196.651	80.097	19.976	100.485	19.935	24.325	1.030	898.954
132.002	197.168	80.098	19.978	100.487	19.935	24.319	1.048	898.951
132.501	197.656	80.095	19.977	100.487	19.939	24.020	1.004	898.959
133.002	198.168	80.097	19.976	100.483	19.945	23.509	0.999	898.972
133.502	198.675	80.098	19.976	100.481	19.946	23.419	1.020	898.931
134.001	199.211	80.095	19.976	100.474	19.950	23.190	1.043	898.973
134.501	199.717	80.097	19.976	100.467	19.957	22.601	1.042	899.010
135.002	200.234	80.100	19.976	100.463	19.957	22.560	1.023	898.994
135.502	200.701	80.098	19.975	100.460	19.961	22.254	0.985	898.973
136.001	201.228	80.099	19.976	100.459	19.970	21.555	0.994	898.972
136.502	201.760	80.098	19.976	100.458	19.972	21.398	1.059	898.961
137.002	202.245	80.099	19.977	100.458	19.980	20.806	1.018	898.992
137.501	202.759	80.098	19.977	100.457	19.983	20.632	0.999	898.981
138.002	203.267	80.097	19.977	100.456	19.991	20.073	1.022	898.984
138.502	203.775	80.099	19.977	100.457	19.998	19.519	1.016	898.995
139.001	204.289	80.099	19.975	100.459	20.004	19.139	1.022	898.991
139.501	204.758	80.098	19.975	100.460	20.010	18.695	0.983	898.972
140.002	205.302	80.102	19.977	100.460	20.019	18.005	1.011	898.991
140.502	205.800	80.100	19.976	100.461	20.023	17.690	1.041	899.015
141.003	206.287	80.100	19.977	100.461	20.030	17.062	0.986	898.995
141.502	206.853	80.098	19.976	100.460	20.035	16.589	1.054	898.995
142.002	207.331	80.097	19.975	100.463	20.045	15.683	1.044	899.006
142.502	207.840	80.099	19.975	100.463	20.051	15.046	0.987	898.979
143.002	208.373	80.098	19.976	100.465	20.058	14.344	1.043	899.022
143.502	208.857	80.096	19.976	100.464	20.065	13.729	1.017	899.026
144.002	209.350	80.099	19.975	100.465	20.075	12.981	0.977	898.964
144.502	209.872	80.097	19.975	100.460	20.079	12.671	1.014	898.993
145.002	210.415	80.097	19.975	100.458	20.084	12.372	1.065	899.011
145.502	210.899	80.099	19.975	100.454	20.091	11.893	1.028	898.992
146.002	211.388	80.098	19.975	100.452	20.100	11.302	0.973	899.005
146.502	211.894	80.099	19.975	100.449	20.108	10.740	0.996	898.996
147.001	212.398	80.097	19.975	100.447	20.110	10.520	1.010	898.987
147.501	212.877	80.096	19.974	100.446	20.117	9.959	0.982	898.990
148.002	213.384	80.098	19.974	100.451	20.125	9.311	0.985	899.010
148.503	213.922	80.096	19.976	100.456	20.130	8.863	1.045	899.019
149.002	214.410	80.096	19.976	100.462	20.133	8.609	1.027	899.000
149.501	214.951	80.100	19.976	100.476	20.138	8.192	1.030	899.003
150.001	215.448	80.100	19.976	100.491	20.142	7.821	1.038	899.008
150.501	215.946	80.099	19.975	100.497	20.148	7.389	0.994	899.025
151.002	216.453	80.100	19.976	100.502	20.150	7.179	1.005	899.013
151.502	216.950	80.098	19.976	100.500	20.157	6.672	1.004	899.048
152.001	217.475	80.097	19.976	100.492	20.158	6.526	1.022	898.998
152.501	217.969	80.097	19.976	100.487	20.162	6.216	1.019	899.024
153.001	218.507	80.098	19.976	100.483	20.164	6.137	1.032	899.023
153.502	218.991	80.099	19.975	100.478	20.167	5.855	1.021	899.048
154.003	219.495	80.097	19.976	100.481	20.168	5.768	0.988	899.012
154.502	219.997	80.097	19.975	100.484	20.172	5.487	1.006	899.019
155.002	220.507	80.100	19.977	100.482	20.174	5.315	1.012	899.035
155.502	221.028	80.097	19.976	100.486	20.175	5.234	1.032	899.031
156.002	221.541	80.100	19.974	100.490	20.175	5.241	1.034	899.059
156.502	222.019	80.102	19.975	100.491	20.183	4.694	0.991	899.062
157.002	222.536	80.101	19.976	100.494	20.182	4.799	0.995	899.044
157.502	223.009	80.099	19.976	100.498	20.182	4.864	0.990	899.048
158.002	223.532	80.098	19.976	100.496	20.184	4.703	0.995	899.012
158.503	224.024	80.098	19.976	100.498	20.185	4.600	1.015	899.051
159.002	224.536	80.100	19.976	100.501	20.185	4.630	1.006	899.026
159.501	225.033	80.099	19.975	100.500	20.185	4.663	1.010	899.030
160.001	225.531	80.099	19.976	100.499	20.185	4.667	0.995	899.042
160.502	226.046	80.099	19.977	100.500	20.189	4.428	1.012	899.052
161.001	226.545	80.098	19.976	100.496	20.187	4.598	1.013	899.022
161.502	227.076	80.099	19.976	100.498	20.188	4.618	1.030	899.057
162.002	227.562	80.102	19.975	100.500	20.189	4.518	1.018	899.041
162.502	228.023	80.101	19.977	100.501	20.188	4.599	0.948	899.034
163.002	228.577	80.100	19.974	100.500	20.188	4.632	1.015	899.047
163.502	229.072	80.099	19.976	100.499	20.187	4.698	1.050	899.036
164.001	229.556	80.100	19.976	100.495	20.186	4.900	0.979	899.017
164.502	230.083	80.100	19.976	100.490	20.187	4.891	1.010	899.036
165.002	230.577	80.100	19.977	100.487	20.190	4.801	1.020	899.048
165.502	231.090	80.102	19.976	100.487	20.187	5.085	1.006	899.051
166.003	231.598	80.100	19.976	100.489	20.190	4.796	1.021	899.028
166.502	232.113	80.099	19.975	100.489	20.191	4.746	1.024	899.021
167.002	232.624	80.100	19.975	100.487	20.191	4.731	1.027	899.067
167.502	233.103	80.100	19.976	100.484	20.188	4.950	0.990	899.028
168.002	233.596	80.098	19.976	100.476	20.188	4.871	0.970	899.046
168.503	234.123	80.100	19.976	100.473	20.191	4.668	1.020	899.081
169.002	234.631	80.098	19.977	100.473	20.190	4.770	1.035	899.057
169.503	235.129	80.100	19.977	100.474	20.189	4.868	1.006	899.103
170.003	235.644	80.100	19.977	100.474	20.189	4.903	1.013	899.085
170.503	236.137	80.098	19.976	100.475	20.191	4.739	1.009	899.063
171.002	236.606	80.098	19.977	100.468	20.193	4.666	0.963	899.044
171.502	237.162	80.097	19.976	100.459	20.189	5.031	1.025	899.065
172.003	237.673	80.098	19.977	100.451	20.190	5.040	1.065	899.062
172.503	238.155	80.099	19.976	100.446	20.192	4.863	0.992	899.097
173.003	238.652	80.098	19.976	100.447	20.192	4.924	0.979	899.089
173.503	239.147	80.098	19.977	100.449	20.189	5.191	0.992	899.071
174.002	239.633	80.099	19.976	100.450	20.189	5.262	0.982	899.060
174.502	240.170	80.099	19.978	100.450	20.189	5.243	1.023	899.102
175.003	240.659	80.099	19.978	100.453	20.186	5.402	1.025	899.122
175.503	241.173	80.099	19.977	100.453	20.189	5.189	1.003	899.089
176.002	241.687	80.097	19.977	100.453	20.188	5.243	1.029	899.096
176.502	242.188	80.100	19.977	100.453	20.187	5.207	1.015	899.122
177.002	242.679	80.097	19.977	100.451	20.190	4.916	0.992	899.095
177.502	243.198	80.097	19.978	100.447	20.187	5.116	1.009	899.103
178.003	243.685	80.099	19.977	100.444	20.189	5.036	1.005	899.118
178.503	244.216	80.097	19.977	100.441	20.186	5.328	1.018	899.131
179.003	244.694	80.098	19.977	100.438	20.189	5.102	1.010	899.140
179.502	245.227	80.098	19.977	100.435	20.189	5.120	1.012	899.094
180.002	245.732	80.095	19.976	100.435	20.188	5.263	1.038	899.091
180.503	246.204	80.097	19.977	100.430	20.189	5.135	0.976	899.116
181.003	246.689	80.097	19.976	100.423	20.188	5.243	0.956	899.113
181.503	247.201	80.096	19.978	100.421	20.188	5.176	0.998	899.101
182.002	247.714	80.096	19.977	100.425	20.187	5.310	1.025	899.144
182.502	248.230	80.096	19.977	100.427	20.190	5.020	1.029	899.138
183.002	248.702	80.096	19.975	100.430	20.187	5.226	0.988	899.114
183.502	249.219	80.100	19.976	100.433	20.186	5.373	0.989	899.109
184.002	249.734	80.100	19.976	100.439	20.188	5.257	1.032	899.119
184.503	250.208	80.099	19.977	100.440	20.188	5.261	0.989	899.150
185.003	250.752	80.097	19.977	100.441	20.187	5.300	1.018	899.113
185.503	251.228	80.097	19.976	100.440	20.192	5.031	1.020	899.104
186.002	251.708	80.098	19.977	100.437	20.191	5.064	0.957	899.122
186.502	252.205	80.097	19.976	100.432	20.187	5.357	0.978	899.129
187.002	252.733	80.097	19.977	100.428	20.190	5.183	1.025	899.131
187.502	253.217	80.099	19.977	100.425	20.190	5.203	1.011	899.140
188.002	253.719	80.097	19.977	100.430	20.190	5.171	0.987	899.132
188.502	254.210	80.099	19.977	100.435	20.190	5.139	0.993	899.111
189.002	254.743	80.102	19.977	100.435	20.189	5.297	1.023	899.114
189.503	255.245	80.100	19.977	100.435	20.190	5.166	1.034	899.126
190.003	255.752	80.099	19.977	100.436	20.191	5.082	1.009	899.142
190.503	256.255	80.099	19.977	100.432	20.191	5.072	1.010	899.124
191.003	256.753	80.100	19.976	100.430	20.188	5.340	1.002	899.158
191.502	257.253	80.102	19.977	100.428	20.191	5.112	0.998	899.172
192.002	257.748	80.102	19.976	100.429	20.189	5.259	0.995	899.151
192.502	258.279	80.100	19.976	100.427	20.190	5.164	1.026	899.163
193.002	258.761	80.103	19.977	100.423	20.192	5.087	1.012	899.132
193.503	259.260	80.101	19.977	100.424	20.189	5.291	0.981	899.146
194.003	259.750	80.101	19.977	100.427	20.190	5.194	0.989	899.168
194.503	260.272	80.102	19.976	100.421	20.189	5.267	1.012	899.145
195.003	260.775	80.102	19.976	100.419	20.187	5.435	1.025	899.175
195.503	261.264	80.102	19.977	100.426	20.188	5.425	0.992	899.177
196.002	261.747	80.102	19.977	100.424	20.190	5.237	0.973	899.179
196.502	262.253	80.102	19.976	100.422	20.189	5.211	0.989	899.149
197.002	262.776	80.102	19.977	100.426	20.189	5.179	1.028	899.169
197.502	263.258	80.097	19.976	100.429	20.187	5.370	1.005	899.185
198.002	263.771	80.099	19.977	100.422	20.187	5.393	0.996	899.201
198.502	264.273	80.100	19.978	100.422	20.187	5.411	1.015	899.187
199.002	264.802	80.100	19.978	100.422	20.188	5.320	1.031	899.181
199.502	265.261	80.103	19.977	100.421	20.187	5.436	0.989	899.160
200.002	265.796	80.103	19.977	100.425	20.187	5.386	0.993	899.182
200.503	266.302	80.102	19.977	100.421	20.183	5.669	1.040	899.173
201.003	266.796	80.104	19.976	100.420	20.182	5.684	1.001	899.167
201.502	267.289	80.103	19.977	100.420	20.184	5.441	0.988	899.166
202.002	267.790	80.101	19.976	100.421	20.182	5.569	0.994	899.189
202.502	268.283	80.102	19.977	100.418	20.181	5.674	0.994	899.200
203.002	268.796	80.101	19.976	100.420	20.181	5.682	1.006	899.194
203.503	269.297	80.101	19.975	100.421	20.178	5.935	1.014	899.185
204.003	269.777	80.103	19.976	100.425	20.179	5.954	0.980	899.178
204.503	270.278	80.101	19.976	100.427	20.177	6.091	0.981	899.212
205.003	270.752	80.101	19.976	100.425	20.180	6.010	0.975	899.187
205.502	271.302	80.100	19.976	100.426	20.174	6.543	1.024	899.190
206.002	271.758	80.099	19.975	100.422	20.175	6.487	1.007	899.206
206.502	272.249	80.099	19.975	100.419	20.174	6.624	0.948	899.201
207.002	272.789	80.098	19.976	100.421	20.170	6.878	1.030	899.200
207.502	273.261	80.099	19.976	100.425	20.170	6.965	1.011	899.220
208.003	273.779	80.098	19.976	100.430	20.167	7.096	0.990	899.221
208.503	274.281	80.097	19.976	100.435	20.166	7.084	1.021	899.227
209.002	274.765	80.100	19.976	100.437	20.166	7.104	0.986	899.210
209.503	275.280	80.099	19.977	100.436	20.162	7.320	0.998	899.218
210.003	275.794	80.099	19.977	100.437	20.160	7.464	1.028	899.203
210.503	276.287	80.102	19.976	100.435	20.158	7.546	1.008	899.227
211.003	276.774	80.102	19.976	100.434	20.154	7.859	0.981	899.227
211.502	277.288	80.101	19.976	100.428	20.152	8.043	1.001	899.228
212.003	277.776	80.101	19.976	100.424	20.151	8.176	1.001	899.236
212.503	278.268	80.101	19.977	100.416	20.145	8.740	0.980	899.210
213.002	278.776	80.102	19.976	100.409	20.142	8.972	1.001	899.269
213.502	279.275	80.101	19.976	100.410	20.139	9.199	1.007	899.202
214.003	279.765	80.097	19.976	100.410	20.132	9.801	0.990	899.248
214.502	280.276	80.100	19.976	100.409	20.131	9.864	1.002	899.248
215.002	280.765	80.099	19.976	100.410	20.129	10.030	0.999	899.267
215.503	281.275	80.098	19.977	100.418	20.124	10.455	0.999	899.242
216.003	281.767	80.100	19.977	100.418	20.123	10.655	1.002	899.227
216.502	282.293	80.098	19.977	100.422	20.118	11.066	1.019	899.223
217.002	282.749	80.096	19.977	100.424	20.111	11.519	0.983	899.238
217.502	283.273	80.097	19.977	100.430	20.109	11.658	0.979	899.235
218.003	283.792	80.097	19.978	100.428	20.102	12.117	1.041	899.235
218.503	284.298	80.099	19.977	100.428	20.102	12.017	1.025	899.275
219.003	284.795	80.097	19.977	100.425	20.095	12.499	1.004	899.262
219.503	285.273	80.096	19.977	100.422	20.091	12.768	0.975	899.285
220.002	285.781	80.097	19.976	100.417	20.086	13.110	0.986	899.276
220.502	286.333	80.097	19.977	100.417	20.080	13.674	1.060	899.272
221.002	286.811	80.097	19.976	100.416	20.076	14.040	1.030	899.284
221.503	287.295	80.101	19.976	100.413	20.067	14.740	0.961	899.291
222.003	287.791	80.099	19.976	100.411	20.064	14.990	0.980	899.299
222.502	288.275	80.098	19.975	100.412	20.058	15.572	0.981	899.284
223.002	288.775	80.100	19.974	100.406	20.052	16.025	0.984	899.295
223.502	289.264	80.101	19.976	100.401	20.046	16.400	0.989	899.268
224.002	289.801	80.102	19.976	100.402	20.044	16.653	1.026	899.293
224.502	290.264	80.101	19.975	100.405	20.034	17.514	1.000	899.283
225.002	290.819	80.101	19.976	100.408	20.029	17.863	1.018	899.277
225.503	291.308	80.101	19.977	100.418	20.022	18.441	1.044	899.290
226.002	291.762	80.101	19.976	100.422	20.018	18.767	0.943	899.279
226.502	292.315	80.103	19.978	100.426	20.013	19.088	1.006	899.295
227.003	292.758	80.102	19.977	100.430	20.003	19.819	0.996	899.276
227.502	293.282	80.103	19.977	100.429	19.998	20.140	0.968	899.289
228.002	293.760	80.102	19.976	100.420	19.993	20.494	1.002	899.273
228.503	294.287	80.102	19.977	100.419	19.989	20.881	1.004	899.303
229.003	294.779	80.100	19.977	100.417	19.982	21.331	1.018	899.308
229.503	295.289	80.100	19.977	100.411	19.973	22.095	1.002	899.294
230.003	295.802	80.100	19.976	100.408	19.968	22.578	1.024	899.302
230.503	296.291	80.103	19.976	100.413	19.963	23.024	1.003	899.291
231.002	296.798	80.102	19.977	100.414	19.954	23.737	0.996	899.330
231.503	297.271	80.101	19.977	100.408	19.948	24.153	0.979	899.309
232.003	297.785	80.102	19.977	100.402	19.942	24.688	0.986	899.309
232.503	298.275	80.102	19.977	100.403	19.940	24.848	1.005	899.314
233.003	298.809	80.099	19.976	100.400	19.930	25.574	1.025	899.332
233.502	299.325	80.099	19.978	100.397	19.925	25.960	1.050	899.359
234.002	299.793	80.100	19.977	100.408	19.918	26.460	0.984	899.306
234.502	300.296	80.101	19.978	100.416	19.913	26.947	0.971	899.334
235.002	300.783	80.101	19.978	100.415	19.905	27.619	0.990	899.331
235.502	301.293	80.099	19.977	100.413	19.902	28.016	0.997	899.321
236.002	301.798	80.100	19.977	100.413	19.895	28.582	1.015	899.343
236.502	302.291	80.101	19.978	100.409	19.886	29.376	0.998	899.317
237.002	302.788	80.097	19.977	100.408	19.883	29.577	0.989	899.330
237.502	303.288	80.099	19.978	100.403	19.877	30.063	0.997	899.331
238.002	303.766	80.101	19.978	100.401	19.869	30.594	0.978	899.319
238.502	304.286	80.100	19.977	100.399	19.865	30.845	0.998	899.303
239.002	304.780	80.100	19.977	100.397	19.862	31.042	1.014	899.352
239.503	305.285	80.099	19.976	100.394	19.856	31.429	0.998	899.324
240.003	305.775	80.099	19.976	100.402	19.854	31.606	0.995	899.374
240.503	306.309	80.101	19.977	100.402	19.847	32.253	1.025	899.357
241.003	306.762	80.100	19.976	100.400	19.841	32.718	0.987	899.345
241.502	307.285	80.101	19.977	100.399	19.834	33.282	0.975	899.339
242.003	307.782	80.098	19.976	100.395	19.832	33.408	1.019	899.378
242.503	308.286	80.098	19.976	100.386	19.825	33.870	1.002	899.359
243.003	308.787	80.100	19.976	100.380	19.819	34.345	1.006	899.367
243.503	309.275	80.102	19.977	100.376	19.821	34.095	0.989	899.363
244.003	309.761	80.101	19.976	100.368	19.818	34.338	0.974	899.372
244.502	310.274	80.100	19.976	100.366	19.815	34.584	0.998	899.343
245.003	310.777	80.099	19.976	100.373	19.809	35.044	1.015	899.339
245.503	311.272	80.100	19.976	100.380	19.808	35.135	0.998	899.387
246.003	311.787	80.100	19.978	100.385	19.807	35.229	1.011	899.376
246.503	312.257	80.099	19.977	100.389	19.799	35.894	0.985	899.381
247.003	312.770	80.100	19.977	100.389	19.795	36.187	0.983	899.350
247.503	313.261	80.099	19.977	100.385	19.792	36.337	1.004	899.375
248.003	313.748	80.100	19.976	100.379	19.790	36.408	0.978	899.401
248.503	314.273	80.103	19.977	100.378	19.786	36.667	1.012	899.399
249.003	314.787	80.101	19.978	100.379	19.783	36.835	1.040	899.399
249.503	315.291	80.101	19.977	100.380	19.781	36.983	1.017	899.395
250.003	315.786	80.100	19.977	100.380	19.777	37.307	0.998	899.411
250.503	316.279	80.100	19.978	100.388	19.770	37.745	0.988	899.408
251.003	316.745	80.101	19.977	100.389	19.768	37.798	0.959	899.410
251.503	317.279	80.099	19.978	100.390	19.766	37.938	1.000	899.406
252.003	317.773	80.098	19.977	100.387	19.757	38.559	1.028	899.424
252.503	318.254	80.100	19.976	100.386	19.753	38.879	0.976	899.423
253.003	318.751	80.098	19.977	100.383	19.746	39.228	0.978	899.408
253.503	319.251	80.097	19.976	100.382	19.744	39.383	0.996	899.397
254.003	319.763	80.099	19.976	100.383	19.736	39.947	1.012	899.430
254.503	320.257	80.098	19.977	100.389	19.730	40.384	1.006	899.425
255.003	320.769	80.099	19.977	100.390	19.721	41.044	1.006	899.427
255.503	321.267	80.097	19.977	100.396	19.717	41.304	1.011	899.419
256.003	321.770	80.097	19.977	100.398	19.707	42.043	1.001	899.423
256.503	322.254	80.102	19.976	100.403	19.701	42.363	0.986	899.451
257.003	322.775	80.100	19.977	100.406	19.692	42.991	1.005	899.419
257.503	323.286	80.099	19.976	100.407	19.683	43.563	1.032	899.441
258.003	323.783	80.101	19.977	100.410	19.673	44.265	1.008	899.453
258.503	324.269	80.101	19.978	100.416	19.658	45.389	0.983	899.450
259.002	324.775	80.101	19.977	100.420	19.649	46.032	0.993	899.422
259.502	325.286	80.102	19.976	100.422	19.639	46.765	1.017	899.432
260.003	325.761	80.100	19.977	100.429	19.624	47.897	0.986	899.482
260.503	326.267	80.101	19.977	100.434	19.612	48.806	0.981	899.430
261.003	326.773	80.099	19.977	100.436	19.598	49.955	1.012	899.455
261.503	327.273	80.101	19.977	100.438	19.584	50.991	1.006	899.491
262.003	327.744	80.102	19.976	100.442	19.566	52.406	0.972	899.434
262.502	328.258	80.099	19.977	100.446	19.551	53.569	0.985	899.430
263.003	328.765	80.098	19.977	100.445	19.530	55.135	1.019	899.446
263.504	329.247	80.099	19.978	100.451	19.514	56.400	0.990	899.468
264.003	329.777	80.098	19.977	100.459	19.495	57.820	1.013	899.460
264.503	330.258	80.100	19.977	100.465	19.473	59.460	1.011	899.448
265.003	330.749	80.101	19.977	100.473	19.451	61.060	0.972	899.479
265.503	331.276	80.101	19.978	100.481	19.428	62.701	1.018	899.478
266.003	331.749	80.102	19.978	100.481	19.405	64.455	1.000	899.497
266.503	332.258	80.100	19.978	100.483	19.381	66.188	0.982	899.482
267.003	332.769	80.099	19.977	100.487	19.359	67.840	1.020	899.496
267.503	333.272	80.101	19.977	100.486	19.332	69.881	1.014	899.505
268.002	333.792	80.099	19.978	100.485	19.306	71.868	1.023	899.496
268.502	334.244	80.100	19.977	100.486	19.280	73.980	0.972	899.514
269.003	334.775	80.100	19.976	100.486	19.252	76.108	0.982	899.501
269.503	335.245	80.099	19.976	100.481	19.220	78.523	1.000	899.479
270.003	335.777	80.101	19.977	100.481	19.194	80.499	1.002	899.511
270.503	336.228	80.102	19.977	100.483	19.162	82.927	0.984	899.500
271.003	336.763	80.100	19.977	100.485	19.133	85.142	0.987	899.527
271.503	337.266	80.100	19.977	100.486	19.099	87.626	1.038	899.521
272.003	337.745	80.100	19.977	100.493	19.069	89.990	0.982	899.506
272.503	338.271	80.101	19.976	100.499	19.035	92.587	1.004	899.513
273.004	338.760	80.102	19.976	100.505	19.002	95.166	1.014	899.532
273.504	339.258	80.099	19.977	100.511	18.969	97.690	0.987	899.534
274.003	339.741	80.102	19.977	100.516	18.932	100.506	0.982	899.525
274.503	340.233	80.102	19.976	100.520	18.896	103.281	0.976	899.534
275.003	340.739	80.099	19.977	100.519	18.860	105.997	0.999	899.545
275.503	341.205	80.103	19.976	100.517	18.823	108.770	0.972	899.507
276.003	341.705	80.104	19.975	100.513	18.786	111.624	0.965	899.523
276.503	342.195	80.100	19.977	100.515	18.746	114.676	0.989	899.548
277.004	342.703	80.099	19.977	100.513	18.707	117.682	0.999	899.522
277.503	343.210	80.100	19.977	100.518	18.671	120.470	1.016	899.579
278.003	343.724	80.099	19.976	100.522	18.628	123.758	1.020	899.529
278.503	344.219	80.100	19.976	100.526	18.585	127.133	1.009	899.538
279.003	344.697	80.098	19.976	100.527	18.545	130.239	0.974	899.579
279.503	345.197	80.100	19.976	100.528	18.505	133.383	0.978	899.546
280.003	345.714	80.099	19.975	100.524	18.462	136.646	1.016	899.505
280.503	346.205	80.098	19.976	100.522	18.419	140.040	1.007	899.546
281.003	346.688	80.100	19.976	100.523	18.378	143.238	0.974	899.547
281.503	347.205	80.100	19.976	100.520	18.330	146.936	1.000	899.543
282.003	347.701	80.101	19.977	100.522	18.287	150.137	1.013	899.551
282.503	348.203	80.102	19.977	100.529	18.245	153.310	0.998	899.548
283.003	348.719	80.100	19.976	100.532	18.200	156.622	1.017	899.584
283.503	349.205	80.102	19.977	100.530	18.156	159.982	1.001	899.541
284.004	349.708	80.101	19.975	100.532	18.114	163.202	0.990	899.584
284.503	350.198	80.100	19.975	100.526	18.070	166.596	0.994	899.562
285.003	350.700	80.102	19.977	100.523	18.022	170.242	0.990	899.573
285.504	351.166	80.101	19.976	100.521	17.982	173.289	0.968	899.561
286.004	351.658	80.100	19.976	100.521	17.933	177.091	0.959	899.595
286.504	352.196	80.102	19.976	100.512	17.885	180.742	1.030	899.608
287.004	352.698	80.102	19.975	100.512	17.844	183.920	1.040	899.580
287.504	353.179	80.102	19.976	100.504	17.795	187.628	0.983	899.597
288.004	353.675	80.099	19.977	100.496	17.751	191.066	0.977	899.596
288.503	354.174	80.099	19.977	100.495	17.704	194.711	0.995	899.615
289.003	354.668	80.100	19.976	100.499	17.661	197.942	0.993	899.601
289.504	355.154	80.098	19.976	100.500	17.614	201.488	0.980	899.615
290.003	355.650	80.099	19.977	100.507	17.567	205.037	0.982	899.608
290.503	356.124	80.100	19.978	100.514	17.525	208.245	0.970	899.613
291.003	356.652	80.098	19.976	100.513	17.481	211.591	1.002	899.647
291.503	357.132	80.098	19.976	100.513	17.437	214.964	1.007	899.616
292.004	357.614	80.103	19.977	100.509	17.393	218.333	0.961	899.602
292.504	358.122	80.100	19.977	100.505	17.349	221.736	0.991	899.621
293.003	358.601	80.100	19.977	100.502	17.305	225.161	0.988	899.644
293.503	359.107	80.101	19.977	100.503	17.261	228.570	0.985	899.613
294.004	359.606	80.099	19.976	100.502	17.219	231.737	1.004	899.638
294.504	360.113	80.100	19.977	100.502	17.177	234.943	1.007	899.611
295.003	360.591	80.097	19.976	100.499	17.136	238.055	0.985	899.605
295.504	361.091	80.098	19.975	100.491	17.094	241.249	0.977	899.626
296.004	361.583	80.102	19.977	100.488	17.057	244.089	0.992	899.640
296.503	362.098	80.100	19.975	100.487	17.019	246.963	1.007	899.657
297.004	362.586	80.102	19.974	100.489	16.980	249.912	1.003	899.631
297.503	363.088	80.102	19.976	100.491	16.942	252.826	0.991	899.622
298.003	363.581	80.100	19.976	100.496	16.905	255.564	0.996	899.654
298.503	364.104	80.101	19.976	100.496	16.867	258.422	1.016	899.656
299.003	364.608	80.099	19.976	100.493	16.832	260.935	1.026	899.660
299.503	365.081	80.099	19.976	100.487	16.796	263.657	0.977	899.676
300.003	365.604	80.102	19.975	100.476	16.764	266.023	0.997	899.667
300.503	366.091	80.101	19.975	100.471	16.733	268.276	1.009	899.700
301.004	366.527	80.102	19.976	100.467	16.700	270.696	0.922	899.636
301.504	367.070	80.103	19.977	100.469	16.665	273.258	0.979	899.676
302.004	367.552	80.099	19.975	100.468	16.633	275.601	1.026	899.696
302.503	368.047	80.102	19.976	100.466	16.603	277.718	0.977	899.676
303.003	368.552	80.103	19.976	100.467	16.573	279.926	1.000	899.704
303.504	369.051	80.100	19.975	100.463	16.545	281.904	1.004	899.733
304.004	369.561	80.099	19.975	100.461	16.514	284.178	1.009	899.687
304.503	370.023	80.099	19.975	100.461	16.486	286.199	0.971	899.708
305.003	370.531	80.100	19.976	100.466	16.456	288.351	0.970	899.718
305.503	371.027	80.100	19.976	100.466	16.425	290.536	1.004	899.698
306.004	371.552	80.101	19.976	100.472	16.395	292.712	1.021	899.712
306.504	372.049	80.100	19.976	100.477	16.360	295.340	1.023	899.743
307.004	372.561	80.099	19.977	100.480	16.323	298.076	1.009	899.730
307.504	373.033	80.098	19.977	100.484	16.287	300.823	0.983	899.706
308.003	373.525	80.101	19.976	100.492	16.248	303.975	0.964	899.731
308.504	374.008	80.102	19.977	100.497	16.209	307.055	0.975	899.693
309.004	374.541	80.101	19.976	100.503	16.177	309.650	1.016	899.732
309.503	374.994	80.102	19.976	100.512	16.145	312.160	0.987	899.713
310.003	375.525	80.101	19.977	100.522	16.113	314.625	0.984	899.729
310.503	376.025	80.102	19.976	100.529	16.072	317.736	1.031	899.753
311.003	376.492	80.101	19.975	100.542	16.031	320.821	0.968	899.728
311.503	376.993	80.097	19.975	100.546	15.990	323.932	0.968	899.729
312.003	377.490	80.101	19.975	100.554	15.961	326.218	0.997	899.751
312.504	377.991	80.100	19.976	100.564	15.955	326.788	0.998	899.735
313.004	378.496	80.101	19.977	100.577	15.954	326.809	1.006	899.778
313.504	378.974	80.104	19.976	100.585	15.957	326.578	0.984	899.758
314.003	379.462	80.103	19.976	100.590	15.959	326.498	0.967	899.747
314.504	379.972	80.102	19.977	100.588	15.953	326.877	0.998	899.772
315.003	380.465	80.102	19.977	100.578	15.938	327.928	1.002	899.766
315.503	380.959	80.101	19.978	100.559	15.922	328.975	0.986	899.778
316.004	381.428	80.103	19.978	100.543	15.905	330.234	0.963	899.747
316.504	381.964	80.102	19.976	100.532	15.877	332.347	1.006	899.782
317.003	382.443	80.099	19.976	100.524	15.856	333.758	1.015	899.745
317.503	382.945	80.100	19.976	100.517	15.838	335.094	0.980	899.755
318.004	383.420	80.099	19.976	100.518	15.822	336.366	0.977	899.813
318.504	383.946	80.099	19.977	100.518	15.816	336.922	1.001	899.790
319.003	384.475	80.100	19.976	100.515	15.820	336.633	1.056	899.793
319.503	384.957	80.098	19.977	100.507	15.826	335.970	1.011	899.805
320.003	385.465	80.098	19.976	100.499	15.835	335.168	0.990	899.794
320.503	385.943	80.098	19.976	100.499	15.842	334.570	0.985	899.812
321.004	386.444	80.097	19.977	100.497	15.845	334.148	0.978	899.807
321.504	386.917	80.098	19.977	100.499	15.839	334.483	0.975	899.806
322.003	387.430	80.096	19.978	100.510	15.829	335.219	0.986	899.794
322.504	387.958	80.096	19.977	100.521	15.808	336.894	1.040	899.784
323.004	388.436	80.096	19.976	100.526	15.791	338.295	1.005	899.803
323.505	388.930	80.097	19.975	100.529	15.789	338.465	0.972	899.801
324.004	389.406	80.099	19.976	100.532	15.798	337.681	0.970	899.797
324.504	389.937	80.101	19.976	100.539	15.806	337.039	1.007	899.802
325.004	390.436	80.098	19.976	100.542	15.801	337.362	1.032	899.806
325.504	390.945	80.098	19.976	100.531	15.789	337.871	1.009	899.819
326.003	391.454	80.097	19.975	100.523	15.785	337.949	1.018	899.829
326.503	391.912	80.097	19.976	100.523	15.807	335.923	0.967	899.820
327.003	392.437	80.098	19.977	100.536	15.837	333.406	0.983	899.818
327.503	392.929	80.097	19.977	100.557	15.875	330.222	1.016	899.820
328.004	393.414	80.097	19.977	100.577	15.898	328.061	0.977	899.853
328.503	393.944	80.098	19.977	100.593	15.908	327.277	1.016	899.833
329.003	394.430	80.098	19.976	100.602	15.910	327.093	1.016	899.833
329.503	394.942	80.099	19.977	100.586	15.917	326.677	0.998	899.841
330.003	395.424	80.101	19.976	100.568	15.928	325.933	0.994	899.871
330.504	395.913	80.098	19.977	100.568	15.953	324.270	0.971	899.873
331.004	396.436	80.097	19.977	100.566	15.947	325.171	1.011	899.856
331.504	396.919	80.096	19.976	100.582	15.911	328.308	1.005	899.849
332.004	397.442	80.098	19.977	100.590	15.856	332.899	1.007	899.865
332.504	397.944	80.099	19.978	100.593	15.806	336.913	1.026	899.863
333.004	398.439	80.098	19.977	100.631	15.773	339.826	0.996	899.879
333.504	398.924	80.098	19.977	100.653	15.767	340.588	0.980	899.856
334.004	399.430	80.099	19.977	100.684	15.777	340.186	0.992	899.881
334.504	399.969	80.095	19.977	100.723	15.801	338.555	1.045	899.857
335.004	400.442	80.099	19.978	100.757	15.836	336.008	1.011	899.879
335.503	400.950	80.099	19.978	100.762	15.874	333.312	0.982	899.852
336.004	401.430	80.098	19.977	100.783	15.934	328.853	0.988	899.903
336.504	401.936	80.098	19.978	100.769	16.024	321.996	0.986	899.896
337.003	402.431	80.096	19.976	100.759	16.109	315.409	1.002	899.871
337.504	402.957	80.098	19.976	100.754	16.159	311.456	1.020	899.893
338.004	403.490	80.099	19.978	100.720	16.153	311.866	1.057	899.903
338.505	403.936	80.097	19.977	100.679	16.122	314.437	0.978	899.900
339.005	404.458	80.096	19.977	100.642	16.111	315.512	0.968	899.918
339.504	404.962	80.099	19.976	100.594	16.138	313.859	1.027	899.898
340.004	405.465	80.099	19.976	100.568	16.186	310.704	1.008	899.926
340.503	405.960	80.102	19.977	100.541	16.256	305.781	0.998	899.941
341.004	406.435	80.100	19.976	100.516	16.324	300.754	0.970	899.892
341.504	406.964	80.099	19.976	100.490	16.395	295.336	1.004	899.917
342.003	407.477	80.098	19.976	100.476	16.472	289.331	1.043	899.941
342.503	407.930	80.098	19.976	100.454	16.536	284.158	0.966	899.935
343.003	408.451	80.099	19.976	100.452	16.598	279.135	0.973	899.909
343.504	408.971	80.099	19.977	100.457	16.659	274.360	1.039	899.955
344.005	409.488	80.096	19.976	100.473	16.720	269.828	1.038	899.936
344.504	409.986	80.098	19.976	100.490	16.781	265.296	1.017	899.934
345.004	410.530	80.098	19.976	100.504	16.845	260.636	1.041	899.961
345.504	411.020	80.098	19.977	100.501	16.910	255.780	1.034	899.945
346.004	411.516	80.100	19.979	100.484	16.980	250.664	0.986	899.941
346.505	412.036	80.100	19.979	100.448	17.053	245.247	1.015	899.969
347.005	412.553	80.097	19.977	100.404	17.128	239.490	1.036	899.986
347.505	413.074	80.097	19.978	100.358	17.203	233.685	1.039	899.966
348.004	413.557	80.096	19.977	100.335	17.283	227.570	1.005	899.993
348.504	414.071	80.096	19.977	100.338	17.363	221.399	0.997	900.019
349.004	414.592	80.096	19.978	100.360	17.449	214.686	1.036	899.988
349.504	415.092	80.095	19.979	100.392	17.534	208.026	1.021	900.011
350.004	415.597	80.095	19.977	100.423	17.626	200.875	1.005	899.995
350.504	416.100	80.098	19.977	100.446	17.716	193.826	1.008	899.985
351.004	416.568	80.096	19.976	100.452	17.812	186.286	0.970	899.977
351.504	417.111	80.099	19.976	100.443	17.908	178.749	1.011	900.003
352.004	417.599	80.097	19.977	100.429	18.004	171.170	1.030	899.986
352.504	418.118	80.098	19.977	100.414	18.097	163.823	1.006	900.006
353.004	418.637	80.095	19.977	100.400	18.187	156.649	1.039	899.999
353.503	419.096	80.096	19.977	100.390	18.275	149.574	0.979	900.020
354.004	419.660	80.097	19.977	100.394	18.365	142.343	1.023	899.982
354.504	420.155	80.097	19.978	100.401	18.446	135.826	1.059	900.020
355.004	420.645	80.097	19.977	100.410	18.527	129.344	0.985	899.985
355.504	421.142	80.099	19.977	100.418	18.606	123.014	0.987	900.023
356.004	421.683	80.099	19.977	100.430	18.682	116.970	1.039	900.032
356.504	422.206	80.098	19.976	100.446	18.757	111.005	1.063	900.038
357.004	422.694	80.100	19.976	100.464	18.832	105.001	1.010	900.034
357.504	423.207	80.099	19.977	100.479	18.902	99.374	1.002	900.008
358.004	423.706	80.098	19.976	100.494	18.968	94.076	1.012	900.014
358.504	424.201	80.097	19.977	100.512	19.029	89.105	0.994	900.035
359.004	424.724	80.095	19.977	100.534	19.093	83.997	1.018	900.044
359.504	425.239	80.099	19.976	100.550	19.150	79.452	1.039	900.019
360.004	425.719	80.097	19.977	100.575	19.207	74.870	0.995	900.034
360.504	426.239	80.098	19.978	100.600	19.259	70.657	0.999	900.033
361.004	426.737	80.101	19.978	100.631	19.316	66.195	1.017	900.047
361.504	427.228	80.098	19.978	100.655	19.364	62.433	0.989	900.066
362.004	427.764	80.098	19.977	100.678	19.410	58.871	1.027	900.058
362.504	428.259	80.100	19.978	100.700	19.459	55.092	1.031	900.066
363.004	428.765	80.099	19.978	100.719	19.504	51.752	1.001	900.100
363.504	429.272	80.099	19.977	100.730	19.542	49.047	1.013	900.068
364.004	429.764	80.098	19.977	100.749	19.582	46.115	0.999	900.095
364.504	430.282	80.098	19.978	100.770	19.622	43.269	1.010	900.086
365.004	430.766	80.098	19.977	100.786	19.656	40.785	1.001	900.050
365.504	431.258	80.099	19.978	100.804	19.690	38.429	0.976	900.071
366.004	431.766	80.098	19.978	100.824	19.726	35.775	1.001	900.065
366.504	432.263	80.101	19.977	100.835	19.752	33.836	1.005	900.075
367.004	432.781	80.098	19.976	100.843	19.784	31.505	1.015	900.108
367.504	433.281	80.099	19.976	100.861	19.813	29.425	1.018	900.091
368.004	433.797	80.100	19.976	100.874	19.839	27.525	1.016	900.086
368.504	434.271	80.099	19.977	100.881	19.868	25.506	0.989	900.080
369.004	434.782	80.099	19.976	100.882	19.891	24.000	0.983	900.111
369.505	435.241	80.096	19.977	100.882	19.916	22.268	0.971	900.094
370.004	435.750	80.096	19.977	100.875	19.934	21.018	0.969	900.127
370.504	436.272	80.098	19.976	100.862	19.953	19.745	1.031	900.105
371.004	436.746	80.095	19.977	100.846	19.973	18.495	0.997	900.079
371.504	437.267	80.098	19.977	100.835	19.994	17.045	0.995	900.132
372.004	437.747	80.096	19.975	100.823	20.011	15.882	1.001	900.136
372.504	438.259	80.097	19.977	100.802	20.024	15.185	0.992	900.108
373.004	438.758	80.100	19.977	100.792	20.039	14.324	1.010	900.153
373.504	439.244	80.101	19.977	100.786	20.055	13.219	0.984	900.116
374.005	439.746	80.100	19.977	100.777	20.065	12.498	0.989	900.127
374.504	440.266	80.099	19.976	100.770	20.077	11.749	1.023	900.133
375.004	440.732	80.097	19.976	100.759	20.091	10.848	0.986	900.134
375.504	441.234	80.099	19.976	100.745	20.105	9.962	0.968	900.130
376.004	441.737	80.099	19.976	100.727	20.115	9.292	1.004	900.129
376.505	442.243	80.097	19.976	100.711	20.122	8.875	1.009	900.142
377.004	442.751	80.098	19.977	100.698	20.131	8.380	1.015	900.114
377.504	443.233	80.100	19.976	100.691	20.145	7.445	0.991	900.147
378.004	443.760	80.098	19.975	100.673	20.148	7.302	1.009	900.143
378.504	444.234	80.100	19.975	100.656	20.160	6.445	1.000	900.161
379.004	444.744	80.101	19.976	100.643	20.170	5.739	0.984	900.168
379.504	445.269	80.098	19.977	100.626	20.175	5.544	1.036	900.173
380.004	445.767	80.098	19.976	100.607	20.184	4.950	1.023	900.202
380.504	446.250	80.097	19.976	100.592	20.189	4.729	0.980	900.196
381.005	446.713	80.099	19.976	100.585	20.195	4.378	0.945	900.184
381.505	447.251	80.100	19.976	100.576	20.204	3.773	1.001	900.185
382.005	447.738	80.100	19.976	100.566	20.208	3.571	1.026	900.185
382.504	448.224	80.100	19.977	100.556	20.215	3.086	0.973	900.201
383.004	448.727	80.100	19.977	100.547	20.218	2.986	0.988	900.147
383.504	449.243	80.099	19.976	100.533	20.226	2.525	1.019	900.186
384.004	449.749	80.101	19.976	100.519	20.228	2.459	1.021	900.195
384.505	450.232	80.100	19.976	100.506	20.233	2.194	0.989	900.220
385.005	450.767	80.098	19.977	100.500	20.238	1.910	1.020	900.229
385.504	451.228	80.099	19.977	100.500	20.243	1.516	0.996	900.222
386.004	451.741	80.098	19.976	100.497	20.247	1.212	0.973	900.196
386.505	452.231	80.101	19.977	100.488	20.250	1.037	1.002	900.204
387.005	452.735	80.100	19.978	100.477	20.254	0.762	0.993	900.222
387.505	453.250	80.097	19.977	100.464	20.261	0.289	1.019	900.214
388.005	453.731	80.100	19.977	100.455	20.263	0.139	0.996	900.210
388.505	454.238	80.100	19.977	100.446	20.265	0.049	0.989	900.255
389.005	454.745	80.099	19.977	100.442	20.274	-0.543	1.013	900.270
389.505	455.200	80.101	19.976	100.439	20.271	-0.306	0.962	900.254
390.005	455.743	80.099	19.976	100.432	20.277	-0.731	1.000	900.234
390.504	456.217	80.099	19.977	100.419	20.283	-1.100	1.017	900.257
391.004	456.719	80.097	19.977	100.410	20.283	-1.045	0.974	900.279
391.505	457.204	80.097	19.976	100.402	20.285	-1.171	0.987	900.272
392.004	457.729	80.099	19.979	100.396	20.289	-1.400	1.010	900.260
392.505	458.185	80.097	19.977	100.392	20.287	-1.185	0.981	900.226
393.005	458.700	80.098	19.977	100.393	20.288	-1.233	0.972	900.268
393.505	459.216	80.099	19.979	100.395	20.288	-1.205	1.030	900.277
394.005	459.700	80.097	19.978	100.388	20.291	-1.445	1.000	900.294
394.505	460.212	80.097	19.977	100.385	20.289	-1.228	0.997	900.290
395.005	460.734	80.099	19.977	100.385	20.290	-1.248	1.035	900.275
395.504	461.204	80.098	19.976	100.381	20.291	-1.330	0.992	900.288
396.005	461.708	80.098	19.977	100.374	20.296	-1.643	0.972	900.297
396.505	462.182	80.096	19.977	100.373	20.292	-1.347	0.979	900.290
397.005	462.673	80.097	19.977	100.368	20.294	-1.397	0.965	900.282
397.505	463.186	80.096	19.977	100.365	20.295	-1.567	1.005	900.291
398.004	463.678	80.095	19.978	100.358	20.291	-1.281	1.005	900.284
398.505	464.206	80.096	19.977	100.355	20.296	-1.725	1.019	900.316
399.005	464.668	80.097	19.978	100.355	20.295	-1.599	0.991	900.319
399.504	465.177	80.095	19.978	100.352	20.297	-1.723	0.971	900.288
400.005	465.717	80.096	19.977	100.344	20.295	-1.575	1.048	900.351
400.505	466.188	80.100	19.978	100.344	20.297	-1.568	1.010	900.346
401.005	466.702	80.099	19.977	100.342	20.294	-1.306	0.985	900.336
401.505	467.194	80.098	19.977	100.341	20.297	-1.487	1.006	900.354
402.005	467.669	80.097	19.977	100.337	20.297	-1.542	0.967	900.335
402.505	468.180	80.098	19.977	100.335	20.296	-1.458	0.986	900.356
403.004	468.684	80.101	19.977	100.332	20.295	-1.302	1.015	900.349
403.504	469.192	80.099	19.978	100.330	20.298	-1.553	1.012	900.340
404.005	469.675	80.098	19.977	100.326	20.300	-1.679	0.990	900.357
404.506	470.211	80.100	19.977	100.328	20.297	-1.408	1.020	900.367
405.005	470.691	80.099	19.977	100.333	20.297	-1.349	1.018	900.365
405.504	471.173	80.099	19.976	100.336	20.296	-1.262	0.963	900.383
406.004	471.715	80.101	19.977	100.335	20.298	-1.532	1.024	900.379
406.504	472.160	80.100	19.978	100.334	20.299	-1.593	0.986	900.373
407.005	472.661	80.099	19.978	100.334	20.299	-1.607	0.945	900.364
407.505	473.214	80.099	19.978	100.329	20.302	-1.810	1.055	900.375
408.005	473.661	80.100	19.977	100.320	20.303	-1.711	1.001	900.364
408.504	474.181	80.099	19.977	100.315	20.300	-1.481	0.967	900.349
409.004	474.659	80.097	19.978	100.314	20.300	-1.385	0.998	900.390
409.505	475.172	80.100	19.978	100.317	20.301	-1.372	0.990	900.388
410.004	475.673	80.098	19.979	100.315	20.299	-1.195	1.015	900.391
410.504	476.157	80.098	19.978	100.318	20.300	-1.331	0.985	900.426
411.005	476.647	80.099	19.978	100.317	20.301	-1.460	0.973	900.388
411.505	477.126	80.100	19.977	100.308	20.303	-1.593	0.968	900.417
412.005	477.633	80.098	19.978	100.300	20.305	-1.691	0.987	900.373
412.505	478.152	80.097	19.977	100.305	20.302	-1.506	1.026	900.420
413.005	478.633	80.097	19.979	100.307	20.303	-1.573	0.999	900.404
413.505	479.117	80.096	19.977	100.311	20.301	-1.469	0.965	900.406
414.005	479.633	80.096	19.978	100.315	20.300	-1.310	1.000	900.396
414.505	480.166	80.094	19.978	100.311	20.302	-1.519	1.049	900.423
415.005	480.656	80.098	19.977	100.304	20.303	-1.534	1.024	900.389
415.505	481.145	80.095	19.977	100.297	20.303	-1.505	0.979	900.424
416.005	481.621	80.095	19.978	100.290	20.302	-1.435	0.965	900.403
416.505	482.131	80.097	19.977	100.288	20.302	-1.401	0.986	900.388
417.005	482.629	80.095	19.977	100.286	20.304	-1.499	1.008	900.438
417.505	483.117	80.094	19.978	100.282	20.302	-1.304	0.986	900.426
418.005	483.641	80.096	19.977	100.286	20.301	-1.338	1.013	900.444
418.504	484.122	80.094	19.978	100.292	20.303	-1.543	1.006	900.404
419.004	484.644	80.094	19.977	100.288	20.303	-1.568	1.003	900.441
419.504	485.131	80.095	19.977	100.291	20.304	-1.615	1.008	900.429
420.005	485.631	80.093	19.978	100.291	20.303	-1.509	0.987	900.455
420.505	486.095	80.096	19.978	100.289	20.303	-1.501	0.964	900.430
421.004	486.617	80.097	19.978	100.285	20.302	-1.389	0.986	900.441
421.505	487.102	80.098	19.979	100.287	20.300	-1.154	1.007	900.434
422.005	487.629	80.100	19.978	100.290	20.306	-1.545	1.012	900.463
422.505	488.105	80.099	19.978	100.287	20.304	-1.378	1.003	900.464
423.005	488.592	80.098	19.978	100.280	20.302	-1.220	0.962	900.443
423.505	489.111	80.097	19.977	100.279	20.305	-1.490	1.006	900.471
424.005	489.587	80.098	19.978	100.283	20.302	-1.263	0.995	900.474
424.505	490.078	80.098	19.976	100.277	20.301	-1.181	0.967	900.489
425.004	490.611	80.097	19.976	100.278	20.306	-1.527	1.025	900.484
425.504	491.109	80.097	19.977	100.286	20.304	-1.426	1.031	900.491
426.004	491.592	80.099	19.977	100.287	20.307	-1.642	0.981	900.505
426.505	492.110	80.097	19.977	100.286	20.304	-1.441	1.001	900.502
427.005	492.607	80.096	19.978	100.287	20.304	-1.508	1.014	900.513
427.505	493.101	80.099	19.977	100.286	20.303	-1.399	0.990	900.524
428.006	493.595	80.099	19.977	100.283	20.309	-1.774	0.988	900.530
428.505	494.102	80.098	19.977	100.278	20.304	-1.391	1.003	900.473
429.005	494.629	80.095	19.977	100.275	20.305	-1.389	1.034	900.502
429.505	495.129	80.096	19.978	100.273	20.307	-1.521	1.026	900.535
430.005	495.583	80.097	19.978	100.272	20.304	-1.238	0.954	900.509
430.505	496.105	80.097	19.977	100.270	20.303	-1.214	0.976	900.541
431.006	496.589	80.094	19.977	100.271	20.304	-1.409	1.007	900.534
431.505	497.097	80.098	19.977	100.270	20.304	-1.462	0.994	900.513
432.005	497.587	80.098	19.977	100.272	20.306	-1.646	0.998	900.536
432.505	498.089	80.099	19.977	100.274	20.307	-1.765	0.991	900.529
433.005	498.556	80.101	19.977	100.274	20.307	-1.823	0.968	900.565
433.506	499.090	80.100	19.977	100.272	20.306	-1.709	0.999	900.554
434.007	499.576	80.099	19.976	100.275	20.305	-1.625	1.020	900.540
434.506	500.084	80.097	19.976	100.280	20.306	-1.675	0.996	900.539
435.005	500.590	80.099	19.977	100.275	20.305	-1.535	1.015	900.560
435.505	501.090	80.100	19.977	100.270	20.308	-1.764	1.005	900.546
436.006	501.548	80.099	19.976	100.269	20.306	-1.593	0.959	900.586
436.505	502.043	80.100	19.977	100.263	20.307	-1.717	0.954	900.564
437.005	502.563	80.098	19.977	100.260	20.308	-1.801	1.014	900.564
437.506	503.060	80.098	19.976	100.264	20.304	-1.490	1.017	900.582
438.005	503.552	80.101	19.977	100.269	20.304	-1.516	0.990	900.606
438.505	504.075	80.099	19.977	100.274	20.304	-1.518	1.016	900.587
439.005	504.520	80.098	19.977	100.279	20.308	-1.879	0.968	900.575
439.505	505.045	80.099	19.978	100.279	20.305	-1.623	0.969	900.579
440.005	505.553	80.099	19.977	100.282	20.306	-1.692	1.032	900.598
440.505	506.038	80.099	19.977	100.284	20.302	-1.427	0.994	900.643
441.005	506.536	80.101	19.977	100.284	20.304	-1.563	0.983	900.621
441.505	507.007	80.099	19.976	100.281	20.304	-1.433	0.967	900.596
442.006	507.518	80.100	19.976	100.278	20.305	-1.401	0.982	900.600
442.505	508.012	80.101	19.977	100.274	20.303	-1.161	1.006	900.619
443.005	508.500	80.100	19.976	100.274	20.307	-1.463	0.982	900.601
443.505	509.023	80.102	19.977	100.273	20.308	-1.498	1.010	900.643
444.005	509.507	80.101	19.977	100.279	20.309	-1.508	1.007	900.650
444.505	510.005	80.100	19.977	100.280	20.306	-1.290	0.983	900.625
445.005	510.524	80.099	19.977	100.281	20.308	-1.476	1.017	900.636
445.506	511.019	80.098	19.978	100.279	20.308	-1.437	1.013	900.674
446.005	511.543	80.099	19.977	100.281	20.308	-1.421	1.019	900.676
446.505	512.022	80.100	19.977	100.280	20.311	-1.609	1.003	900.658
447.005	512.525	80.097	19.976	100.282	20.305	-1.198	0.981	900.663
447.505	513.032	80.098	19.976	100.282	20.306	-1.275	1.010	900.675
448.006	513.539	80.099	19.977	100.283	20.306	-1.287	1.014	900.652
448.506	514.033	80.099	19.976	100.280	20.307	-1.335	1.002	900.681
449.005	514.517	80.100	19.976	100.271	20.311	-1.692	0.978	900.674
449.505	515.044	80.100	19.977	100.264	20.309	-1.564	1.011	900.683
450.006	515.513	80.100	19.977	100.262	20.311	-1.656	0.996	900.666
450.506	516.010	80.097	19.977	100.258	20.309	-1.490	0.966	900.674
451.005	516.546	80.096	19.977	100.252	20.309	-1.497	1.033	900.662
451.505	517.015	80.098	19.977	100.251	20.308	-1.403	1.005	900.681
452.005	517.501	80.099	19.977	100.252	20.308	-1.379	0.956	900.701
452.505	517.980	80.096	19.976	100.253	20.306	-1.314	0.965	900.691
453.005	518.528	80.098	19.976	100.251	20.312	-1.845	1.026	900.718
453.505	519.017	80.099	19.978	100.251	20.310	-1.651	1.036	900.686
454.006	519.525	80.098	19.976	100.251	20.311	-1.749	0.996	900.713
454.506	520.021	80.101	19.978	100.252	20.316	-2.142	1.005	900.695
455.005	520.520	80.099	19.978	100.253	20.314	-1.973	0.996	900.710
455.505	521.012	80.100	19.978	100.252	20.313	-1.836	0.991	900.692
456.005	521.501	80.099	19.978	100.253	20.315	-1.988	0.980	900.741
456.506	522.015	80.097	19.977	100.258	20.313	-1.790	1.004	900.710
457.005	522.510	80.100	19.977	100.254	20.311	-1.668	1.010	900.746
457.505	523.002	80.098	19.978	100.250	20.310	-1.622	0.987	900.725
458.005	523.504	80.099	19.978	100.252	20.314	-1.918	0.993	900.750
458.506	524.012	80.099	19.978	100.251	20.311	-1.715	1.009	900.713
459.005	524.497	80.099	19.979	100.247	20.311	-1.765	0.994	900.721
459.505	525.015	80.099	19.977	100.251	20.309	-1.598	1.004	900.763
460.005	525.525	80.100	19.978	100.255	20.310	-1.614	1.028	900.752
460.505	526.012	80.099	19.978	100.258	20.309	-1.613	0.997	900.752
461.005	526.506	80.099	19.977	100.261	20.314	-1.975	0.980	900.751
461.506	527.008	80.098	19.978	100.260	20.309	-1.690	0.995	900.790
462.005	527.513	80.098	19.977	100.260	20.311	-1.856	1.008	900.724
462.505	527.991	80.099	19.977	100.260	20.312	-1.901	0.984	900.741
463.005	528.473	80.098	19.978	100.253	20.315	-2.232	0.960	900.765
463.505	529.027	80.096	19.977	100.251	20.314	-2.060	1.036	900.781
464.005	529.508	80.099	19.977	100.253	20.314	-2.103	1.036	900.812
464.505	529.999	80.097	19.978	100.253	20.314	-2.006	0.971	900.774
465.005	530.498	80.099	19.977	100.251	20.313	-1.891	0.989	900.807
465.506	530.983	80.100	19.978	100.257	20.315	-2.055	0.984	900.777
466.006	531.487	80.100	19.979	100.258	20.313	-1.919	0.990	900.793
466.506	531.956	80.098	19.978	100.259	20.312	-1.805	0.973	900.827
467.006	532.489	80.097	19.978	100.259	20.311	-1.681	1.002	900.800
467.506	532.986	80.098	19.977	100.257	20.314	-1.931	1.030	900.779
468.006	533.498	80.101	19.977	100.258	20.313	-1.826	1.009	900.813
468.506	534.010	80.099	19.978	100.259	20.312	-1.738	1.025	900.810
469.005	534.484	80.100	19.979	100.263	20.311	-1.611	0.986	900.838
469.506	534.986	80.101	19.977	100.267	20.311	-1.592	0.976	900.841
470.006	535.501	80.100	19.978	100.272	20.310	-1.587	1.016	900.847
470.506	535.978	80.099	19.978	100.269	20.310	-1.563	0.991	900.860
471.006	536.510	80.101	19.977	100.265	20.313	-1.789	1.010	900.843
471.505	536.961	80.101	19.978	100.261	20.313	-1.861	0.984	900.857
472.006	537.491	80.101	19.979	100.260	20.313	-1.903	0.981	900.848
472.506	537.983	80.099	19.978	100.257	20.314	-1.943	1.021	900.851
473.006	538.450	80.098	19.978	100.259	20.311	-1.801	0.959	900.876
473.506	538.969	80.099	19.977	100.259	20.313	-1.958	0.987	900.860
474.005	539.470	80.097	19.978	100.256	20.312	-1.894	1.021	900.846
474.506	539.963	80.098	19.978	100.251	20.309	-1.604	0.993	900.838
475.006	540.470	80.099	19.977	100.254	20.309	-1.614	0.999	900.854
475.506	540.951	80.097	19.978	100.252	20.311	-1.772	0.989	900.857
476.006	541.482	80.100	19.977	100.249	20.311	-1.733	1.013	900.850
476.506	541.969	80.102	19.977	100.250	20.313	-1.871	1.018	900.896
477.005	542.456	80.099	19.978	100.252	20.313	-1.921	0.975	900.886
477.505	542.927	80.098	19.978	100.248	20.312	-1.817	0.959	900.847
478.005	543.442	80.097	19.978	100.249	20.314	-1.978	0.985	900.844
478.506	543.925	80.102	19.978	100.253	20.315	-2.047	0.996	900.867
479.006	544.440	80.101	19.978	100.256	20.315	-2.087	0.998	900.856
479.506	544.941	80.100	19.978	100.258	20.313	-1.965	1.017	900.873
480.006	545.439	80.103	19.978	100.261	20.314	-1.983	0.999	900.863
480.506	545.961	80.103	19.977	100.263	20.316	-2.062	1.020	900.865
481.005	546.420	80.100	19.978	100.261	20.311	-1.617	0.981	900.911
481.506	546.948	80.103	19.977	100.260	20.308	-1.378	0.986	900.869
482.006	547.451	80.102	19.976	100.259	20.314	-1.741	1.032	900.933
482.506	547.956	80.103	19.978	100.259	20.316	-1.898	1.009	900.902
483.006	548.462	80.099	19.978	100.258	20.315	-1.849	1.010	900.881
483.506	548.969	80.099	19.978	100.258	20.316	-2.045	1.013	900.944
484.006	549.462	80.100	19.978	100.257	20.316	-2.046	1.001	900.932
484.506	549.963	80.103	19.977	100.257	20.316	-2.051	0.994	900.913
485.005	550.463	80.101	19.978	100.259	20.313	-1.839	1.001	900.899
485.506	550.961	80.101	19.978	100.259	20.316	-2.048	0.998	900.922
486.006	551.439	80.100	19.977	100.260	20.319	-2.241	0.976	900.895
486.506	551.945	80.097	19.978	100.262	20.318	-2.164	0.983	900.921
487.006	552.463	80.100	19.977	100.263	20.316	-2.037	1.025	900.928
487.505	552.951	80.098	19.977	100.260	20.320	-2.316	1.007	900.939
488.005	553.459	80.097	19.978	100.252	20.316	-2.104	0.996	900.964
488.506	553.951	80.096	19.978	100.246	20.315	-1.970	1.000	900.916
489.006	554.457	80.096	19.978	100.244	20.316	-2.124	0.998	900.923
489.506	554.950	80.098	19.978	100.241	20.317	-2.170	0.999	900.937
490.006	555.453	80.098	19.976	100.244	20.316	-2.130	0.995	900.945
490.506	555.922	80.098	19.977	100.250	20.315	-2.078	0.971	900.930
491.006	556.408	80.099	19.978	100.256	20.315	-2.029	0.955	900.974
491.506	556.900	80.097	19.977	100.255	20.312	-1.748	0.979	900.933
492.006	557.397	80.097	19.978	100.253	20.313	-1.807	0.990	900.941
492.505	557.913	80.101	19.977	100.249	20.316	-2.070	1.013	900.967
493.005	558.432	80.100	19.978	100.250	20.313	-1.850	1.036	900.969
493.505	558.889	80.100	19.978	100.249	20.317	-2.144	0.975	900.969
494.006	559.407	80.100	19.978	100.250	20.314	-1.900	0.974	900.965
494.506	559.923	80.099	19.978	100.251	20.314	-1.844	1.034	900.941
495.006	560.403	80.100	19.978	100.254	20.309	-1.490	0.996	900.957
495.505	560.905	80.099	19.978	100.253	20.312	-1.605	0.982	900.989
496.005	561.395	80.099	19.976	100.254	20.309	-1.415	0.992	900.961
496.505	561.920	80.100	19.977	100.256	20.314	-1.779	1.014	900.990
497.006	562.408	80.100	19.977	100.257	20.317	-2.043	1.012	900.952
497.507	562.907	80.100	19.978	100.259	20.313	-1.719	0.987	900.971
498.006	563.434	80.102	19.978	100.258	20.311	-1.591	1.027	900.986
498.505	563.925	80.103	19.977	100.256	20.311	-1.632	1.019	900.967
499.005	564.423	80.102	19.976	100.252	20.312	-1.709	0.989	901.006
499.505	564.912	80.101	19.977	100.253	20.312	-1.667	0.987	901.014
500.005	565.411	80.099	19.976	100.253	20.314	-1.800	0.987	901.008
500.506	565.940	80.099	19.975	100.252	20.313	-1.738	1.028	901.014
501.006	566.380	80.097	19.976	100.254	20.314	-1.793	0.968	901.012
501.506	566.905	80.099	19.975	100.255	20.312	-1.653	0.965	901.002
502.006	567.359	80.101	19.977	100.250	20.316	-1.924	0.980	900.996
502.506	567.879	80.099	19.976	100.246	20.317	-1.932	0.973	900.972
503.006	568.367	80.100	19.976	100.245	20.319	-2.161	1.008	900.966
503.506	568.866	80.100	19.976	100.246	20.315	-1.904	0.988	900.988
504.005	569.376	80.099	19.976	100.245	20.316	-1.928	1.009	901.011
504.505	569.864	80.098	19.976	100.247	20.315	-1.862	0.998	900.990
505.005	570.366	80.097	19.978	100.247	20.314	-1.834	0.989	901.018
505.506	570.877	80.099	19.976	100.249	20.314	-1.836	1.012	901.005
506.006	571.393	80.098	19.976	100.248	20.314	-1.860	1.028	901.036
506.505	571.897	80.098	19.976	100.251	20.314	-1.870	1.020	901.032
507.006	572.378	80.099	19.976	100.250	20.315	-1.930	0.984	900.986
507.506	572.868	80.099	19.976	100.248	20.316	-1.989	0.972	901.009
508.005	573.391	80.098	19.977	100.247	20.317	-2.056	1.014	901.035
508.505	573.891	80.101	19.976	100.246	20.316	-1.940	1.022	901.040
509.006	574.416	80.102	19.976	100.243	20.316	-1.898	1.024	901.035
509.506	574.870	80.101	19.977	100.242	20.312	-1.610	0.978	901.045
510.006	575.364	80.101	19.976	100.242	20.317	-2.014	0.949	901.022
510.506	575.867	80.097	19.977	100.246	20.317	-2.030	0.998	901.062
511.006	576.368	80.098	19.977	100.246	20.314	-1.821	1.004	901.047
511.506	576.916	80.098	19.977	100.245	20.317	-1.939	1.049	901.069
512.006	577.400	80.098	19.976	100.248	20.317	-1.876	1.032	901.059
512.506	577.880	80.099	19.976	100.250	20.317	-1.874	0.963	901.069
513.006	578.371	80.099	19.977	100.248	20.316	-1.769	0.970	901.038
513.506	578.904	80.097	19.976	100.249	20.319	-2.016	1.024	901.041
514.007	579.352	80.100	19.975	100.252	20.312	-1.551	0.981	901.080
514.506	579.874	80.102	19.977	100.250	20.317	-1.977	0.970	901.070
515.006	580.404	80.100	19.976	100.248	20.316	-1.934	1.053	901.102
515.506	580.897	80.099	19.976	100.245	20.316	-1.962	1.023	901.063
516.006	581.405	80.096	19.977	100.245	20.315	-1.868	1.001	901.066
516.506	581.910	80.098	19.976	100.242	20.316	-1.885	1.014	901.097
517.005	582.431	80.100	19.975	100.243	20.317	-1.973	1.025	901.092
517.506	582.895	80.096	19.975	100.248	20.318	-2.009	0.984	901.076
518.006	583.376	80.098	19.975	100.248	20.316	-1.790	0.946	901.091
518.506	583.891	80.097	19.975	100.244	20.315	-1.790	0.996	901.123
519.006	584.377	80.095	19.975	100.242	20.313	-1.599	1.000	901.140
519.506	584.884	80.097	19.975	100.235	20.315	-1.833	0.993	901.130
520.006	585.386	80.098	19.975	100.229	20.315	-1.895	1.009	901.123
520.506	585.866	80.097	19.975	100.232	20.316	-1.990	0.982	901.126
521.006	586.391	80.097	19.975	100.236	20.318	-2.231	1.006	901.106
521.505	586.912	80.097	19.976	100.241	20.319	-2.305	1.046	901.121
522.006	587.412	80.097	19.977	100.247	20.320	-2.379	1.020	901.086
522.506	587.891	80.099	19.976	100.250	20.321	-2.369	0.978	901.135
523.006	588.398	80.098	19.976	100.244	20.320	-2.276	0.986	901.121
523.507	588.876	80.099	19.976	100.242	20.320	-2.202	0.984	901.111
524.007	589.380	80.099	19.977	100.239	20.317	-1.996	0.982	901.103
524.506	589.877	80.101	19.977	100.238	20.318	-2.068	1.002	901.140
525.007	590.368	80.100	19.976	100.237	20.316	-1.899	0.987	901.179
525.506	590.891	80.100	19.977	100.237	20.320	-2.156	1.015	901.119
526.006	591.362	80.099	19.977	100.238	20.318	-2.008	0.995	901.147
526.506	591.871	80.099	19.976	100.238	20.317	-1.944	0.979	901.171
527.006	592.396	80.099	19.976	100.243	20.320	-2.251	1.035	901.148
527.506	592.872	80.101	19.977	100.247	20.315	-1.787	1.001	901.132
528.006	593.337	80.101	19.976	100.256	20.318	-2.006	0.940	901.123
528.506	593.874	80.098	19.976	100.257	20.311	-1.459	1.001	901.158
529.006	594.378	80.102	19.975	100.257	0.000	0.000	1.041	901.165
529.506	594.882	80.099	19.976	100.253	0.000	0.000	1.008	901.147
530.006	595.376	80.100	19.977	100.248	0.000	0.000	0.999	901.136
530.506	595.879	80.101	19.975	100.244	0.000	0.000	0.998	901.129
531.006	596.345	80.099	19.976	100.243	0.000	0.000	0.968	901.161
531.507	596.858	80.101	19.976	100.242	0.000	0.000	0.978	901.163
532.006	597.352	80.099	19.976	100.243	0.000	0.000	1.008	901.154
532.506	597.826	80.098	19.976	100.241	0.000	0.000	0.969	901.151
533.007	598.356	80.100	19.976	100.239	0.000	0.000	1.003	901.175
533.507	598.870	80.100	19.976	100.240	0.000	0.000	1.045	901.180
534.006	599.373	80.100	19.976	100.244	0.000	0.000	1.018	901.175
534.506	599.865	80.099	19.976	100.242	0.000	0.000	0.995	901.200
535.006	600.352	80.100	19.976	100.243	0.000	0.000	0.978	901.193
535.506	600.872	80.100	19.976	100.240	0.000	0.000	1.007	901.209
536.006	601.368	80.103	19.976	100.235	0.000	0.000	1.016	901.177
536.506	601.849	80.101	19.976	100.230	0.000	0.000	0.977	901.198
537.006	602.345	80.101	19.976	100.232	0.000	0.000	0.977	901.149
537.506	602.827	80.101	19.976	100.234	0.000	0.000	0.977	901.166
538.007	603.355	80.100	19.976	100.234	0.000	0.000	1.010	901.185
538.506	603.858	80.102	19.977	100.239	0.000	0.000	1.032	901.185
