File Name:	PS_21.txt	Version: 8.3.7.3
Date:	05 Sep 2024
Operator:	KH
Test ID:	PS_21
Sample ID:	PS_21
Sample Mass (mg):	3.0800
Sample Cup Mass (mg):	184.3300
End Total Mass (mg):	0.0100
Heating Rate (C/s):	1.0000
Combuster Temperature (C):	900.0
N2 Flow Rate (cc/min):	80.0
O2 Flow Rate (cc/min):	20.0
Calibration File:	Coeff.txt
T Correction Coefficients:	0.308738730	0.013615500	0.000000000
Time Shift (s):	10.0
Pre-Test Comments:
Post-Test Comments:
Baseline Flow:	100.076
Baseline O2:	20.162
Instrument ID:	2700
@
Time (s)	Temperature (C)	N2 Flow (cc/min)	O2 Flow (cc/min)	Total Flow (cc/min)	Oxygen (%)	HRR (W/g)	Heating Rate (C/s)	Combustor Temp (C)
0.000	75.229	80.017	19.978	100.076	20.195	-18.835	0.026	899.397
0.500	75.225	80.018	19.978	100.078	20.176	-16.966	0.014	899.376
1.000	75.244	80.019	19.978	100.076	20.150	-14.409	0.015	899.383
1.499	75.226	80.016	19.978	100.083	20.126	-12.004	0.001	899.417
1.999	75.271	80.016	19.978	100.120	20.111	-10.494	0.027	899.409
2.499	75.277	80.017	19.978	100.195	20.089	-8.245	0.051	899.384
3.000	75.321	80.015	19.978	100.309	20.077	-7.086	0.050	899.412
3.500	75.373	80.016	19.977	100.450	20.069	-6.280	0.096	899.433
4.000	75.443	80.020	19.977	100.599	20.063	-5.738	0.122	899.420
4.500	75.468	80.019	19.977	100.724	20.057	-5.220	0.095	899.413
4.999	75.518	80.018	19.977	100.812	20.054	-5.493	0.075	899.431
5.500	75.596	80.016	19.977	100.861	20.051	-6.516	0.129	899.433
6.001	75.691	80.015	19.976	100.883	20.050	-8.447	0.173	899.411
6.500	75.805	80.017	19.977	100.890	20.050	-10.997	0.209	899.425
7.000	75.894	80.015	19.977	100.890	20.046	-13.482	0.203	899.426
7.500	75.960	80.014	19.976	100.891	20.044	-16.296	0.155	899.417
8.000	76.114	80.012	19.977	100.891	20.044	-18.782	0.220	899.412
8.500	76.198	80.012	19.977	100.893	20.045	-20.582	0.237	899.435
9.000	76.329	80.016	19.977	100.893	20.045	-21.117	0.215	899.438
9.501	76.443	80.018	19.977	100.898	20.042	-20.821	0.246	899.408
10.000	76.591	80.017	19.978	100.896	20.038	-19.843	0.263	899.471
10.500	76.731	80.016	19.977	100.897	20.027	-17.802	0.288	899.442
11.000	76.882	80.014	19.977	100.899	20.006	-14.758	0.291	899.461
11.500	77.030	80.016	19.977	100.902	19.975	-10.745	0.300	899.435
12.000	77.199	80.017	19.976	100.909	19.946	-7.083	0.317	899.444
12.500	77.363	80.015	19.976	100.947	19.918	-3.573	0.332	899.435
13.000	77.568	80.015	19.976	101.027	19.900	-1.000	0.369	899.422
13.500	77.797	80.014	19.976	101.156	19.892	0.440	0.434	899.406
14.000	78.017	80.013	19.977	101.317	19.885	1.610	0.449	899.454
14.500	78.296	80.014	19.976	101.498	19.885	2.166	0.499	899.435
15.001	78.577	80.016	19.977	101.664	19.883	2.857	0.560	899.432
15.500	78.827	80.016	19.977	101.776	19.889	2.807	0.532	899.451
16.000	79.141	80.017	19.977	101.829	19.896	2.601	0.564	899.456
16.500	79.473	80.016	19.977	101.838	19.898	2.955	0.646	899.459
17.000	79.794	80.017	19.976	101.808	19.906	2.714	0.653	899.410
17.500	80.162	80.018	19.977	101.761	19.917	2.205	0.689	899.443
18.000	80.508	80.015	19.977	101.714	19.917	2.725	0.713	899.449
18.500	80.889	80.017	19.977	101.664	19.927	2.314	0.727	899.446
18.999	81.259	80.016	19.977	101.620	19.933	2.338	0.752	899.472
19.500	81.660	80.016	19.977	101.585	19.940	2.257	0.770	899.416
20.001	82.043	80.018	19.976	101.548	19.945	2.361	0.783	899.450
20.500	82.480	80.018	19.976	101.511	19.953	2.057	0.820	899.467
21.000	82.869	80.019	19.977	101.483	19.962	1.523	0.827	899.457
21.500	83.278	80.017	19.976	101.455	19.964	1.643	0.798	899.455
22.000	83.727	80.016	19.977	101.429	19.968	1.481	0.858	899.442
22.500	84.153	80.017	19.975	101.402	19.969	1.477	0.875	899.448
23.000	84.562	80.017	19.975	101.376	19.976	0.918	0.835	899.431
23.500	85.019	80.016	19.976	101.345	19.979	0.860	0.867	899.455
24.000	85.486	80.017	19.975	101.315	19.985	0.431	0.925	899.418
24.500	85.942	80.017	19.975	101.282	19.987	0.355	0.922	899.432
25.000	86.430	80.017	19.976	101.251	19.994	-0.149	0.943	899.453
25.501	86.928	80.018	19.976	101.224	20.002	-0.698	0.986	899.466
26.000	87.420	80.017	19.976	101.193	20.004	-0.765	0.991	899.467
26.500	87.878	80.016	19.976	101.158	20.010	-1.316	0.950	899.459
27.000	88.347	80.015	19.976	101.124	20.014	-1.659	0.926	899.450
27.501	88.847	80.016	19.977	101.092	20.017	-1.794	0.969	899.458
28.000	89.316	80.016	19.977	101.062	20.017	-1.725	0.970	899.478
28.500	89.798	80.017	19.977	101.043	20.019	-1.771	0.952	899.441
29.000	90.338	80.017	19.978	101.032	20.021	-1.823	1.021	899.434
29.500	90.797	80.019	19.978	101.026	20.023	-1.818	0.997	899.462
30.001	91.338	80.017	19.976	101.021	20.027	-1.985	1.000	899.451
30.500	91.800	80.019	19.977	101.011	20.028	-2.030	1.005	899.465
31.000	92.317	80.020	19.977	101.001	20.031	-2.133	0.979	899.452
31.500	92.795	80.017	19.976	100.989	20.035	-2.459	0.994	899.489
32.000	93.333	80.016	19.977	100.977	20.036	-2.408	1.016	899.462
32.501	93.838	80.016	19.977	100.967	20.040	-2.548	1.044	899.474
33.000	94.352	80.015	19.977	100.957	20.043	-2.618	1.020	899.482
33.500	94.886	80.019	19.977	100.952	20.048	-3.032	1.047	899.439
34.000	95.374	80.018	19.976	100.949	20.048	-2.965	1.020	899.474
34.501	95.907	80.018	19.978	100.947	20.050	-3.054	1.021	899.442
35.000	96.409	80.019	19.978	100.939	20.048	-2.853	1.036	899.474
35.500	96.933	80.016	19.978	100.935	20.050	-2.960	1.027	899.457
36.000	97.474	80.016	19.978	100.924	20.055	-3.307	1.065	899.477
36.500	97.991	80.019	19.978	100.911	20.053	-3.097	1.057	899.470
37.001	98.515	80.017	19.978	100.897	20.056	-3.314	1.041	899.477
37.500	99.055	80.018	19.979	100.894	20.059	-3.431	1.064	899.475
38.000	99.556	80.017	19.979	100.890	20.059	-3.407	1.041	899.475
38.500	100.072	80.017	19.979	100.879	20.058	-3.255	1.016	899.490
39.001	100.616	80.016	19.977	100.875	20.057	-3.135	1.060	899.445
39.501	101.167	80.015	19.977	100.865	20.059	-3.369	1.096	899.494
40.000	101.686	80.016	19.977	100.850	20.060	-3.485	1.071	899.484
40.500	102.201	80.017	19.978	100.838	20.062	-3.635	1.033	899.480
41.001	102.778	80.015	19.977	100.835	20.064	-3.756	1.091	899.480
41.501	103.292	80.017	19.977	100.828	20.067	-4.019	1.093	899.513
42.000	103.832	80.019	19.977	100.828	20.067	-4.032	1.054	899.498
42.500	104.346	80.017	19.977	100.828	20.066	-3.810	1.054	899.507
43.000	104.859	80.017	19.978	100.821	20.071	-4.169	1.027	899.519
43.500	105.387	80.017	19.978	100.815	20.068	-3.892	1.042	899.534
44.000	105.973	80.017	19.977	100.810	20.070	-3.970	1.115	899.487
44.500	106.474	80.016	19.977	100.804	20.070	-3.933	1.086	899.489
45.000	106.998	80.015	19.977	100.798	20.070	-3.793	1.024	899.491
45.501	107.500	80.016	19.977	100.799	20.067	-3.421	1.025	899.516
46.001	108.069	80.017	19.979	100.800	20.068	-3.495	1.071	899.515
46.500	108.576	80.016	19.978	100.796	20.069	-3.563	1.078	899.496
47.000	109.118	80.019	19.977	100.795	20.071	-3.723	1.049	899.475
47.500	109.686	80.018	19.977	100.798	20.070	-3.547	1.110	899.499
48.000	110.193	80.016	19.977	100.795	20.076	-4.028	1.075	899.460
48.500	110.725	80.016	19.977	100.793	20.077	-4.150	1.039	899.474
49.000	111.257	80.014	19.978	100.791	20.075	-3.885	1.064	899.482
49.500	111.788	80.015	19.977	100.787	20.076	-4.020	1.062	899.521
50.001	112.375	80.015	19.977	100.779	20.075	-3.843	1.117	899.521
50.501	112.858	80.013	19.977	100.775	20.076	-3.973	1.070	899.509
51.000	113.397	80.015	19.977	100.773	20.076	-3.922	1.023	899.484
51.500	113.923	80.017	19.978	100.769	20.078	-4.005	1.064	899.507
52.001	114.482	80.015	19.977	100.765	20.079	-4.158	1.085	899.539
52.501	115.014	80.017	19.977	100.761	20.078	-3.911	1.091	899.547
53.001	115.546	80.019	19.978	100.759	20.081	-4.052	1.064	899.543
53.500	116.043	80.018	19.976	100.756	20.078	-3.788	1.030	899.540
54.000	116.628	80.018	19.976	100.751	20.078	-3.651	1.082	899.502
54.501	117.126	80.016	19.977	100.748	20.080	-3.941	1.082	899.515
55.001	117.624	80.018	19.976	100.746	20.079	-3.833	0.996	899.517
55.501	118.219	80.016	19.976	100.742	20.080	-4.012	1.093	899.517
56.000	118.732	80.015	19.976	100.741	20.083	-4.290	1.108	899.514
56.500	119.286	80.017	19.977	100.740	20.079	-3.941	1.068	899.544
57.000	119.787	80.016	19.977	100.739	20.079	-3.755	1.055	899.514
57.501	120.326	80.017	19.977	100.740	20.081	-3.889	1.040	899.534
58.000	120.878	80.020	19.976	100.739	20.081	-3.798	1.092	899.528
58.500	121.432	80.020	19.976	100.734	20.083	-3.851	1.106	899.561
59.000	121.949	80.017	19.976	100.731	20.083	-3.802	1.070	899.511
59.501	122.484	80.013	19.976	100.728	20.085	-4.091	1.050	899.548
60.001	123.019	80.015	19.977	100.720	20.084	-4.267	1.070	899.535
60.501	123.532	80.018	19.976	100.716	20.086	-4.492	1.049	899.562
61.001	124.061	80.017	19.976	100.714	20.085	-4.390	1.041	899.508
61.501	124.597	80.016	19.976	100.712	20.085	-4.454	1.064	899.521
62.001	125.140	80.017	19.976	100.711	20.083	-4.206	1.079	899.575
62.501	125.685	80.017	19.977	100.716	20.085	-4.309	1.089	899.555
63.001	126.195	80.014	19.976	100.721	20.089	-4.538	1.055	899.504
63.501	126.735	80.016	19.975	100.722	20.087	-4.210	1.050	899.518
64.001	127.266	80.016	19.976	100.720	20.088	-4.313	1.072	899.561
64.501	127.793	80.015	19.976	100.710	20.088	-4.192	1.059	899.529
65.000	128.297	80.015	19.977	100.703	20.088	-4.237	1.031	899.531
65.500	128.811	80.013	19.977	100.696	20.086	-3.984	1.017	899.553
66.000	129.382	80.015	19.978	100.691	20.092	-4.664	1.084	899.544
66.501	129.866	80.016	19.977	100.693	20.088	-4.295	1.054	899.539
67.001	130.413	80.016	19.977	100.703	20.090	-4.457	1.030	899.566
67.501	130.976	80.017	19.977	100.713	20.092	-4.681	1.110	899.548
68.001	131.491	80.016	19.977	100.716	20.091	-4.578	1.079	899.568
68.501	132.013	80.014	19.977	100.719	20.090	-4.387	1.037	899.518
69.001	132.528	80.015	19.977	100.718	20.091	-4.386	1.036	899.551
69.501	133.076	80.014	19.977	100.712	20.091	-4.390	1.064	899.532
70.001	133.625	80.014	19.976	100.703	20.085	-3.725	1.097	899.563
70.501	134.099	80.014	19.977	100.696	20.089	-4.136	1.023	899.569
71.001	134.637	80.013	19.978	100.691	20.088	-3.934	1.013	899.546
71.501	135.192	80.016	19.977	100.687	20.089	-4.047	1.093	899.566
72.000	135.721	80.016	19.976	100.685	20.091	-4.371	1.084	899.540
72.500	136.238	80.016	19.977	100.685	20.092	-4.482	1.047	899.540
73.000	136.759	80.016	19.976	100.687	20.093	-4.650	1.039	899.552
73.500	137.273	80.014	19.977	100.690	20.092	-4.520	1.035	899.559
74.000	137.814	80.015	19.977	100.690	20.094	-4.800	1.054	899.568
74.500	138.310	80.017	19.977	100.689	20.094	-4.879	1.037	899.571
75.000	138.856	80.017	19.978	100.688	20.093	-4.681	1.042	899.561
75.500	139.383	80.019	19.978	100.688	20.097	-4.996	1.073	899.570
76.000	139.908	80.016	19.978	100.682	20.096	-4.899	1.053	899.545
76.500	140.454	80.020	19.979	100.681	20.095	-4.766	1.071	899.566
77.001	140.927	80.020	19.978	100.679	20.092	-4.331	1.018	899.538
77.501	141.473	80.017	19.978	100.674	20.095	-4.642	1.019	899.583
78.000	141.997	80.017	19.977	100.673	20.094	-4.604	1.071	899.601
78.500	142.500	80.019	19.976	100.671	20.094	-4.597	1.027	899.584
79.001	143.076	80.016	19.977	100.673	20.097	-4.891	1.079	899.562
79.501	143.542	80.017	19.978	100.679	20.097	-4.909	1.042	899.596
80.001	144.058	80.017	19.976	100.682	20.097	-4.825	0.982	899.578
80.501	144.604	80.016	19.976	100.685	20.097	-4.827	1.063	899.576
81.001	145.112	80.017	19.976	100.688	20.095	-4.552	1.054	899.613
81.501	145.630	80.017	19.976	100.689	20.097	-4.832	1.026	899.578
82.001	146.143	80.018	19.977	100.686	20.099	-5.033	1.031	899.592
82.501	146.659	80.018	19.977	100.683	20.100	-5.333	1.030	899.597
83.000	147.161	80.015	19.977	100.681	20.098	-5.089	1.019	899.606
83.500	147.728	80.016	19.977	100.680	20.098	-5.172	1.069	899.581
84.000	148.236	80.015	19.976	100.674	20.099	-5.259	1.075	899.574
84.500	148.768	80.014	19.977	100.672	20.097	-5.022	1.039	899.602
85.000	149.271	80.017	19.977	100.675	20.098	-4.961	1.034	899.603
85.500	149.763	80.019	19.976	100.675	20.097	-4.855	0.995	899.588
86.001	150.264	80.019	19.977	100.675	20.097	-4.842	0.994	899.563
86.501	150.789	80.018	19.978	100.677	20.101	-5.203	1.025	899.602
87.001	151.317	80.016	19.977	100.673	20.099	-4.916	1.052	899.583
87.501	151.822	80.016	19.977	100.669	20.097	-4.678	1.033	899.567
88.001	152.343	80.017	19.978	100.667	20.100	-4.918	1.026	899.618
88.501	152.857	80.015	19.977	100.668	20.097	-4.547	1.036	899.607
89.001	153.398	80.018	19.977	100.669	20.097	-4.510	1.055	899.615
89.501	153.899	80.017	19.976	100.678	20.099	-4.622	1.041	899.635
90.001	154.442	80.019	19.977	100.684	20.099	-4.563	1.044	899.634
90.501	154.947	80.020	19.978	100.684	20.100	-4.656	1.048	899.604
91.001	155.414	80.019	19.977	100.683	20.100	-4.691	0.972	899.637
91.501	155.950	80.019	19.978	100.683	20.100	-4.801	1.003	899.627
92.001	156.475	80.018	19.977	100.676	20.100	-4.760	1.061	899.655
92.501	157.004	80.018	19.977	100.671	20.098	-4.594	1.054	899.664
93.001	157.504	80.020	19.977	100.671	20.099	-4.714	1.028	899.673
93.501	158.040	80.020	19.977	100.668	20.099	-4.778	1.036	899.650
94.001	158.536	80.018	19.976	100.669	20.103	-5.120	1.033	899.612
94.500	159.037	80.020	19.976	100.667	20.104	-5.074	0.998	899.658
95.000	159.550	80.019	19.975	100.663	20.102	-4.785	1.015	899.645
95.501	160.076	80.016	19.976	100.658	20.100	-4.606	1.039	899.618
96.001	160.574	80.018	19.976	100.654	20.100	-4.596	1.024	899.637
96.501	161.104	80.017	19.975	100.647	20.100	-4.546	1.027	899.648
97.001	161.599	80.015	19.976	100.646	20.100	-4.546	1.025	899.622
97.501	162.133	80.015	19.976	100.646	20.098	-4.404	1.030	899.642
98.001	162.639	80.015	19.976	100.647	20.105	-5.249	1.040	899.678
98.501	163.109	80.018	19.977	100.650	20.101	-4.919	0.975	899.657
99.001	163.651	80.016	19.977	100.653	20.099	-4.719	1.013	899.644
99.501	164.155	80.015	19.977	100.654	20.102	-5.002	1.046	899.630
100.001	164.694	80.018	19.977	100.653	20.098	-4.618	1.043	899.655
100.501	165.197	80.017	19.976	100.655	20.104	-5.156	1.042	899.655
101.001	165.705	80.016	19.977	100.657	20.101	-4.773	1.011	899.695
101.501	166.221	80.016	19.976	100.653	20.104	-4.969	1.024	899.674
102.001	166.725	80.015	19.975	100.649	20.107	-5.170	1.020	899.665
102.501	167.260	80.014	19.975	100.645	20.108	-5.204	1.039	899.711
103.001	167.745	80.014	19.977	100.641	20.105	-4.801	1.019	899.688
103.501	168.229	80.015	19.976	100.638	20.106	-4.827	0.969	899.692
104.001	168.775	80.017	19.978	100.637	20.103	-4.567	1.031	899.666
104.501	169.278	80.016	19.978	100.642	20.106	-4.867	1.048	899.670
105.001	169.794	80.018	19.977	100.648	20.103	-4.746	1.019	899.687
105.501	170.295	80.020	19.976	100.652	20.103	-4.743	1.018	899.678
106.001	170.809	80.018	19.977	100.654	20.102	-4.660	1.015	899.710
106.500	171.319	80.019	19.975	100.656	20.108	-5.301	1.023	899.688
107.001	171.823	80.021	19.976	100.656	20.106	-5.086	1.014	899.705
107.501	172.326	80.018	19.976	100.652	20.109	-5.415	1.007	899.676
108.001	172.840	80.016	19.976	100.649	20.109	-5.303	1.018	899.667
108.500	173.336	80.015	19.977	100.646	20.111	-5.519	1.011	899.683
109.001	173.833	80.016	19.976	100.640	20.112	-5.507	0.993	899.677
109.501	174.390	80.015	19.977	100.632	20.114	-5.693	1.054	899.687
110.000	174.884	80.013	19.978	100.630	20.111	-5.473	1.051	899.672
110.500	175.390	80.015	19.977	100.625	20.114	-5.786	1.000	899.708
111.000	175.926	80.018	19.978	100.622	20.112	-5.580	1.041	899.682
111.501	176.434	80.015	19.977	100.626	20.109	-5.260	1.045	899.708
112.000	176.928	80.018	19.978	100.630	20.108	-5.296	1.002	899.656
112.501	177.452	80.018	19.978	100.633	20.114	-5.953	1.017	899.686
113.001	177.964	80.016	19.978	100.637	20.111	-5.620	1.035	899.697
113.501	178.476	80.016	19.978	100.639	20.112	-5.635	1.024	899.722
114.001	178.985	80.015	19.977	100.640	20.112	-5.548	1.021	899.728
114.501	179.539	80.017	19.977	100.636	20.109	-5.336	1.063	899.700
115.001	180.011	80.019	19.976	100.634	20.113	-5.653	1.027	899.725
115.501	180.517	80.017	19.978	100.632	20.111	-5.411	0.978	899.749
116.001	181.061	80.019	19.978	100.631	20.111	-5.335	1.050	899.732
116.501	181.556	80.018	19.977	100.628	20.110	-5.205	1.039	899.723
117.002	182.033	80.017	19.976	100.627	20.111	-5.398	0.972	899.744
117.501	182.568	80.017	19.975	100.630	20.114	-5.591	1.013	899.716
118.001	183.067	80.018	19.976	100.630	20.113	-5.409	1.034	899.748
118.501	183.568	80.017	19.975	100.629	20.111	-5.181	1.000	899.731
119.001	184.099	80.016	19.975	100.632	20.115	-5.555	1.032	899.739
119.501	184.582	80.014	19.976	100.638	20.115	-5.513	1.013	899.709
120.001	185.083	80.015	19.975	100.638	20.112	-5.307	0.984	899.749
120.501	185.611	80.016	19.976	100.639	20.112	-5.317	1.029	899.710
121.001	186.081	80.015	19.977	100.636	20.115	-5.553	0.998	899.717
121.501	186.597	80.017	19.976	100.631	20.114	-5.533	0.986	899.695
122.001	187.090	80.016	19.976	100.629	20.114	-5.557	1.009	899.719
122.501	187.630	80.016	19.976	100.627	20.113	-5.390	1.033	899.730
123.001	188.130	80.019	19.975	100.624	20.112	-5.213	1.040	899.741
123.501	188.653	80.017	19.976	100.626	20.113	-5.301	1.024	899.737
124.001	189.178	80.017	19.976	100.627	20.115	-5.390	1.047	899.731
124.501	189.674	80.018	19.975	100.621	20.116	-5.427	1.020	899.751
125.001	190.191	80.018	19.977	100.617	20.115	-5.277	1.012	899.728
125.501	190.696	80.019	19.976	100.618	20.114	-5.147	1.022	899.740
126.001	191.207	80.016	19.976	100.616	20.113	-5.110	1.017	899.745
126.501	191.693	80.016	19.977	100.614	20.118	-5.608	0.998	899.749
127.001	192.210	80.017	19.977	100.614	20.116	-5.537	1.003	899.741
127.501	192.739	80.015	19.976	100.616	20.116	-5.526	1.045	899.746
128.001	193.236	80.016	19.975	100.612	20.114	-5.261	1.026	899.728
128.501	193.738	80.018	19.975	100.614	20.116	-5.466	0.998	899.778
129.001	194.248	80.018	19.976	100.619	20.118	-5.704	1.012	899.744
129.501	194.766	80.017	19.976	100.619	20.119	-5.773	1.028	899.769
130.001	195.272	80.013	19.976	100.618	20.116	-5.588	1.024	899.785
130.501	195.792	80.013	19.977	100.615	20.115	-5.488	1.025	899.768
131.002	196.315	80.017	19.977	100.609	20.119	-5.902	1.043	899.760
131.501	196.804	80.016	19.976	100.603	20.120	-6.119	1.013	899.798
132.001	197.321	80.016	19.978	100.600	20.118	-5.972	1.006	899.795
132.501	197.794	80.017	19.978	100.598	20.118	-5.946	0.990	899.807
133.001	198.325	80.016	19.977	100.599	20.114	-5.430	1.004	899.785
133.501	198.843	80.017	19.977	100.600	20.117	-5.571	1.048	899.768
134.001	199.350	80.019	19.977	100.603	20.117	-5.573	1.024	899.782
134.502	199.845	80.017	19.977	100.606	20.117	-5.466	1.003	899.772
135.001	200.357	80.017	19.977	100.606	20.117	-5.361	1.007	899.786
135.501	200.830	80.017	19.975	100.608	20.114	-5.061	0.985	899.799
136.001	201.337	80.016	19.976	100.607	20.117	-5.372	0.980	899.793
136.501	201.852	80.018	19.976	100.606	20.115	-5.178	1.022	899.751
137.001	202.363	80.017	19.975	100.605	20.117	-5.402	1.026	899.785
137.501	202.880	80.019	19.976	100.610	20.114	-5.195	1.027	899.791
138.001	203.389	80.020	19.977	100.613	20.116	-5.493	1.026	899.771
138.501	203.893	80.018	19.976	100.616	20.120	-5.899	1.013	899.787
139.001	204.421	80.016	19.976	100.619	20.118	-5.661	1.032	899.826
139.501	204.947	80.019	19.975	100.620	20.117	-5.574	1.054	899.806
140.001	205.419	80.018	19.976	100.615	20.120	-5.815	0.998	899.824
140.501	205.939	80.017	19.976	100.609	20.119	-5.632	0.992	899.816
141.001	206.450	80.016	19.976	100.607	20.119	-5.539	1.031	899.758
141.501	206.921	80.016	19.976	100.600	20.119	-5.506	0.982	899.765
142.001	207.460	80.017	19.976	100.595	20.119	-5.423	1.010	899.798
142.501	207.940	80.017	19.976	100.590	20.115	-4.966	1.018	899.798
143.001	208.459	80.018	19.975	100.591	20.117	-5.144	0.999	899.760
143.501	208.946	80.020	19.976	100.593	20.118	-5.293	1.007	899.788
144.001	209.465	80.018	19.976	100.596	20.119	-5.531	1.006	899.818
144.501	209.997	80.019	19.977	100.599	20.117	-5.372	1.051	899.785
145.001	210.491	80.019	19.977	100.605	20.123	-6.093	1.026	899.805
145.501	210.977	80.018	19.976	100.606	20.120	-5.868	0.979	899.820
146.001	211.493	80.017	19.977	100.603	20.118	-5.562	1.002	899.791
146.501	211.983	80.017	19.976	100.602	20.118	-5.581	1.007	899.799
147.001	212.521	80.017	19.975	100.602	20.119	-5.550	1.028	899.781
147.501	213.026	80.019	19.976	100.602	20.117	-5.250	1.043	899.807
148.001	213.505	80.018	19.975	100.597	20.117	-5.226	0.984	899.809
148.501	214.008	80.019	19.974	100.594	20.114	-4.854	0.981	899.771
149.001	214.565	80.020	19.976	100.588	20.118	-5.260	1.059	899.813
149.502	215.021	80.018	19.975	100.581	20.120	-5.517	1.013	899.814
150.002	215.536	80.019	19.976	100.577	20.121	-5.614	0.972	899.840
150.501	216.034	80.019	19.976	100.583	20.119	-5.491	1.014	899.817
151.001	216.568	80.018	19.975	100.588	20.119	-5.569	1.032	899.830
151.502	217.070	80.018	19.976	100.593	20.120	-5.719	1.036	899.824
152.001	217.569	80.018	19.976	100.600	20.121	-5.810	1.000	899.826
152.501	218.052	80.019	19.975	100.605	20.123	-5.992	0.981	899.822
153.002	218.604	80.020	19.976	100.604	20.120	-5.699	1.036	899.782
153.501	219.087	80.017	19.976	100.601	20.119	-5.472	1.035	899.833
154.001	219.572	80.016	19.976	100.597	20.117	-5.195	0.967	899.847
154.501	220.049	80.016	19.976	100.593	20.119	-5.416	0.962	899.809
155.002	220.608	80.018	19.976	100.585	20.118	-5.349	1.037	899.816
155.501	221.079	80.020	19.976	100.580	20.119	-5.438	1.030	899.817
156.001	221.575	80.020	19.976	100.579	20.119	-5.325	0.966	899.843
156.501	222.105	80.019	19.975	100.582	20.122	-5.635	1.026	899.816
157.002	222.617	80.019	19.976	100.585	20.120	-5.360	1.041	899.826
157.502	223.129	80.016	19.976	100.590	20.120	-5.373	1.024	899.873
158.001	223.590	80.018	19.976	100.593	20.120	-5.292	0.974	899.842
158.501	224.128	80.018	19.976	100.596	20.124	-5.694	1.000	899.845
159.001	224.637	80.016	19.975	100.598	20.119	-5.207	1.046	899.864
159.502	225.147	80.018	19.975	100.596	20.122	-5.479	1.017	899.836
160.002	225.640	80.018	19.977	100.594	20.124	-5.712	1.003	899.870
160.502	226.151	80.018	19.976	100.593	20.123	-5.567	1.005	899.863
161.002	226.657	80.017	19.977	100.589	20.126	-5.967	1.017	899.845
161.502	227.154	80.019	19.977	100.583	20.126	-5.949	1.004	899.824
162.002	227.676	80.019	19.977	100.583	20.125	-5.884	1.019	899.871
162.502	228.185	80.019	19.977	100.584	20.126	-6.072	1.031	899.854
163.002	228.664	80.018	19.976	100.584	20.124	-5.799	0.988	899.836
163.501	229.168	80.020	19.975	100.582	20.123	-5.707	0.984	899.850
164.001	229.651	80.020	19.976	100.579	20.122	-5.596	0.987	899.842
164.501	230.178	80.019	19.976	100.575	20.122	-5.584	1.010	899.857
165.001	230.714	80.021	19.976	100.572	20.121	-5.442	1.063	899.856
165.501	231.173	80.020	19.976	100.571	20.123	-5.624	0.994	899.849
166.001	231.675	80.020	19.976	100.573	20.125	-5.842	0.960	899.843
166.502	232.199	80.022	19.976	100.574	20.122	-5.563	1.026	899.856
167.002	232.688	80.021	19.976	100.573	20.126	-5.893	1.013	899.865
167.501	233.209	80.021	19.976	100.572	20.122	-5.492	1.011	899.863
168.001	233.739	80.018	19.977	100.571	20.125	-5.786	1.052	899.887
168.501	234.232	80.017	19.977	100.574	20.127	-5.938	1.023	899.869
169.001	234.739	80.020	19.976	100.576	20.127	-5.900	0.999	899.872
169.501	235.215	80.021	19.977	100.581	20.131	-6.307	0.983	899.879
170.001	235.714	80.019	19.976	100.581	20.128	-6.025	0.975	899.870
170.501	236.220	80.020	19.976	100.580	20.128	-6.014	1.004	899.895
171.002	236.743	80.018	19.978	100.577	20.127	-5.834	1.029	899.893
171.502	237.226	80.017	19.978	100.577	20.127	-5.932	1.006	899.872
172.001	237.727	80.018	19.977	100.575	20.128	-6.002	0.985	899.891
172.501	238.222	80.018	19.977	100.575	20.125	-5.806	0.996	899.908
173.001	238.728	80.017	19.976	100.576	20.126	-5.927	1.000	899.878
173.501	239.222	80.017	19.977	100.576	20.125	-5.741	1.001	899.831
174.001	239.728	80.017	19.976	100.575	20.125	-5.747	1.001	899.893
174.501	240.223	80.017	19.975	100.573	20.127	-5.873	1.000	899.902
175.002	240.721	80.015	19.976	100.571	20.127	-5.927	0.993	899.913
175.502	241.243	80.017	19.976	100.573	20.131	-6.264	1.020	899.902
176.002	241.742	80.021	19.976	100.571	20.125	-5.653	1.020	899.906
176.503	242.231	80.017	19.976	100.570	20.128	-5.975	0.988	899.912
177.002	242.758	80.017	19.976	100.569	20.127	-5.980	1.016	899.917
177.502	243.250	80.018	19.976	100.571	20.125	-5.767	1.018	899.916
178.002	243.770	80.018	19.976	100.567	20.124	-5.614	1.012	899.911
178.502	244.270	80.016	19.975	100.567	20.122	-5.364	1.021	899.927
179.001	244.767	80.017	19.976	100.569	20.125	-5.604	0.997	899.930
179.501	245.253	80.019	19.976	100.569	20.126	-5.774	0.984	899.927
180.001	245.779	80.020	19.975	100.572	20.129	-5.969	1.012	899.914
180.501	246.278	80.018	19.976	100.575	20.128	-5.826	1.025	899.937
181.001	246.787	80.019	19.976	100.573	20.128	-5.713	1.008	899.911
181.501	247.299	80.020	19.975	100.568	20.125	-5.371	1.020	899.936
182.002	247.809	80.019	19.977	100.568	20.126	-5.477	1.021	899.922
182.502	248.290	80.018	19.976	100.564	20.129	-5.695	0.991	899.936
183.002	248.803	80.019	19.976	100.563	20.127	-5.426	0.994	899.951
183.502	249.269	80.018	19.975	100.566	20.128	-5.543	0.978	899.933
184.003	249.799	80.019	19.976	100.568	20.126	-5.321	0.996	899.951
184.502	250.344	80.018	19.976	100.572	20.129	-5.683	1.076	899.979
185.002	250.803	80.019	19.977	100.569	20.129	-5.626	1.004	899.938
185.502	251.306	80.019	19.976	100.567	20.131	-5.848	0.962	899.987
186.002	251.802	80.016	19.976	100.566	20.131	-5.867	0.999	899.916
186.502	252.317	80.018	19.977	100.562	20.129	-5.595	1.012	899.970
187.001	252.789	80.016	19.977	100.560	20.128	-5.470	0.988	899.963
187.501	253.279	80.016	19.977	100.560	20.131	-5.864	0.962	899.936
188.002	253.795	80.016	19.977	100.558	20.134	-6.161	1.006	899.912
188.501	254.330	80.018	19.977	100.553	20.133	-6.026	1.052	899.932
189.002	254.800	80.015	19.977	100.551	20.131	-5.779	1.004	899.948
189.502	255.338	80.014	19.976	100.546	20.131	-5.772	1.008	899.936
190.001	255.830	80.014	19.976	100.542	20.133	-6.018	1.031	899.951
190.502	256.353	80.013	19.977	100.538	20.132	-5.938	1.015	899.966
191.002	256.857	80.015	19.976	100.542	20.133	-6.012	1.027	899.961
191.502	257.364	80.014	19.977	100.546	20.134	-6.201	1.010	899.971
192.002	257.867	80.016	19.977	100.544	20.135	-6.306	1.009	899.961
192.502	258.357	80.015	19.976	100.545	20.136	-6.451	0.993	899.970
193.002	258.858	80.014	19.977	100.546	20.134	-6.284	0.992	900.007
193.501	259.337	80.013	19.977	100.545	20.133	-6.095	0.980	899.961
194.002	259.869	80.015	19.976	100.540	20.132	-5.924	1.011	899.980
194.502	260.364	80.017	19.976	100.541	20.133	-6.053	1.027	900.008
195.002	260.849	80.013	19.975	100.544	20.134	-6.154	0.979	900.002
195.502	261.343	80.013	19.975	100.545	20.132	-5.877	0.980	899.980
196.002	261.846	80.014	19.976	100.541	20.133	-6.015	0.997	899.993
196.502	262.328	80.015	19.976	100.539	20.133	-6.075	0.985	899.955
197.002	262.866	80.013	19.975	100.539	20.134	-6.181	1.021	899.986
197.501	263.352	80.016	19.976	100.538	20.134	-6.152	1.025	899.974
198.001	263.832	80.015	19.976	100.540	20.135	-6.241	0.966	900.003
198.501	264.352	80.015	19.977	100.544	20.133	-6.084	0.998	899.968
199.002	264.847	80.019	19.978	100.548	20.135	-6.173	1.013	900.009
199.503	265.338	80.017	19.977	100.549	20.133	-5.908	0.985	899.979
200.003	265.861	80.019	19.976	100.552	20.131	-5.737	1.015	900.017
200.502	266.348	80.017	19.975	100.550	20.133	-5.967	1.012	900.001
201.002	266.862	80.016	19.975	100.547	20.131	-5.780	1.002	900.022
201.502	267.348	80.018	19.976	100.545	20.133	-5.955	1.000	900.023
202.001	267.855	80.018	19.976	100.546	20.132	-5.859	0.993	899.997
202.502	268.365	80.017	19.976	100.539	20.132	-5.836	1.016	900.014
203.002	268.864	80.018	19.976	100.540	20.136	-6.192	1.008	899.989
203.502	269.341	80.018	19.976	100.543	20.133	-5.960	0.977	899.976
204.001	269.865	80.017	19.976	100.548	20.134	-6.035	1.001	900.003
204.502	270.380	80.019	19.977	100.545	20.133	-5.915	1.038	900.001
205.002	270.836	80.018	19.976	100.547	20.135	-6.155	0.971	899.996
205.502	271.340	80.018	19.976	100.544	20.133	-5.976	0.960	900.016
206.003	271.874	80.017	19.975	100.541	20.136	-6.208	1.038	899.999
206.503	272.365	80.017	19.975	100.536	20.133	-5.833	1.026	899.996
207.002	272.830	80.018	19.976	100.538	20.136	-6.063	0.957	900.001
207.501	273.374	80.017	19.976	100.538	20.135	-5.925	1.008	900.018
208.003	273.855	80.018	19.975	100.539	20.137	-6.113	1.023	900.012
208.503	274.349	80.018	19.976	100.539	20.132	-5.695	0.976	900.011
209.002	274.869	80.016	19.976	100.539	20.135	-5.996	1.015	900.054
209.502	275.373	80.017	19.976	100.536	20.136	-6.027	1.024	899.987
210.002	275.892	80.019	19.978	100.535	20.139	-6.220	1.022	900.019
210.502	276.341	80.018	19.977	100.534	20.134	-5.798	0.968	900.037
211.002	276.880	80.017	19.977	100.536	20.135	-5.819	0.989	899.986
211.502	277.339	80.017	19.975	100.541	20.134	-5.552	0.997	900.004
212.002	277.864	80.018	19.975	100.539	20.135	-5.671	0.983	900.004
212.503	278.369	80.018	19.976	100.539	20.134	-5.592	1.031	900.026
213.002	278.868	80.015	19.976	100.537	20.136	-5.892	1.005	900.022
213.501	279.350	80.015	19.975	100.531	20.134	-5.592	0.982	900.037
214.002	279.856	80.015	19.976	100.527	20.136	-5.840	0.987	900.030
214.502	280.374	80.017	19.977	100.529	20.139	-6.172	1.023	900.047
215.002	280.897	80.019	19.977	100.527	20.140	-6.260	1.042	900.028
215.501	281.339	80.020	19.978	100.528	20.135	-5.797	0.965	900.019
216.001	281.852	80.017	19.977	100.532	20.135	-5.783	0.954	900.029
216.502	282.400	80.016	19.976	100.529	20.137	-6.050	1.060	900.061
217.002	282.887	80.013	19.976	100.523	20.135	-5.855	1.035	900.026
217.502	283.355	80.016	19.975	100.521	20.136	-5.926	0.955	900.032
218.002	283.886	80.016	19.976	100.521	20.135	-5.852	0.999	900.052
218.502	284.368	80.015	19.976	100.515	20.137	-5.999	1.014	900.064
219.002	284.877	80.017	19.976	100.512	20.139	-6.162	0.992	900.040
219.502	285.371	80.019	19.976	100.515	20.139	-6.202	1.002	900.034
220.002	285.859	80.017	19.976	100.517	20.133	-5.543	0.982	900.036
220.502	286.374	80.018	19.976	100.516	20.135	-5.755	1.002	900.080
221.003	286.867	80.019	19.977	100.515	20.137	-6.057	1.007	900.067
221.502	287.364	80.019	19.976	100.519	20.136	-6.027	0.991	900.053
222.002	287.875	80.018	19.976	100.520	20.134	-5.801	1.008	900.081
222.502	288.379	80.018	19.975	100.518	20.137	-6.121	1.015	900.054
223.002	288.865	80.018	19.975	100.518	20.133	-5.711	0.990	900.077
223.502	289.360	80.019	19.975	100.525	20.136	-5.988	0.982	900.081
224.002	289.891	80.017	19.976	100.525	20.136	-5.936	1.026	900.020
224.502	290.379	80.017	19.975	100.523	20.132	-5.574	1.018	900.068
225.002	290.859	80.018	19.976	100.524	20.136	-5.956	0.968	900.085
225.502	291.368	80.017	19.976	100.520	20.136	-5.972	0.989	900.079
226.002	291.880	80.020	19.975	100.515	20.139	-6.275	1.020	900.071
226.503	292.360	80.019	19.977	100.519	20.140	-6.383	0.992	900.029
227.002	292.868	80.019	19.978	100.520	20.141	-6.455	0.989	900.079
227.502	293.412	80.019	19.977	100.518	20.141	-6.353	1.053	900.065
228.002	293.911	80.018	19.977	100.521	20.138	-6.124	1.043	900.078
228.502	294.418	80.018	19.976	100.523	20.140	-6.328	1.005	900.098
229.002	294.898	80.018	19.977	100.523	20.140	-6.265	0.987	900.060
229.502	295.391	80.015	19.977	100.525	20.137	-5.993	0.974	900.067
230.002	295.885	80.017	19.976	100.527	20.138	-6.176	0.987	900.095
230.502	296.367	80.018	19.977	100.525	20.137	-6.020	0.976	900.100
231.002	296.899	80.019	19.977	100.524	20.137	-5.959	1.014	900.096
231.502	297.374	80.019	19.976	100.522	20.135	-5.704	1.006	900.078
232.002	297.877	80.021	19.977	100.522	20.136	-5.733	0.979	900.091
232.502	298.391	80.021	19.978	100.524	20.136	-5.746	1.017	900.116
233.002	298.911	80.020	19.977	100.525	20.134	-5.541	1.033	900.077
233.503	299.390	80.020	19.976	100.524	20.136	-5.746	0.999	900.090
234.002	299.926	80.021	19.975	100.521	20.139	-6.060	1.016	900.100
234.502	300.371	80.019	19.976	100.518	20.137	-5.798	0.981	900.084
235.002	300.880	80.017	19.976	100.518	20.140	-6.056	0.953	900.079
235.502	301.398	80.016	19.975	100.520	20.136	-5.605	1.027	900.128
236.002	301.885	80.015	19.976	100.521	20.138	-5.707	1.005	900.089
236.502	302.404	80.015	19.977	100.522	20.140	-5.846	1.006	900.103
237.002	302.901	80.017	19.976	100.521	20.136	-5.368	1.016	900.129
237.502	303.418	80.016	19.977	100.520	20.138	-5.625	1.014	900.108
238.002	303.902	80.017	19.978	100.519	20.136	-5.445	1.000	900.094
238.503	304.394	80.018	19.977	100.517	20.133	-5.255	0.975	900.086
239.003	304.945	80.017	19.977	100.515	20.138	-5.749	1.043	900.129
239.503	305.430	80.019	19.976	100.513	20.135	-5.444	1.036	900.124
240.003	305.902	80.017	19.976	100.510	20.136	-5.570	0.958	900.146
240.502	306.388	80.017	19.977	100.510	20.136	-5.511	0.958	900.106
241.002	306.900	80.019	19.976	100.511	20.135	-5.420	0.996	900.133
241.503	307.400	80.017	19.977	100.513	20.140	-5.910	1.012	900.143
242.002	307.917	80.014	19.977	100.509	20.137	-5.647	1.018	900.138
242.503	308.398	80.016	19.977	100.503	20.137	-5.588	0.997	900.157
243.003	308.911	80.016	19.977	100.499	20.133	-5.298	0.994	900.124
243.503	309.399	80.015	19.978	100.495	20.134	-5.386	1.001	900.148
244.003	309.897	80.015	19.977	100.492	20.137	-5.676	0.986	900.120
244.502	310.408	80.017	19.977	100.495	20.135	-5.466	1.010	900.153
245.002	310.898	80.017	19.976	100.498	20.137	-5.594	1.001	900.160
245.503	311.394	80.013	19.976	100.498	20.140	-5.789	0.986	900.165
246.002	311.895	80.013	19.977	100.500	20.139	-5.573	0.998	900.106
246.502	312.397	80.016	19.976	100.501	20.135	-5.157	1.003	900.156
247.002	312.857	80.015	19.976	100.501	20.137	-5.391	0.961	900.150
247.503	313.388	80.016	19.978	100.503	20.136	-5.205	0.991	900.158
248.003	313.881	80.019	19.977	100.503	20.137	-5.267	1.025	900.143
248.503	314.389	80.018	19.977	100.499	20.136	-5.253	1.000	900.155
249.003	314.890	80.017	19.977	100.496	20.133	-5.004	1.009	900.170
249.503	315.386	80.015	19.977	100.499	20.134	-5.161	0.998	900.169
250.003	315.870	80.015	19.976	100.500	20.137	-5.422	0.981	900.152
250.502	316.391	80.017	19.976	100.503	20.138	-5.619	1.005	900.170
251.002	316.905	80.012	19.976	100.505	20.137	-5.495	1.034	900.183
251.502	317.411	80.016	19.977	100.504	20.142	-5.985	1.020	900.199
252.003	317.883	80.017	19.977	100.502	20.138	-5.564	0.977	900.173
252.503	318.395	80.014	19.976	100.498	20.136	-5.339	0.984	900.207
253.003	318.866	80.018	19.977	100.491	20.135	-5.224	0.983	900.192
253.503	319.388	80.019	19.975	100.487	20.139	-5.707	0.993	900.199
254.003	319.889	80.018	19.976	100.489	20.135	-5.429	1.023	900.151
254.502	320.374	80.018	19.977	100.487	20.134	-5.279	0.986	900.202
255.002	320.893	80.017	19.977	100.484	20.136	-5.431	1.004	900.203
255.503	321.407	80.018	19.977	100.483	20.134	-5.194	1.032	900.170
256.003	321.886	80.018	19.976	100.486	20.137	-5.410	0.993	900.175
256.502	322.386	80.016	19.976	100.489	20.137	-5.331	0.980	900.180
257.002	322.854	80.018	19.977	100.490	20.137	-5.208	0.969	900.186
257.502	323.371	80.018	19.977	100.493	20.136	-5.108	0.984	900.177
258.003	323.873	80.017	19.977	100.497	20.136	-5.095	1.019	900.146
258.502	324.376	80.020	19.977	100.496	20.138	-5.344	1.006	900.171
259.002	324.893	80.017	19.977	100.492	20.140	-5.554	1.020	900.211
259.503	325.376	80.015	19.976	100.492	20.135	-5.105	1.000	900.172
260.003	325.872	80.014	19.976	100.492	20.134	-4.949	0.978	900.172
260.503	326.388	80.017	19.976	100.490	20.135	-4.995	1.010	900.175
261.004	326.904	80.018	19.976	100.497	20.137	-5.250	1.031	900.210
261.504	327.406	80.018	19.976	100.502	20.138	-5.320	1.019	900.184
262.004	327.914	80.017	19.977	100.500	20.137	-5.220	1.011	900.234
262.503	328.431	80.018	19.976	100.495	20.140	-5.442	1.025	900.222
263.003	328.886	80.016	19.977	100.493	20.140	-5.477	0.972	900.241
263.503	329.384	80.017	19.976	100.484	20.140	-5.554	0.954	900.224
264.002	329.881	80.016	19.977	100.479	20.139	-5.411	0.996	900.191
264.503	330.409	80.014	19.976	100.476	20.140	-5.590	1.024	900.195
265.003	330.903	80.014	19.976	100.479	20.137	-5.400	1.022	900.194
265.503	331.380	80.013	19.977	100.479	20.140	-5.735	0.970	900.219
266.003	331.909	80.015	19.977	100.482	20.135	-5.258	1.005	900.213
266.503	332.404	80.015	19.977	100.482	20.136	-5.253	1.025	900.271
267.003	332.925	80.013	19.977	100.481	20.141	-5.700	1.017	900.226
267.502	333.390	80.012	19.978	100.481	20.137	-5.338	0.986	900.227
268.002	333.899	80.013	19.978	100.479	20.138	-5.301	0.974	900.241
268.502	334.414	80.014	19.977	100.478	20.142	-5.617	1.025	900.211
269.002	334.921	80.016	19.976	100.479	20.139	-5.259	1.022	900.239
269.502	335.395	80.018	19.977	100.477	20.137	-5.126	0.980	900.230
270.003	335.879	80.017	19.977	100.475	20.138	-5.215	0.957	900.244
270.503	336.395	80.016	19.976	100.477	20.135	-4.885	1.001	900.226
271.002	336.885	80.015	19.977	100.479	20.134	-4.850	1.006	900.249
271.502	337.409	80.015	19.978	100.477	20.135	-5.014	1.012	900.237
272.004	337.880	80.016	19.977	100.483	20.138	-5.352	0.994	900.229
272.504	338.413	80.016	19.976	100.492	20.138	-5.262	1.005	900.264
273.002	338.905	80.016	19.976	100.494	20.137	-5.236	1.026	900.257
273.503	339.418	80.014	19.977	100.490	20.136	-5.138	1.004	900.263
274.003	339.926	80.013	19.977	100.486	20.138	-5.377	1.021	900.248
274.503	340.412	80.014	19.977	100.483	20.134	-4.846	0.994	900.241
275.003	340.916	80.013	19.978	100.480	20.134	-4.746	0.990	900.269
275.502	341.396	80.013	19.977	100.476	20.132	-4.532	0.985	900.240
276.003	341.877	80.014	19.976	100.472	20.135	-4.856	0.960	900.244
276.503	342.402	80.012	19.977	100.473	20.134	-4.767	1.006	900.221
277.002	342.909	80.013	19.977	100.473	20.134	-4.751	1.032	900.291
277.503	343.399	80.015	19.977	100.471	20.134	-4.756	0.996	900.267
278.003	343.937	80.013	19.977	100.473	20.134	-4.825	1.028	900.267
278.503	344.413	80.013	19.976	100.478	20.138	-5.166	1.014	900.273
279.003	344.894	80.012	19.977	100.480	20.136	-4.923	0.956	900.249
279.503	345.440	80.012	19.979	100.481	20.136	-4.949	1.026	900.270
280.003	345.883	80.015	19.978	100.476	20.138	-5.137	0.989	900.239
280.503	346.414	80.014	19.978	100.477	20.132	-4.601	0.975	900.252
281.003	346.883	80.013	19.979	100.480	20.131	-4.605	1.001	900.261
281.503	347.410	80.012	19.978	100.481	20.133	-4.781	0.996	900.251
282.003	347.931	80.012	19.978	100.475	20.129	-4.344	1.048	900.262
282.503	348.427	80.013	19.980	100.471	20.134	-4.812	1.017	900.250
283.003	348.926	80.015	19.979	100.467	20.133	-4.677	0.995	900.256
283.503	349.408	80.015	19.979	100.467	20.131	-4.478	0.981	900.246
284.003	349.911	80.016	19.979	100.467	20.134	-4.709	0.986	900.262
284.503	350.373	80.014	19.978	100.471	20.133	-4.548	0.965	900.252
285.003	350.904	80.011	19.979	100.475	20.128	-4.074	0.993	900.271
285.503	351.407	80.014	19.978	100.471	20.128	-4.097	1.035	900.272
286.003	351.897	80.015	19.978	100.468	20.129	-4.052	0.992	900.251
286.503	352.443	80.014	19.978	100.465	20.129	-4.112	1.035	900.247
287.003	352.944	80.014	19.978	100.466	20.127	-3.971	1.048	900.253
287.502	353.424	80.015	19.979	100.472	20.128	-4.050	0.981	900.298
288.003	353.917	80.015	19.979	100.479	20.130	-4.261	0.973	900.265
288.503	354.414	80.016	19.978	100.479	20.127	-3.991	0.990	900.318
289.003	354.926	80.013	19.977	100.480	20.130	-4.343	1.010	900.313
289.503	355.406	80.013	19.977	100.475	20.127	-3.980	0.991	900.261
290.004	355.881	80.014	19.977	100.471	20.127	-3.946	0.955	900.304
290.503	356.413	80.013	19.977	100.470	20.127	-3.901	1.008	900.280
291.003	356.891	80.016	19.977	100.470	20.124	-3.609	1.010	900.284
291.503	357.432	80.017	19.976	100.468	20.124	-3.583	1.019	900.294
292.002	357.914	80.017	19.979	100.466	20.121	-3.371	1.023	900.311
292.502	358.397	80.016	19.977	100.467	20.123	-3.662	0.964	900.280
293.003	358.923	80.014	19.976	100.461	20.126	-3.941	1.008	900.295
293.503	359.397	80.017	19.978	100.459	20.121	-3.483	1.001	900.275
294.003	359.919	80.016	19.978	100.463	20.121	-3.358	0.996	900.291
294.503	360.408	80.014	19.978	100.468	20.122	-3.383	1.010	900.279
295.004	360.901	80.014	19.977	100.468	20.120	-3.104	0.982	900.279
295.504	361.392	80.014	19.977	100.469	20.119	-2.880	0.984	900.289
296.003	361.910	80.013	19.977	100.469	20.117	-2.587	1.010	900.281
296.503	362.402	80.016	19.977	100.466	20.113	-2.207	1.011	900.291
297.003	362.918	80.014	19.977	100.464	20.116	-2.518	1.008	900.286
297.503	363.407	80.014	19.977	100.464	20.116	-2.532	1.004	900.305
298.003	363.896	80.013	19.977	100.463	20.115	-2.414	0.978	900.279
298.503	364.389	80.011	19.977	100.464	20.109	-1.862	0.983	900.291
299.003	364.891	80.011	19.978	100.464	20.110	-1.947	0.995	900.318
299.503	365.390	80.012	19.978	100.468	20.108	-1.814	1.001	900.304
300.003	365.912	80.010	19.977	100.473	20.106	-1.637	1.020	900.305
300.503	366.426	80.012	19.976	100.473	20.106	-1.656	1.037	900.296
301.003	366.904	80.011	19.977	100.472	20.107	-1.745	0.993	900.325
301.503	367.396	80.013	19.977	100.466	20.104	-1.570	0.969	900.311
302.003	367.897	80.014	19.977	100.461	20.107	-1.864	0.992	900.335
302.503	368.404	80.012	19.976	100.453	20.104	-1.549	1.009	900.344
303.003	368.915	80.012	19.977	100.449	20.103	-1.345	1.019	900.326
303.503	369.421	80.011	19.977	100.444	20.100	-1.045	1.017	900.318
304.003	369.887	80.009	19.977	100.447	20.101	-1.085	0.972	900.341
304.503	370.425	80.012	19.977	100.446	20.099	-0.817	1.005	900.309
305.003	370.919	80.011	19.977	100.447	20.096	-0.602	1.032	900.346
305.503	371.390	80.012	19.977	100.448	20.095	-0.500	0.964	900.362
306.003	371.891	80.012	19.977	100.452	20.093	-0.458	0.972	900.346
306.503	372.402	80.011	19.977	100.452	20.088	-0.033	1.012	900.317
307.003	372.919	80.012	19.977	100.452	20.093	-0.557	1.028	900.324
307.503	373.395	80.013	19.977	100.453	20.088	-0.062	0.994	900.362
308.003	373.920	80.012	19.977	100.455	20.087	0.010	1.001	900.351
308.503	374.398	80.011	19.977	100.457	20.079	0.739	1.002	900.349
309.003	374.892	80.011	19.977	100.461	20.079	0.948	0.973	900.343
309.503	375.398	80.012	19.977	100.464	20.078	1.084	1.000	900.315
310.003	375.911	80.014	19.979	100.462	20.075	1.380	1.018	900.336
310.503	376.391	80.012	19.978	100.456	20.070	2.051	0.992	900.366
311.003	376.918	80.014	19.978	100.451	20.067	2.410	1.007	900.344
311.503	377.399	80.013	19.977	100.448	20.064	2.743	1.008	900.351
312.003	377.894	80.012	19.976	100.448	20.063	2.701	0.976	900.358
312.503	378.395	80.012	19.977	100.452	20.059	3.052	0.996	900.354
313.003	378.903	80.014	19.977	100.458	20.056	3.323	1.009	900.344
313.503	379.404	80.011	19.976	100.464	20.049	3.957	1.010	900.362
314.003	379.886	80.011	19.978	100.465	20.048	4.051	0.983	900.342
314.503	380.376	80.011	19.978	100.466	20.041	4.699	0.972	900.373
315.003	380.885	80.011	19.977	100.470	20.040	4.968	0.999	900.356
315.503	381.368	80.012	19.978	100.473	20.035	5.386	0.992	900.372
316.003	381.902	80.010	19.978	100.470	20.029	6.070	1.017	900.354
316.503	382.401	80.012	19.979	100.464	20.023	6.614	1.033	900.373
317.003	382.870	80.012	19.978	100.461	20.017	7.159	0.967	900.368
317.503	383.389	80.011	19.978	100.456	20.013	7.553	0.987	900.351
318.003	383.884	80.014	19.978	100.448	20.009	7.951	1.014	900.352
318.503	384.373	80.015	19.979	100.446	20.002	8.606	0.985	900.395
319.003	384.880	80.016	19.978	100.452	19.999	8.969	0.996	900.366
319.503	385.390	80.017	19.978	100.458	19.990	9.838	1.016	900.369
320.003	385.891	80.015	19.978	100.457	19.980	10.772	1.012	900.368
320.503	386.407	80.013	19.977	100.465	19.970	11.706	1.018	900.377
321.003	386.883	80.015	19.979	100.464	19.961	12.533	0.992	900.371
321.503	387.357	80.016	19.979	100.464	19.954	13.168	0.950	900.382
322.003	387.898	80.015	19.978	100.463	19.941	14.347	1.015	900.404
322.503	388.374	80.014	19.978	100.458	19.932	15.226	1.018	900.351
323.003	388.898	80.013	19.977	100.456	19.916	16.808	1.000	900.398
323.503	389.402	80.016	19.979	100.459	19.903	18.218	1.028	900.368
324.003	389.880	80.015	19.978	100.460	19.886	19.858	0.981	900.371
324.503	390.359	80.013	19.977	100.460	19.865	21.880	0.956	900.373
325.003	390.864	80.013	19.978	100.466	19.842	24.374	0.984	900.398
325.503	391.367	80.011	19.978	100.467	19.824	26.218	1.007	900.336
326.004	391.861	80.012	19.977	100.466	19.795	29.329	0.997	900.392
326.503	392.385	80.013	19.978	100.463	19.775	31.463	1.019	900.396
327.003	392.869	80.015	19.979	100.464	19.749	34.268	1.008	900.378
327.503	393.376	80.017	19.978	100.468	19.727	36.766	0.990	900.389
328.003	393.897	80.017	19.979	100.474	19.706	39.008	1.028	900.368
328.503	394.370	80.016	19.978	100.479	19.680	41.575	0.995	900.385
329.003	394.865	80.018	19.978	100.484	19.651	44.434	0.968	900.391
329.503	395.363	80.019	19.979	100.489	19.612	48.449	0.992	900.362
330.003	395.881	80.018	19.979	100.490	19.570	52.797	1.016	900.414
330.503	396.382	80.017	19.978	100.489	19.530	56.974	1.020	900.373
331.003	396.876	80.016	19.978	100.488	19.493	60.886	0.994	900.386
331.503	397.383	80.018	19.978	100.492	19.461	64.581	1.000	900.387
332.003	397.864	80.017	19.978	100.490	19.435	67.543	0.988	900.426
332.503	398.364	80.013	19.979	100.486	19.415	70.003	0.982	900.393
333.003	398.885	80.014	19.978	100.479	19.394	72.560	1.022	900.418
333.503	399.354	80.015	19.978	100.471	19.370	75.279	0.989	900.430
334.003	399.885	80.014	19.977	100.460	19.351	77.425	0.999	900.420
334.503	400.403	80.015	19.977	100.449	19.329	79.742	1.049	900.413
335.003	400.891	80.014	19.978	100.437	19.306	82.063	1.007	900.435
335.503	401.396	80.015	19.978	100.429	19.281	84.507	0.992	900.395
336.004	401.882	80.014	19.978	100.434	19.250	87.384	0.990	900.416
336.504	402.389	80.013	19.978	100.436	19.216	90.439	0.993	900.388
337.004	402.862	80.015	19.977	100.433	19.178	93.858	0.980	900.419
337.504	403.381	80.016	19.978	100.427	19.142	97.020	0.992	900.441
338.003	403.880	80.016	19.979	100.417	19.127	98.248	1.019	900.406
338.503	404.411	80.016	19.979	100.395	19.156	95.008	1.030	900.465
339.003	404.888	80.017	19.979	100.367	19.210	89.256	1.007	900.443
339.503	405.402	80.015	19.977	100.346	19.268	83.093	0.991	900.438
340.004	405.926	80.018	19.977	100.325	19.299	79.525	1.038	900.443
340.504	406.379	80.017	19.978	100.302	19.301	78.607	0.978	900.442
341.003	406.873	80.015	19.978	100.281	19.257	82.184	0.947	900.433
341.503	407.368	80.015	19.977	100.271	19.190	88.155	0.989	900.447
342.003	407.865	80.013	19.977	100.264	19.075	99.143	0.992	900.443
342.503	408.356	80.015	19.978	100.267	18.923	114.222	0.986	900.425
343.004	408.853	80.016	19.978	100.280	18.757	131.295	0.988	900.446
343.503	409.371	80.014	19.978	100.295	18.602	147.959	1.017	900.456
344.003	409.857	80.016	19.978	100.314	18.505	158.946	1.004	900.460
344.503	410.340	80.012	19.979	100.341	18.495	160.858	0.969	900.446
345.003	410.832	80.015	19.977	100.361	18.544	156.233	0.975	900.449
345.503	411.355	80.014	19.977	100.380	18.611	149.063	1.014	900.437
346.003	411.865	80.015	19.979	100.399	18.634	145.684	1.033	900.458
346.503	412.341	80.015	19.977	100.411	18.560	151.912	0.986	900.420
347.003	412.845	80.015	19.976	100.425	18.397	167.558	0.980	900.451
347.503	413.352	80.015	19.977	100.462	18.179	189.262	1.012	900.429
348.003	413.840	80.016	19.976	100.507	17.961	211.732	0.996	900.447
348.503	414.366	80.014	19.977	100.559	17.806	228.731	1.013	900.448
349.003	414.839	80.013	19.978	100.609	17.736	237.855	0.998	900.473
349.504	415.336	80.014	19.977	100.634	17.725	240.194	0.969	900.470
350.004	415.837	80.014	19.976	100.628	17.713	241.167	0.998	900.446
350.504	416.311	80.017	19.976	100.583	17.656	246.512	0.976	900.439
351.004	416.827	80.018	19.977	100.494	17.545	257.268	0.991	900.468
351.503	417.348	80.016	19.977	100.404	17.403	270.788	1.037	900.438
352.003	417.825	80.015	19.977	100.350	17.307	280.031	0.997	900.440
352.503	418.312	80.015	19.977	100.344	17.286	282.007	0.964	900.433
353.003	418.828	80.017	19.978	100.406	17.261	284.200	1.003	900.468
353.503	419.320	80.016	19.977	100.516	17.161	294.159	1.008	900.461
354.004	419.811	80.014	19.977	100.599	17.007	309.595	0.983	900.472
354.504	420.322	80.016	19.977	100.620	16.877	322.229	1.002	900.476
355.003	420.811	80.017	19.978	100.584	16.775	331.775	1.000	900.443
355.503	421.296	80.016	19.979	100.496	16.636	345.555	0.974	900.483
356.003	421.779	80.019	19.978	100.362	16.475	362.046	0.968	900.443
356.503	422.279	80.015	19.977	100.234	16.336	376.299	0.984	900.465
357.003	422.752	80.014	19.978	100.187	16.235	386.209	0.973	900.459
357.503	423.270	80.014	19.978	100.219	16.161	393.104	0.991	900.462
358.003	423.749	80.013	19.977	100.256	16.085	400.051	0.997	900.466
358.503	424.285	80.015	19.977	100.305	15.951	412.691	1.015	900.468
359.003	424.770	80.015	19.977	100.364	15.770	430.541	1.021	900.491
359.503	425.254	80.013	19.978	100.344	15.590	447.879	0.968	900.454
360.003	425.752	80.014	19.978	100.294	15.405	465.900	0.981	900.477
360.504	426.246	80.014	19.978	100.318	15.208	485.828	0.992	900.488
361.003	426.738	80.013	19.978	100.330	15.030	503.821	0.987	900.473
361.503	427.207	80.014	19.978	100.328	14.879	518.968	0.962	900.454
362.003	427.723	80.013	19.977	100.379	14.748	531.783	0.985	900.490
362.503	428.212	80.011	19.978	100.394	14.614	544.844	1.004	900.485
363.003	428.694	80.011	19.977	100.321	14.442	561.501	0.971	900.510
363.503	429.192	80.009	19.977	100.297	14.241	581.047	0.980	900.478
364.003	429.714	80.012	19.978	100.282	14.059	598.983	1.019	900.492
364.504	430.225	80.012	19.978	100.266	13.914	613.167	1.032	900.504
365.004	430.674	80.012	19.977	100.299	13.739	630.146	0.961	900.501
365.503	431.156	80.012	19.978	100.362	13.524	651.365	0.931	900.483
366.003	431.662	80.012	19.977	100.387	13.295	674.041	0.987	900.497
366.504	432.166	80.013	19.977	100.394	13.071	696.036	1.009	900.519
367.004	432.684	80.014	19.977	100.405	12.852	717.446	1.022	900.498
367.504	433.138	80.013	19.977	100.367	12.642	738.103	0.972	900.525
368.004	433.631	80.014	19.977	100.297	12.433	758.502	0.948	900.495
368.503	434.116	80.014	19.977	100.269	12.220	779.157	0.978	900.499
369.004	434.614	80.013	19.976	100.268	12.024	798.141	0.982	900.488
369.504	435.082	80.015	19.977	100.243	11.834	816.274	0.966	900.514
370.003	435.574	80.014	19.977	100.245	11.611	837.752	0.961	900.486
370.503	436.057	80.012	19.978	100.267	11.394	858.519	0.975	900.514
371.003	436.579	80.014	19.978	100.239	11.206	876.727	1.004	900.529
371.504	437.061	80.014	19.979	100.218	11.040	892.682	1.004	900.514
372.004	437.550	80.014	19.977	100.215	10.876	908.390	0.972	900.540
372.503	438.059	80.016	19.977	100.184	10.712	923.954	0.998	900.503
373.003	438.542	80.016	19.977	100.134	10.548	939.501	0.992	900.507
373.503	439.030	80.015	19.977	100.103	10.353	958.064	0.970	900.542
374.004	439.519	80.016	19.977	100.063	10.156	976.733	0.976	900.555
374.504	440.017	80.017	19.976	100.011	9.963	994.986	0.987	900.533
375.004	440.491	80.019	19.977	99.956	9.776	1012.504	0.971	900.530
375.504	440.990	80.018	19.977	99.936	9.611	1027.578	0.973	900.508
376.004	441.475	80.015	19.977	99.907	9.453	1043.170	0.984	900.514
376.503	441.980	80.016	19.978	99.885	9.322	1055.977	0.991	900.548
377.003	442.465	80.015	19.978	99.870	9.223	1065.441	0.991	900.551
377.503	442.955	80.015	19.978	99.850	9.151	1072.303	0.974	900.552
378.003	443.449	80.015	19.977	99.811	9.061	1080.973	0.983	900.554
378.504	443.933	80.014	19.978	99.787	8.931	1093.583	0.978	900.545
379.004	444.425	80.015	19.978	99.753	8.810	1104.338	0.976	900.577
379.504	444.888	80.014	19.978	99.724	8.732	1111.306	0.955	900.538
380.004	445.393	80.012	19.976	99.716	8.692	1114.874	0.967	900.552
380.504	445.895	80.015	19.977	99.711	8.648	1118.950	1.007	900.525
381.004	446.390	80.017	19.977	99.690	8.579	1125.365	0.997	900.553
381.504	446.913	80.017	19.978	99.673	8.496	1133.100	1.018	900.593
382.004	447.345	80.016	19.978	99.640	8.427	1139.553	0.956	900.528
382.503	447.859	80.014	19.979	99.638	8.396	1142.449	0.946	900.572
383.004	448.357	80.019	19.978	99.683	8.420	1140.152	1.011	900.565
383.503	448.849	80.019	19.978	99.579	8.484	1134.075	0.990	900.600
384.003	449.368	80.018	19.977	99.503	8.581	1124.791	1.011	900.563
384.504	449.846	80.016	19.977	99.474	8.691	1114.087	0.997	900.550
385.004	450.345	80.015	19.978	99.424	8.816	1101.875	0.977	900.600
385.504	450.862	80.017	19.977	99.334	8.947	1089.055	1.016	900.587
386.004	451.335	80.015	19.977	99.411	9.092	1074.818	0.990	900.567
386.504	451.853	80.012	19.977	99.465	9.256	1059.111	0.991	900.601
387.004	452.356	80.012	19.976	99.467	9.447	1040.869	1.021	900.600
387.504	452.837	80.013	19.977	99.469	9.653	1021.304	0.984	900.611
388.004	453.326	80.013	19.977	99.468	9.878	999.804	0.971	900.593
388.504	453.828	80.016	19.976	99.468	10.113	977.338	0.991	900.610
389.004	454.330	80.017	19.976	99.453	10.352	954.321	1.004	900.592
389.503	454.829	80.016	19.977	99.457	10.603	929.878	1.001	900.623
390.004	455.359	80.015	19.976	99.446	10.859	904.719	1.029	900.654
390.504	455.844	80.016	19.977	99.446	11.130	877.869	1.016	900.621
391.004	456.349	80.017	19.977	99.471	11.408	850.285	0.990	900.608
391.504	456.863	80.017	19.976	99.540	11.693	821.897	1.019	900.608
392.003	457.377	80.017	19.978	99.615	11.975	793.681	1.029	900.616
392.503	457.882	80.019	19.977	99.706	12.268	764.319	1.018	900.629
393.003	458.373	80.017	19.977	99.793	12.562	734.816	0.995	900.593
393.504	458.875	80.015	19.977	99.867	12.859	705.060	0.993	900.613
394.004	459.410	80.019	19.977	99.906	13.170	673.949	1.038	900.618
394.504	459.891	80.018	19.977	99.946	13.470	643.829	1.015	900.655
395.004	460.398	80.017	19.977	99.977	13.772	613.459	0.988	900.612
395.503	460.915	80.017	19.977	100.010	14.067	583.718	1.025	900.622
396.003	461.420	80.014	19.976	100.056	14.363	553.677	1.022	900.615
396.504	461.961	80.015	19.976	100.129	14.654	523.719	1.046	900.652
397.004	462.472	80.013	19.977	100.220	14.946	493.483	1.051	900.644
397.504	462.967	80.013	19.978	100.326	15.237	463.083	1.006	900.665
398.004	463.508	80.017	19.977	100.443	15.529	432.806	1.036	900.637
398.504	464.009	80.018	19.977	100.555	15.821	402.456	1.043	900.663
399.003	464.527	80.015	19.978	100.669	16.116	372.062	1.019	900.654
399.504	465.033	80.018	19.977	100.775	16.407	342.071	1.023	900.674
400.004	465.544	80.018	19.976	100.888	16.695	312.278	1.017	900.627
400.504	466.030	80.015	19.977	100.990	16.973	283.330	0.996	900.628
401.004	466.551	80.011	19.976	101.081	17.244	254.944	1.007	900.635
401.504	467.060	80.011	19.977	101.158	17.497	228.375	1.031	900.650
402.004	467.578	80.013	19.977	101.232	17.737	203.064	1.027	900.640
402.504	468.081	80.012	19.976	101.295	17.964	178.998	1.020	900.648
403.004	468.590	80.012	19.977	101.369	18.177	156.435	1.012	900.678
403.504	469.114	80.013	19.977	101.465	18.369	136.084	1.033	900.649
404.004	469.640	80.012	19.977	101.577	18.554	116.567	1.051	900.654
404.504	470.141	80.012	19.977	101.694	18.717	99.305	1.028	900.638
405.004	470.647	80.015	19.977	101.811	18.868	83.401	1.006	900.665
405.504	471.175	80.014	19.977	101.908	19.004	69.321	1.034	900.654
406.003	471.689	80.013	19.977	101.985	19.130	56.661	1.043	900.674
406.504	472.166	80.014	19.977	102.047	19.242	45.794	0.991	900.664
407.004	472.718	80.013	19.977	102.098	19.344	36.148	1.028	900.661
407.505	473.195	80.013	19.977	102.156	19.429	28.408	1.029	900.639
408.005	473.700	80.013	19.976	102.229	19.510	21.296	0.982	900.673
408.504	474.205	80.011	19.977	102.306	19.583	15.370	1.010	900.676
409.004	474.699	80.013	19.976	102.377	19.644	10.761	0.999	900.645
409.504	475.203	80.011	19.976	102.442	19.696	7.231	0.999	900.653
410.004	475.704	80.012	19.978	102.494	19.748	3.976	1.006	900.642
410.503	476.200	80.016	19.977	102.539	19.787	2.031	0.997	900.669
411.004	476.722	80.015	19.977	102.588	19.827	-0.178	1.017	900.673
411.504	477.231	80.014	19.976	102.633	19.861	-1.941	1.031	900.679
412.003	477.711	80.013	19.977	102.671	19.891	-3.624	0.989	900.692
412.504	478.203	80.013	19.977	102.693	19.916	-4.993	0.971	900.679
413.005	478.727	80.013	19.976	102.696	19.936	-5.978	1.015	900.678
413.504	479.218	80.011	19.975	102.666	19.957	-6.947	1.016	900.635
414.004	479.729	80.012	19.976	102.624	19.974	-7.218	1.003	900.705
414.504	480.235	80.012	19.977	102.573	19.986	-7.102	1.017	900.682
415.004	480.736	80.013	19.977	102.512	19.997	-6.938	1.007	900.681
415.504	481.219	80.015	19.977	102.439	20.012	-7.246	0.984	900.717
416.004	481.741	80.016	19.978	102.359	20.025	-7.508	1.005	900.679
416.504	482.232	80.018	19.977	102.264	20.036	-7.790	1.013	900.673
417.005	482.742	80.017	19.977	102.156	20.045	-7.931	1.000	900.702
417.504	483.227	80.014	19.976	102.036	20.050	-7.645	0.996	900.679
418.003	483.733	80.014	19.977	101.925	20.057	-7.251	0.991	900.728
418.504	484.228	80.016	19.977	101.830	20.066	-6.971	1.000	900.670
419.004	484.715	80.014	19.976	101.749	20.069	-6.069	0.982	900.685
419.504	485.204	80.014	19.977	101.681	20.075	-5.508	0.976	900.679
420.004	485.687	80.015	19.977	101.629	20.077	-4.719	0.973	900.690
420.504	486.214	80.014	19.977	101.573	20.084	-4.663	1.010	900.707
421.004	486.758	80.016	19.977	101.505	20.087	-4.466	1.069	900.730
421.505	487.226	80.016	19.978	101.430	20.090	-4.411	1.011	900.700
422.004	487.721	80.015	19.977	101.351	20.098	-4.845	0.964	900.707
422.504	488.209	80.015	19.977	101.277	20.098	-4.591	0.983	900.727
423.004	488.741	80.011	19.977	101.214	20.104	-4.883	1.020	900.734
423.504	489.251	80.014	19.977	101.169	20.106	-4.718	1.042	900.708
424.005	489.715	80.015	19.978	101.136	20.111	-4.914	0.974	900.718
424.504	490.264	80.016	19.977	101.100	20.114	-4.934	1.015	900.715
425.004	490.701	80.017	19.977	101.053	20.117	-4.968	0.986	900.706
425.504	491.245	80.016	19.977	100.989	20.118	-4.891	0.980	900.694
426.004	491.721	80.015	19.976	100.918	20.120	-4.878	1.021	900.721
426.504	492.229	80.016	19.977	100.850	20.125	-5.243	0.984	900.680
427.004	492.729	80.018	19.978	100.789	20.124	-4.905	1.008	900.732
427.504	493.220	80.018	19.977	100.743	20.125	-4.874	0.991	900.715
428.004	493.707	80.017	19.976	100.715	20.129	-5.167	0.977	900.736
428.504	494.213	80.016	19.976	100.692	20.130	-5.211	0.993	900.714
429.004	494.731	80.018	19.977	100.674	20.133	-5.351	1.025	900.733
429.504	495.231	80.018	19.977	100.661	20.137	-5.773	1.018	900.723
430.004	495.721	80.016	19.976	100.645	20.140	-5.924	0.990	900.731
430.504	496.206	80.016	19.977	100.627	20.143	-6.185	0.975	900.725
431.004	496.712	80.014	19.977	100.609	20.147	-6.443	0.991	900.724
431.504	497.189	80.014	19.976	100.594	20.148	-6.428	0.983	900.722
432.005	497.724	80.016	19.978	100.578	20.150	-6.551	1.012	900.707
432.504	498.201	80.017	19.979	100.563	20.151	-6.651	1.012	900.732
433.005	498.708	80.017	19.978	100.556	20.155	-7.039	0.984	900.748
433.505	499.187	80.016	19.977	100.550	20.158	-7.242	0.987	900.736
434.004	499.721	80.015	19.978	100.537	20.158	-7.179	1.014	900.735
434.504	500.186	80.016	19.977	100.530	20.156	-6.900	0.998	900.753
435.004	500.712	80.016	19.977	100.523	20.161	-7.514	0.991	900.752
435.504	501.201	80.014	19.977	100.515	20.161	-7.580	1.015	900.774
436.004	501.711	80.017	19.977	100.511	20.163	-7.754	0.998	900.751
436.504	502.187	80.015	19.977	100.509	20.159	-7.340	0.986	900.764
437.004	502.665	80.015	19.976	100.504	20.163	-7.744	0.954	900.763
437.505	503.166	80.016	19.977	100.501	20.163	-7.585	0.979	900.773
438.005	503.672	80.015	19.978	100.495	20.163	-7.506	1.007	900.759
438.505	504.186	80.015	19.977	100.488	20.165	-7.478	1.019	900.790
439.005	504.679	80.013	19.977	100.484	20.161	-6.921	1.007	900.754
439.505	505.176	80.013	19.977	100.480	20.167	-7.312	0.990	900.761
440.005	505.692	80.018	19.977	100.478	20.167	-7.270	1.013	900.801
440.505	506.195	80.014	19.978	100.476	20.165	-7.128	1.020	900.769
441.004	506.667	80.013	19.977	100.474	20.168	-7.398	0.976	900.781
441.504	507.146	80.015	19.976	100.468	20.168	-7.387	0.950	900.751
442.005	507.657	80.016	19.977	100.467	20.168	-7.392	0.989	900.788
442.505	508.153	80.016	19.977	100.470	20.169	-7.474	1.007	900.770
443.004	508.653	80.016	19.977	100.474	20.171	-7.512	0.996	900.799
443.504	509.138	80.014	19.978	100.476	20.169	-7.255	0.985	900.780
444.004	509.638	80.014	19.978	100.479	20.166	-6.945	0.986	900.804
444.504	510.162	80.011	19.977	100.476	20.172	-7.621	1.025	900.788
445.004	510.660	80.011	19.978	100.462	20.167	-7.220	1.021	900.799
445.504	511.158	80.012	19.978	100.453	20.170	-7.430	0.995	900.782
446.004	511.668	80.010	19.977	100.441	20.168	-7.281	1.008	900.812
446.504	512.183	80.012	19.977	100.434	20.169	-7.508	1.024	900.765
447.005	512.684	80.013	19.977	100.427	20.170	-7.593	1.015	900.794
447.505	513.160	80.014	19.978	100.430	20.168	-7.222	0.977	900.788
448.004	513.647	80.015	19.978	100.428	20.171	-7.548	0.963	900.771
448.504	514.175	80.015	19.977	100.429	20.170	-7.422	1.015	900.755
449.004	514.670	80.014	19.978	100.428	20.174	-7.740	1.023	900.778
449.504	515.169	80.015	19.977	100.430	20.173	-7.543	0.994	900.796
450.004	515.653	80.014	19.978	100.425	20.172	-7.384	0.983	900.798
450.504	516.174	80.012	19.978	100.418	20.167	-6.911	1.005	900.789
451.005	516.666	80.015	19.977	100.412	20.170	-7.316	1.013	900.786
451.504	517.182	80.015	19.978	100.414	20.170	-7.294	1.009	900.806
452.004	517.660	80.015	19.977	100.420	20.167	-7.001	0.994	900.783
452.504	518.173	80.017	19.976	100.425	20.170	-7.299	0.990	900.786
453.005	518.630	80.015	19.977	100.426	20.173	-7.675	0.969	900.796
453.505	519.150	80.017	19.977	100.427	20.172	-7.471	0.977	900.783
454.004	519.667	80.018	19.977	100.428	20.171	-7.291	1.038	900.804
454.504	520.167	80.018	19.978	100.424	20.172	-7.310	1.017	900.825
455.004	520.657	80.017	19.978	100.420	20.173	-7.392	0.989	900.785
455.504	521.137	80.015	19.977	100.420	20.173	-7.346	0.970	900.800
456.004	521.677	80.016	19.977	100.421	20.173	-7.207	1.020	900.795
456.504	522.183	80.017	19.977	100.413	20.173	-7.159	1.047	900.813
457.004	522.678	80.016	19.977	100.407	20.171	-7.098	1.000	900.796
457.505	523.192	80.016	19.977	100.407	20.172	-7.207	1.008	900.800
458.005	523.669	80.017	19.976	100.410	20.175	-7.369	0.991	900.811
458.505	524.194	80.016	19.977	100.411	20.177	-7.536	1.003	900.826
459.005	524.675	80.019	19.977	100.414	20.176	-7.425	1.006	900.837
459.505	525.176	80.018	19.977	100.413	20.174	-7.312	0.982	900.815
460.004	525.662	80.020	19.979	100.413	20.175	-7.231	0.987	900.840
460.505	526.172	80.017	19.979	100.414	20.176	-7.362	0.996	900.839
461.004	526.657	80.015	19.978	100.413	20.173	-7.165	0.995	900.797
461.504	527.148	80.016	19.977	100.406	20.175	-7.486	0.976	900.834
462.004	527.646	80.018	19.977	100.406	20.170	-7.082	0.990	900.835
462.504	528.155	80.018	19.977	100.404	20.173	-7.306	1.007	900.828
463.005	528.671	80.018	19.977	100.394	20.172	-7.265	1.024	900.838
463.505	529.151	80.019	19.976	100.389	20.172	-7.178	0.996	900.854
464.004	529.674	80.018	19.977	100.392	20.174	-7.359	1.004	900.839
464.505	530.178	80.019	19.977	100.396	20.173	-7.208	1.027	900.858
465.005	530.663	80.018	19.977	100.398	20.174	-7.258	0.989	900.872
465.504	531.168	80.017	19.977	100.394	20.178	-7.509	0.991	900.846
466.004	531.659	80.015	19.977	100.391	20.176	-7.293	0.996	900.852
466.504	532.144	80.013	19.977	100.389	20.177	-7.314	0.975	900.858
467.004	532.645	80.017	19.977	100.385	20.177	-7.231	0.986	900.859
467.505	533.157	80.016	19.976	100.382	20.174	-6.903	1.013	900.865
468.005	533.668	80.016	19.977	100.387	20.177	-7.079	1.023	900.878
468.504	534.155	80.015	19.978	100.395	20.174	-6.787	0.998	900.879
469.005	534.641	80.017	19.977	100.399	20.173	-6.685	0.973	900.853
469.505	535.150	80.017	19.978	100.400	20.175	-6.939	0.994	900.868
470.005	535.629	80.015	19.978	100.402	20.175	-7.172	0.988	900.856
470.505	536.129	80.016	19.977	100.401	20.174	-7.257	0.980	900.868
471.004	536.636	80.017	19.979	100.396	20.174	-7.362	1.007	900.869
471.504	537.153	80.014	19.979	100.390	20.174	-7.462	1.024	900.872
472.004	537.642	80.013	19.978	100.387	20.176	-7.876	1.006	900.885
472.505	538.187	80.013	19.977	100.385	20.174	-7.599	1.033	900.883
473.005	538.646	80.012	19.977	100.384	20.177	-7.755	1.004	900.898
473.504	539.135	80.013	19.977	100.379	20.177	-7.597	0.950	900.869
474.004	539.650	80.016	19.978	100.378	20.175	-7.375	1.004	900.915
474.504	540.134	80.016	19.977	100.370	20.176	-7.318	0.998	900.905
475.004	540.632	80.015	19.977	100.365	20.176	-7.135	0.982	900.883
475.505	541.129	80.016	19.977	100.364	20.172	-6.738	0.994	900.889
476.005	541.630	80.016	19.977	100.364	20.174	-7.035	0.999	900.908
476.504	542.138	80.017	19.977	100.365	20.177	-7.452	1.010	900.885
477.004	542.640	80.017	19.978	100.374	20.176	-7.305	1.009	900.917
477.504	543.120	80.016	19.976	100.382	20.180	-7.619	0.983	900.886
478.005	543.640	80.017	19.977	100.390	20.179	-7.565	1.000	900.897
478.505	544.126	80.016	19.977	100.399	20.176	-7.258	1.007	900.882
479.004	544.623	80.016	19.977	100.409	20.179	-7.571	0.984	900.875
479.504	545.107	80.016	19.978	100.414	20.179	-7.500	0.980	900.904
480.004	545.648	80.014	19.977	100.410	20.178	-7.399	1.025	900.916
480.504	546.137	80.013	19.977	100.400	20.185	-8.156	1.030	900.891
481.004	546.641	80.015	19.978	100.390	20.177	-7.384	0.992	900.918
481.505	547.141	80.015	19.978	100.384	20.177	-7.305	1.003	900.920
482.005	547.633	80.014	19.977	100.373	20.180	-7.439	0.993	900.907
482.505	548.141	80.013	19.978	100.369	20.177	-7.273	1.001	900.905
483.004	548.635	80.014	19.978	100.376	20.179	-7.437	1.002	900.915
483.504	549.155	80.015	19.978	100.382	20.183	-7.739	1.014	900.928
484.004	549.628	80.014	19.977	100.380	20.181	-7.551	0.992	900.888
484.505	550.159	80.014	19.977	100.381	20.181	-7.536	1.003	900.893
485.006	550.669	80.014	19.978	100.381	20.182	-7.642	1.042	900.938
485.505	551.119	80.010	19.978	100.376	20.184	-7.893	0.961	900.906
486.004	551.620	80.013	19.977	100.376	20.183	-7.814	0.951	900.920
486.504	552.157	80.015	19.978	100.379	20.183	-7.708	1.038	900.930
487.004	552.640	80.014	19.977	100.379	20.183	-7.681	1.020	900.935
487.504	553.120	80.014	19.978	100.380	20.182	-7.553	0.963	900.918
488.004	553.651	80.013	19.979	100.383	20.182	-7.583	1.010	900.949
488.505	554.140	80.012	19.977	100.376	20.185	-7.860	1.020	900.904
489.005	554.633	80.012	19.977	100.369	20.178	-7.064	0.983	900.915
489.505	555.136	80.011	19.976	100.370	20.182	-7.523	0.995	900.938
490.005	555.634	80.014	19.977	100.372	20.181	-7.511	1.001	900.934
490.505	556.133	80.014	19.978	100.369	20.182	-7.514	0.998	900.929
491.005	556.614	80.012	19.977	100.371	20.183	-7.618	0.979	900.943
491.505	557.122	80.013	19.977	100.370	20.181	-7.355	0.988	900.928
492.005	557.645	80.013	19.977	100.369	20.179	-7.208	1.031	900.960
492.505	558.123	80.012	19.977	100.366	20.182	-7.432	1.001	900.959
493.005	558.631	80.013	19.977	100.368	20.181	-7.414	0.986	900.923
493.505	559.112	80.012	19.978	100.371	20.181	-7.516	0.989	900.902
494.005	559.621	80.012	19.977	100.370	20.180	-7.498	0.990	900.926
494.505	560.116	80.011	19.976	100.366	20.181	-7.577	1.004	900.923
495.005	560.612	80.008	19.976	100.364	20.180	-7.447	0.992	900.945
495.505	561.105	80.010	19.976	100.360	20.182	-7.555	0.989	900.915
496.005	561.592	80.010	19.977	100.359	20.182	-7.603	0.979	900.949
496.505	562.093	80.012	19.977	100.358	20.181	-7.389	0.988	900.935
497.005	562.614	80.012	19.977	100.364	20.185	-7.804	1.022	900.916
497.505	563.094	80.013	19.978	100.367	20.183	-7.628	1.000	900.944
498.005	563.612	80.011	19.978	100.363	20.184	-7.692	0.998	900.933
498.504	564.117	80.009	19.978	100.356	20.186	-7.983	1.023	900.959
499.005	564.600	80.010	19.979	100.358	20.184	-7.871	0.987	900.938
499.505	565.085	80.012	19.979	100.356	20.183	-7.839	0.968	900.915
500.005	565.605	80.012	19.979	100.356	20.184	-8.058	1.006	900.923
500.504	566.107	80.011	19.978	100.363	20.184	-8.022	1.022	900.948
501.005	566.592	80.013	19.977	100.368	20.183	-7.986	0.987	900.923
501.505	567.102	80.012	19.977	100.371	20.183	-8.057	0.996	900.932
502.004	567.572	80.012	19.977	100.370	20.186	-8.202	0.980	900.928
502.505	568.104	80.013	19.977	100.369	20.184	-7.967	1.001	900.922
503.005	568.583	80.015	19.978	100.362	20.186	-8.161	1.011	900.915
503.505	569.064	80.012	19.978	100.363	20.184	-8.075	0.960	900.913
504.005	569.582	80.011	19.978	100.359	20.184	-8.132	0.999	900.943
504.505	570.099	80.010	19.979	100.357	20.182	-7.919	1.035	900.906
505.005	570.577	80.012	19.979	100.361	20.185	-8.239	0.994	900.936
505.505	571.077	80.010	19.978	100.365	20.183	-7.932	0.978	900.922
506.005	571.603	80.011	19.978	100.363	20.184	-7.863	1.026	900.952
506.505	572.077	80.013	19.978	100.371	20.185	-7.818	1.000	900.894
507.005	572.578	80.013	19.979	100.377	20.185	-7.788	0.975	900.922
507.505	573.072	80.013	19.979	100.379	20.185	-7.765	0.995	900.918
508.005	573.563	80.013	19.978	100.382	20.184	-7.585	0.985	900.930
508.505	574.077	80.014	19.978	100.383	20.184	-7.621	1.005	900.944
509.005	574.572	80.014	19.978	100.380	20.185	-7.612	1.008	900.927
509.505	575.073	80.014	19.978	100.373	20.185	-7.651	0.995	900.923
510.005	575.608	80.014	19.979	100.370	20.183	-7.313	1.036	900.950
510.505	576.083	80.015	19.979	100.376	20.187	-7.658	1.011	900.931
511.005	576.587	80.013	19.979	100.382	20.185	-7.451	0.979	900.942
511.505	577.101	80.013	19.978	100.383	20.185	-7.464	1.018	900.934
512.005	577.575	80.014	19.978	100.385	20.185	-7.507	0.988	900.913
512.505	578.062	80.012	19.978	100.383	20.186	-7.670	0.960	900.932
513.005	578.577	80.012	19.978	100.374	20.184	-7.587	1.002	900.945
513.505	579.079	80.016	19.978	100.364	20.185	-7.785	1.017	900.883
514.006	579.600	80.015	19.978	100.359	20.186	-7.887	1.023	900.930
514.506	580.094	80.014	19.978	100.357	20.184	-7.757	1.016	900.933
515.005	580.591	80.011	19.977	100.355	20.180	-7.350	0.992	900.928
515.505	581.091	80.012	19.977	100.354	20.182	-7.429	0.997	900.918
516.005	581.569	80.014	19.977	100.355	20.184	-7.740	0.978	900.942
516.505	582.070	80.011	19.977	100.352	20.183	-7.608	0.979	900.901
517.005	582.563	80.015	19.977	100.349	20.181	-7.363	0.993	900.917
517.505	583.085	80.016	19.976	100.345	20.184	-7.577	1.015	900.928
518.005	583.615	80.013	19.977	100.341	20.182	-7.379	1.052	900.974
518.505	584.081	80.014	19.977	100.341	20.185	-7.735	0.996	900.936
519.005	584.591	80.016	19.976	100.344	20.186	-7.966	0.976	900.936
519.505	585.079	80.014	19.977	100.348	20.185	-7.838	0.998	900.913
520.005	585.563	80.013	19.978	100.353	20.187	-8.052	0.973	900.919
520.505	586.102	80.014	19.977	100.356	20.187	-8.072	1.023	900.920
521.005	586.575	80.014	19.978	100.359	20.187	-8.090	1.012	900.948
521.505	587.069	80.014	19.979	100.360	20.184	-7.759	0.967	900.934
522.005	587.576	80.013	19.978	100.363	20.185	-7.746	1.001	900.917
522.505	588.077	80.014	19.977	100.362	20.181	-7.369	1.007	900.912
523.005	588.567	80.012	19.977	100.359	20.184	-7.562	0.991	900.954
523.505	589.084	80.012	19.977	100.358	20.185	-7.611	1.008	900.968
524.005	589.576	80.014	19.978	100.358	20.186	-7.559	1.010	900.937
524.505	590.084	80.014	19.978	100.351	20.188	-7.625	0.999	900.956
525.005	590.573	80.013	19.978	100.352	20.189	-7.686	0.997	900.941
525.505	591.081	80.012	19.978	100.354	20.185	-7.317	0.998	900.942
526.005	591.566	80.013	19.978	100.356	20.188	-7.578	0.993	900.922
526.505	592.062	80.014	19.978	100.362	20.187	-7.569	0.979	900.934
527.006	592.571	80.014	19.978	100.365	20.182	-7.202	1.005	900.958
527.505	593.068	80.013	19.977	100.363	20.184	-7.375	1.006	900.909
528.005	593.557	80.016	19.976	100.364	20.188	-7.830	0.986	900.947
528.505	594.088	80.016	19.977	100.366	0.000	0.000	1.019	900.948
529.006	594.547	80.013	19.976	100.361	0.000	0.000	0.990	900.938
529.505	595.063	80.016	19.977	100.359	0.000	0.000	0.976	900.981
530.005	595.561	80.014	19.976	100.359	0.000	0.000	1.014	900.927
530.505	596.070	80.012	19.976	100.352	0.000	0.000	1.007	900.978
531.005	596.549	80.011	19.977	100.342	0.000	0.000	0.989	900.973
531.505	597.056	80.010	19.976	100.336	0.000	0.000	0.985	900.951
532.005	597.566	80.010	19.977	100.333	0.000	0.000	1.017	900.944
532.505	598.053	80.011	19.978	100.331	0.000	0.000	0.998	900.954
533.005	598.539	80.011	19.977	100.333	0.000	0.000	0.973	900.975
533.505	599.025	80.013	19.977	100.335	0.000	0.000	0.972	900.947
534.005	599.518	80.013	19.977	100.341	0.000	0.000	0.980	900.955
534.505	600.070	80.013	19.977	100.345	0.000	0.000	1.045	900.982
535.005	600.554	80.016	19.977	100.345	0.000	0.000	1.035	900.987
535.505	601.036	80.015	19.978	100.348	0.000	0.000	0.965	900.997
536.005	601.523	80.014	19.977	100.356	0.000	0.000	0.969	900.957
536.506	602.023	80.012	19.977	100.355	0.000	0.000	0.987	900.977
537.006	602.555	80.011	19.977	100.350	0.000	0.000	1.033	900.968
537.505	603.031	80.013	19.976	100.349	0.000	0.000	1.009	900.936
538.005	603.527	80.013	19.977	100.351	0.000	0.000	0.973	900.965
