File Name:	PS_23.txt	Version: 8.3.7.3						
Date:	10 Sep 2024
Operator:	KH
Test ID:	PS_23
Sample ID:	PS_23
Sample Mass (mg):	3.0300
Sample Cup Mass (mg):	184.5900
End Total Mass (mg):
Heating Rate (C/s):	1.0000
Combuster Temperature (C):	900.0
N2 Flow Rate (cc/min):	80.0
O2 Flow Rate (cc/min):	20.0
Calibration File:	Coeff.txt
T Correction Coefficients:	0.308738730	0.013615500	0.000000000
Time Shift (s):	10.0
Pre-Test Comments:
Post-Test Comments:
Baseline Flow:	100.125
Baseline O2:	20.275
Instrument ID:	2700
@
Time (s)	Temperature (C)	N2 Flow (cc/min)	O2 Flow (cc/min)	Total Flow (cc/min)	Oxygen (%)	HRR (W/g)	Heating Rate (C/s)	Combustor Temp (C)
0.000	75.099	80.059	19.981	100.125	20.261	-14.387	-0.033	900.502
0.500	75.084	80.060	19.980	100.138	20.245	-13.205	-0.032	900.509
1.001	75.073	80.060	19.980	100.143	20.223	-11.327	-0.027	900.514
1.500	75.066	80.061	19.979	100.155	20.199	-9.166	-0.018	900.545
2.000	75.080	80.064	19.979	100.214	20.176	-6.987	0.007	900.549
2.500	75.103	80.061	19.980	100.322	20.159	-5.204	0.038	900.545
3.000	75.104	80.060	19.980	100.457	20.148	-4.072	0.024	900.511
3.501	75.133	80.062	19.980	100.599	20.135	-2.652	0.030	900.533
4.000	75.171	80.061	19.981	100.738	20.125	-1.504	0.067	900.505
4.500	75.213	80.062	19.979	100.825	20.120	-1.003	0.080	900.497
5.000	75.293	80.062	19.979	100.864	20.114	-0.885	0.122	900.493
5.500	75.307	80.061	19.980	100.884	20.113	-2.341	0.095	900.517
6.000	75.395	80.062	19.980	100.899	20.110	-4.603	0.102	900.533
6.500	75.446	80.062	19.979	100.916	20.105	-7.431	0.139	900.496
7.000	75.576	80.062	19.980	100.947	20.107	-10.979	0.180	900.541
7.500	75.652	80.063	19.979	100.975	20.105	-13.691	0.205	900.524
8.001	75.743	80.064	19.980	101.001	20.105	-16.185	0.167	900.514
8.501	75.843	80.064	19.980	101.019	20.102	-17.229	0.191	900.501
9.001	75.960	80.064	19.979	101.028	20.104	-17.434	0.216	900.485
9.501	76.070	80.062	19.980	101.027	20.103	-16.717	0.227	900.499
10.000	76.216	80.062	19.980	101.027	20.099	-15.527	0.256	900.514
10.500	76.349	80.063	19.980	101.025	20.088	-13.680	0.279	900.518
11.000	76.465	80.061	19.981	101.021	20.065	-10.791	0.249	900.493
11.500	76.604	80.062	19.980	101.019	20.038	-7.255	0.256	900.480
12.000	76.737	80.061	19.980	101.020	20.003	-2.893	0.273	900.488
12.500	76.957	80.062	19.979	101.050	19.981	0.303	0.353	900.491
13.001	77.086	80.064	19.979	101.145	19.959	3.203	0.348	900.456
13.500	77.324	80.062	19.980	101.310	19.947	5.145	0.367	900.475
14.000	77.535	80.064	19.980	101.518	19.935	7.229	0.450	900.486
14.501	77.778	80.064	19.980	101.721	19.938	7.694	0.454	900.477
15.001	78.083	80.063	19.980	101.878	19.936	8.499	0.548	900.490
15.501	78.314	80.063	19.979	101.966	19.941	8.587	0.536	900.471
16.000	78.632	80.061	19.979	101.982	19.950	8.345	0.549	900.450
16.501	78.947	80.060	19.980	101.947	19.954	8.529	0.633	900.435
17.001	79.270	80.060	19.980	101.907	19.961	8.252	0.638	900.478
17.501	79.611	80.059	19.980	101.872	19.967	7.979	0.665	900.435
18.000	79.945	80.059	19.980	101.835	19.975	7.535	0.675	900.456
18.501	80.322	80.061	19.980	101.806	19.979	7.360	0.711	900.461
19.001	80.700	80.060	19.980	101.772	19.984	6.823	0.755	900.466
19.500	81.099	80.063	19.980	101.731	19.995	5.996	0.777	900.456
20.001	81.472	80.064	19.980	101.687	20.000	5.784	0.771	900.475
20.501	81.911	80.063	19.980	101.650	20.009	5.210	0.811	900.439
21.001	82.322	80.062	19.979	101.603	20.017	4.723	0.850	900.454
21.501	82.742	80.062	19.979	101.562	20.021	4.628	0.832	900.458
22.000	83.164	80.065	19.980	101.527	20.028	4.337	0.843	900.468
22.500	83.600	80.064	19.980	101.502	20.034	4.231	0.858	900.465
23.000	84.034	80.063	19.980	101.464	20.038	4.215	0.870	900.468
23.500	84.496	80.066	19.980	101.427	20.041	4.332	0.895	900.430
24.000	84.945	80.065	19.980	101.401	20.042	4.630	0.911	900.441
24.501	85.390	80.064	19.980	101.379	20.053	3.767	0.894	900.436
25.001	85.833	80.066	19.980	101.359	20.052	4.129	0.888	900.424
25.500	86.320	80.065	19.980	101.349	20.055	4.132	0.930	900.440
26.001	86.801	80.064	19.980	101.341	20.060	3.765	0.968	900.456
26.501	87.272	80.062	19.980	101.336	20.064	3.640	0.952	900.417
27.000	87.743	80.061	19.979	101.319	20.069	3.318	0.943	900.419
27.500	88.213	80.062	19.980	101.304	20.073	3.375	0.942	900.407
28.000	88.734	80.062	19.981	101.287	20.075	3.527	0.990	900.424
28.501	89.204	80.061	19.980	101.267	20.078	3.612	0.990	900.419
29.001	89.695	80.062	19.980	101.240	20.081	3.690	0.962	900.485
29.500	90.185	80.061	19.980	101.225	20.083	3.522	0.982	900.431
30.000	90.698	80.062	19.981	101.200	20.087	3.203	1.003	900.431
30.500	91.219	80.062	19.981	101.178	20.093	2.539	1.034	900.438
31.000	91.662	80.063	19.980	101.155	20.094	2.534	0.963	900.390
31.500	92.213	80.061	19.981	101.134	20.095	2.378	0.993	900.417
32.001	92.709	80.059	19.981	101.114	20.096	2.361	1.047	900.413
32.501	93.242	80.061	19.981	101.109	20.098	2.354	1.029	900.403
33.000	93.722	80.063	19.981	101.096	20.098	2.579	1.014	900.402
33.500	94.264	80.062	19.981	101.089	20.103	2.408	1.022	900.395
34.000	94.752	80.061	19.980	101.074	20.101	2.670	1.029	900.391
34.500	95.279	80.063	19.980	101.059	20.104	2.536	1.015	900.373
35.000	95.761	80.062	19.980	101.031	20.105	2.512	1.009	900.373
35.500	96.280	80.063	19.980	101.014	20.108	2.271	1.001	900.393
36.001	96.827	80.064	19.980	100.991	20.107	2.342	1.067	900.432
36.500	97.342	80.062	19.980	100.977	20.113	1.708	1.062	900.333
37.000	97.886	80.062	19.980	100.973	20.113	1.583	1.058	900.365
37.501	98.389	80.062	19.979	100.976	20.115	1.316	1.047	900.390
38.001	98.920	80.064	19.981	100.978	20.116	1.251	1.034	900.373
38.501	99.453	80.063	19.982	100.978	20.120	0.857	1.064	900.383
39.000	99.991	80.061	19.982	100.978	20.119	1.010	1.071	900.348
39.500	100.498	80.060	19.981	100.967	20.118	1.205	1.045	900.379
40.001	101.023	80.061	19.981	100.954	20.118	1.384	1.031	900.371
40.501	101.563	80.059	19.979	100.940	20.122	1.191	1.065	900.392
41.001	102.095	80.061	19.980	100.931	20.121	1.381	1.072	900.371
41.501	102.627	80.063	19.980	100.921	20.122	1.389	1.065	900.393
42.000	103.161	80.062	19.979	100.918	20.125	1.216	1.067	900.391
42.500	103.657	80.059	19.980	100.916	20.124	1.201	1.030	900.371
43.000	104.218	80.059	19.980	100.914	20.127	0.845	1.056	900.370
43.500	104.740	80.060	19.980	100.918	20.127	0.693	1.083	900.356
44.000	105.296	80.061	19.981	100.919	20.130	0.414	1.079	900.351
44.500	105.824	80.059	19.980	100.922	20.130	0.452	1.084	900.396
45.000	106.353	80.060	19.980	100.923	20.132	0.264	1.056	900.394
45.501	106.886	80.061	19.980	100.924	20.133	0.286	1.062	900.356
46.001	107.425	80.060	19.981	100.922	20.132	0.491	1.073	900.373
46.500	107.956	80.062	19.982	100.921	20.136	0.400	1.070	900.373
47.001	108.469	80.064	19.981	100.910	20.136	0.492	1.044	900.371
47.501	109.003	80.061	19.980	100.902	20.136	0.718	1.047	900.341
48.000	109.552	80.059	19.982	100.892	20.137	0.696	1.083	900.348
48.500	110.085	80.059	19.981	100.883	20.136	0.895	1.082	900.315
49.000	110.612	80.061	19.981	100.879	20.136	0.875	1.060	900.360
49.500	111.142	80.062	19.982	100.878	20.138	0.605	1.056	900.348
50.001	111.694	80.061	19.982	100.881	20.140	0.389	1.082	900.310
50.501	112.176	80.062	19.981	100.887	20.139	0.479	1.034	900.327
51.001	112.731	80.061	19.981	100.895	20.139	0.589	1.038	900.370
51.500	113.286	80.061	19.981	100.893	20.141	0.374	1.110	900.351
52.001	113.829	80.062	19.981	100.892	20.141	0.488	1.097	900.344
52.501	114.343	80.061	19.981	100.888	20.141	0.462	1.058	900.352
53.000	114.899	80.059	19.981	100.882	20.143	0.313	1.070	900.317
53.501	115.434	80.057	19.981	100.869	20.144	0.243	1.089	900.307
54.001	115.971	80.056	19.981	100.858	20.140	0.524	1.071	900.357
54.501	116.499	80.058	19.980	100.848	20.139	0.595	1.066	900.363
55.001	117.033	80.057	19.982	100.840	20.141	0.550	1.062	900.335
55.501	117.573	80.059	19.981	100.837	20.143	0.335	1.073	900.353
56.001	118.119	80.061	19.980	100.834	20.145	0.103	1.086	900.350
56.501	118.637	80.059	19.980	100.839	20.143	0.349	1.064	900.331
57.001	119.157	80.059	19.981	100.844	20.147	0.001	1.038	900.343
57.501	119.710	80.061	19.980	100.842	20.149	-0.045	1.073	900.312
58.001	120.240	80.059	19.980	100.836	20.145	0.374	1.082	900.303
58.501	120.762	80.059	19.980	100.836	20.145	0.341	1.052	900.332
59.001	121.330	80.059	19.981	100.831	20.148	0.098	1.091	900.339
59.500	121.856	80.062	19.980	100.827	20.147	0.233	1.094	900.287
60.001	122.384	80.063	19.981	100.830	20.148	0.235	1.054	900.315
60.501	122.886	80.062	19.981	100.826	20.150	-0.063	1.031	900.315
61.001	123.425	80.062	19.981	100.826	20.146	0.285	1.040	900.311
61.501	123.962	80.063	19.980	100.832	20.149	0.037	1.074	900.274
62.001	124.504	80.061	19.979	100.832	20.147	0.337	1.079	900.324
62.501	125.047	80.062	19.980	100.826	20.150	0.124	1.085	900.322
63.001	125.563	80.061	19.982	100.828	20.150	0.195	1.060	900.303
63.501	126.093	80.061	19.981	100.828	20.154	-0.235	1.047	900.305
64.001	126.597	80.060	19.980	100.822	20.147	0.552	1.034	900.314
64.501	127.142	80.058	19.980	100.819	20.150	0.284	1.049	900.310
65.001	127.671	80.058	19.980	100.815	20.149	0.459	1.075	900.306
65.501	128.196	80.060	19.980	100.813	20.152	0.059	1.053	900.295
66.001	128.733	80.057	19.980	100.811	20.148	0.404	1.061	900.326
66.501	129.267	80.059	19.980	100.807	20.153	-0.071	1.071	900.300
67.001	129.816	80.059	19.981	100.807	20.153	-0.019	1.084	900.315
67.501	130.377	80.059	19.981	100.811	20.159	-0.661	1.110	900.303
68.001	130.880	80.062	19.981	100.810	20.158	-0.616	1.063	900.326
68.501	131.414	80.062	19.981	100.810	20.158	-0.611	1.038	900.297
69.001	131.953	80.060	19.982	100.808	20.157	-0.392	1.073	900.295
69.501	132.448	80.059	19.980	100.803	20.155	-0.286	1.034	900.280
70.001	132.989	80.058	19.981	100.798	20.159	-0.671	1.036	900.277
70.501	133.538	80.060	19.980	100.794	20.160	-0.662	1.089	900.270
71.001	134.031	80.060	19.981	100.791	20.158	-0.477	1.042	900.297
71.501	134.594	80.057	19.982	100.791	20.160	-0.651	1.057	900.284
72.000	135.098	80.058	19.981	100.789	20.158	-0.404	1.068	900.272
72.501	135.633	80.058	19.980	100.789	20.159	-0.493	1.039	900.291
73.000	136.133	80.056	19.981	100.794	20.161	-0.676	1.035	900.272
73.500	136.683	80.058	19.980	100.793	20.160	-0.618	1.050	900.283
74.001	137.164	80.059	19.981	100.791	20.160	-0.545	1.030	900.258
74.501	137.724	80.058	19.981	100.791	20.159	-0.419	1.042	900.286
75.000	138.204	80.058	19.980	100.795	20.160	-0.680	1.040	900.252
75.501	138.762	80.058	19.981	100.794	20.158	-0.400	1.037	900.255
76.001	139.274	80.057	19.981	100.792	20.161	-0.661	1.070	900.278
76.501	139.785	80.058	19.981	100.792	20.161	-0.492	1.023	900.278
77.001	140.318	80.057	19.982	100.795	20.162	-0.668	1.045	900.226
77.501	140.864	80.060	19.982	100.791	20.158	-0.320	1.079	900.247
78.001	141.370	80.058	19.981	100.788	20.158	-0.325	1.051	900.262
78.501	141.878	80.057	19.981	100.789	20.157	-0.301	1.014	900.255
79.001	142.400	80.059	19.981	100.788	20.156	-0.267	1.031	900.276
79.500	142.963	80.060	19.982	100.782	20.159	-0.696	1.084	900.307
80.001	143.450	80.060	19.981	100.782	20.160	-0.824	1.049	900.266
80.501	143.993	80.058	19.980	100.782	20.157	-0.495	1.031	900.237
81.001	144.546	80.058	19.981	100.781	20.161	-0.841	1.096	900.293
81.501	145.085	80.060	19.981	100.781	20.161	-0.670	1.092	900.297
82.001	145.583	80.059	19.981	100.786	20.165	-0.964	1.036	900.282
82.501	146.083	80.061	19.982	100.785	20.164	-0.734	0.997	900.278
83.001	146.594	80.063	19.981	100.786	20.163	-0.613	1.012	900.254
83.501	147.110	80.061	19.982	100.779	20.162	-0.560	1.028	900.275
84.001	147.633	80.062	19.981	100.773	20.162	-0.533	1.038	900.275
84.502	148.150	80.064	19.981	100.775	20.164	-0.767	1.040	900.242
85.001	148.667	80.060	19.982	100.777	20.161	-0.618	1.034	900.260
85.501	149.175	80.061	19.982	100.779	20.161	-0.604	1.026	900.238
86.001	149.695	80.062	19.981	100.787	20.164	-0.800	1.029	900.249
86.500	150.214	80.062	19.983	100.794	20.162	-0.347	1.038	900.223
87.001	150.721	80.064	19.982	100.796	20.166	-0.664	1.025	900.243
87.501	151.235	80.062	19.982	100.796	20.165	-0.586	1.021	900.242
88.001	151.771	80.062	19.983	100.794	20.169	-0.881	1.051	900.228
88.501	152.265	80.061	19.982	100.788	20.165	-0.433	1.029	900.255
89.002	152.813	80.059	19.981	100.780	20.165	-0.315	1.041	900.245
89.502	153.289	80.059	19.981	100.769	20.164	-0.339	1.025	900.214
90.001	153.821	80.059	19.980	100.765	20.162	-0.204	1.010	900.220
90.501	154.349	80.059	19.981	100.766	20.164	-0.382	1.060	900.251
91.001	154.850	80.057	19.979	100.771	20.161	-0.105	1.029	900.218
91.500	155.388	80.057	19.979	100.775	20.166	-0.500	1.038	900.207
92.001	155.928	80.060	19.981	100.778	20.164	-0.311	1.078	900.244
92.501	156.422	80.059	19.981	100.780	20.167	-0.574	1.034	900.241
93.001	156.944	80.058	19.980	100.776	20.165	-0.177	1.016	900.201
93.501	157.439	80.060	19.980	100.770	20.168	-0.434	1.017	900.238
94.001	157.997	80.059	19.980	100.759	20.166	-0.144	1.054	900.248
94.501	158.474	80.058	19.981	100.754	20.168	-0.286	1.035	900.219
95.000	158.982	80.059	19.981	100.750	20.169	-0.315	0.984	900.227
95.501	159.477	80.059	19.981	100.747	20.167	-0.187	1.002	900.193
96.002	160.007	80.059	19.981	100.746	20.171	-0.553	1.025	900.214
96.501	160.514	80.058	19.981	100.748	20.167	-0.274	1.038	900.195
97.001	161.085	80.058	19.981	100.752	20.169	-0.480	1.078	900.205
97.501	161.580	80.060	19.981	100.753	20.171	-0.834	1.066	900.215
98.001	162.065	80.060	19.982	100.751	20.173	-1.012	0.980	900.229
98.502	162.590	80.058	19.982	100.750	20.173	-0.903	1.009	900.210
99.002	163.114	80.060	19.982	100.754	20.170	-0.513	1.049	900.231
99.501	163.636	80.059	19.983	100.746	20.171	-0.622	1.047	900.200
100.001	164.119	80.059	19.982	100.740	20.169	-0.381	1.006	900.218
100.501	164.649	80.061	19.982	100.734	20.167	-0.055	1.013	900.189
101.001	165.132	80.060	19.981	100.728	20.170	-0.315	1.013	900.173
101.501	165.642	80.061	19.982	100.725	20.169	-0.224	0.992	900.213
102.001	166.160	80.059	19.981	100.724	20.166	0.056	1.028	900.194
102.501	166.669	80.059	19.979	100.723	20.170	-0.326	1.028	900.171
103.001	167.184	80.059	19.981	100.726	20.172	-0.453	1.024	900.205
103.501	167.699	80.058	19.981	100.725	20.170	-0.239	1.030	900.186
104.001	168.213	80.058	19.981	100.729	20.171	-0.309	1.028	900.206
104.501	168.706	80.059	19.980	100.735	20.171	-0.329	1.007	900.204
105.001	169.206	80.057	19.981	100.741	20.173	-0.496	0.993	900.224
105.501	169.727	80.057	19.980	100.738	20.175	-0.607	1.021	900.179
106.002	170.260	80.058	19.981	100.732	20.170	-0.057	1.054	900.180
106.501	170.802	80.058	19.982	100.725	20.176	-0.580	1.075	900.225
107.001	171.304	80.058	19.982	100.721	20.171	-0.064	1.045	900.204
107.501	171.767	80.058	19.982	100.717	20.172	-0.202	0.965	900.182
108.001	172.336	80.059	19.981	100.719	20.173	-0.441	1.031	900.216
108.502	172.803	80.061	19.981	100.723	20.175	-0.662	1.035	900.216
109.002	173.343	80.059	19.981	100.719	20.173	-0.495	1.007	900.182
109.502	173.847	80.059	19.981	100.716	20.175	-0.820	1.044	900.193
110.002	174.364	80.061	19.982	100.714	20.174	-0.526	1.021	900.190
110.501	174.845	80.060	19.982	100.710	20.177	-0.739	0.999	900.196
111.001	175.379	80.061	19.981	100.710	20.176	-0.437	1.016	900.218
111.501	175.878	80.062	19.981	100.712	20.174	-0.064	1.033	900.175
112.001	176.403	80.061	19.981	100.711	20.175	-0.050	1.023	900.196
112.501	176.912	80.059	19.981	100.706	20.172	0.241	1.034	900.138
113.001	177.401	80.059	19.980	100.703	20.177	-0.505	0.998	900.161
113.501	177.944	80.059	19.980	100.701	20.175	-0.395	1.031	900.193
114.002	178.441	80.059	19.981	100.700	20.179	-0.827	1.040	900.186
114.502	178.977	80.057	19.980	100.699	20.177	-0.623	1.034	900.184
115.002	179.436	80.058	19.980	100.701	20.179	-0.996	0.995	900.183
115.501	179.963	80.058	19.982	100.706	20.177	-0.808	0.987	900.170
116.001	180.481	80.058	19.982	100.711	20.176	-0.651	1.046	900.207
116.501	181.002	80.061	19.981	100.714	20.179	-0.844	1.038	900.157
117.001	181.507	80.059	19.981	100.717	20.176	-0.617	1.026	900.169
117.501	182.003	80.057	19.981	100.708	20.178	-0.738	1.001	900.162
118.002	182.507	80.058	19.982	100.695	20.174	-0.152	0.999	900.140
118.503	183.017	80.057	19.981	100.685	20.176	-0.216	1.014	900.161
119.002	183.525	80.060	19.980	100.674	20.176	-0.215	1.019	900.186
119.501	184.065	80.060	19.981	100.669	20.178	-0.322	1.048	900.181
120.002	184.570	80.059	19.980	100.677	20.178	-0.385	1.044	900.159
120.502	185.060	80.060	19.979	100.692	20.184	-1.153	0.996	900.149
121.001	185.585	80.059	19.981	100.698	20.181	-0.921	1.015	900.194
121.502	186.058	80.057	19.980	100.701	20.180	-0.669	0.997	900.165
122.002	186.604	80.060	19.980	100.696	20.179	-0.528	1.019	900.200
122.502	187.119	80.057	19.981	100.702	20.181	-0.794	1.061	900.173
123.002	187.621	80.058	19.980	100.697	20.179	-0.568	1.017	900.162
123.502	188.159	80.056	19.982	100.698	20.180	-0.566	1.040	900.170
124.002	188.657	80.058	19.981	100.704	20.180	-0.441	1.037	900.195
124.501	189.129	80.061	19.979	100.704	20.180	-0.528	0.970	900.194
125.001	189.669	80.058	19.981	100.691	20.182	-0.702	1.012	900.188
125.501	190.176	80.058	19.980	100.682	20.178	-0.275	1.047	900.122
126.001	190.664	80.058	19.981	100.675	20.182	-0.716	0.994	900.106
126.502	191.211	80.055	19.982	100.674	20.180	-0.537	1.034	900.172
127.002	191.679	80.056	19.982	100.675	20.179	-0.482	1.015	900.194
127.502	192.175	80.059	19.981	100.677	20.182	-0.984	0.965	900.143
128.001	192.708	80.056	19.981	100.687	20.178	-0.566	1.029	900.152
128.502	193.207	80.057	19.980	100.689	20.180	-0.800	1.032	900.132
129.002	193.733	80.057	19.981	100.680	20.183	-1.045	1.026	900.181
129.502	194.241	80.057	19.982	100.679	20.187	-1.376	1.035	900.156
130.001	194.752	80.058	19.980	100.682	20.186	-1.160	1.018	900.151
130.502	195.245	80.059	19.981	100.676	20.184	-0.831	1.004	900.156
131.001	195.771	80.060	19.983	100.672	20.183	-0.668	1.020	900.144
131.501	196.264	80.061	19.981	100.674	20.186	-0.923	1.018	900.159
132.002	196.769	80.059	19.983	100.672	20.184	-0.711	0.997	900.156
132.502	197.260	80.060	19.983	100.670	20.183	-0.560	0.997	900.166
133.001	197.806	80.061	19.982	100.668	20.184	-0.701	1.037	900.163
133.502	198.308	80.061	19.982	100.673	20.186	-0.942	1.047	900.160
134.002	198.792	80.060	19.982	100.676	20.184	-0.762	0.986	900.101
134.502	199.318	80.059	19.981	100.681	20.182	-0.501	1.011	900.124
135.001	199.837	80.059	19.982	100.685	20.183	-0.604	1.046	900.141
135.502	200.383	80.061	19.982	100.686	20.183	-0.736	1.064	900.151
136.003	200.859	80.057	19.982	100.685	20.186	-0.914	1.021	900.130
136.502	201.348	80.060	19.982	100.687	20.185	-0.747	0.966	900.112
137.001	201.860	80.061	19.982	100.680	20.184	-0.586	1.002	900.124
137.501	202.362	80.058	19.983	100.670	20.184	-0.558	1.014	900.130
138.001	202.900	80.059	19.983	100.664	20.183	-0.538	1.039	900.101
138.502	203.381	80.062	19.982	100.659	20.180	-0.169	1.018	900.100
139.002	203.856	80.060	19.981	100.657	20.180	-0.215	0.956	900.102
139.502	204.375	80.059	19.980	100.661	20.182	-0.487	0.994	900.142
140.002	204.910	80.057	19.981	100.661	20.185	-0.937	1.054	900.124
140.502	205.398	80.059	19.981	100.664	20.185	-0.930	1.023	900.144
141.002	205.946	80.061	19.981	100.667	20.188	-1.007	1.036	900.129
141.502	206.478	80.059	19.982	100.663	20.187	-0.931	1.080	900.102
142.002	207.004	80.060	19.982	100.660	20.188	-1.001	1.059	900.112
142.502	207.486	80.061	19.981	100.663	20.190	-1.185	1.008	900.130
143.002	207.953	80.059	19.983	100.667	20.191	-1.154	0.949	900.086
143.501	208.482	80.060	19.982	100.662	20.188	-0.837	0.996	900.139
144.002	208.953	80.062	19.982	100.658	20.186	-0.718	0.999	900.118
144.502	209.495	80.060	19.983	100.655	20.191	-1.181	1.012	900.159
145.002	209.982	80.061	19.982	100.653	20.188	-0.928	1.029	900.113
145.502	210.467	80.061	19.982	100.653	20.189	-1.084	0.973	900.080
146.002	210.981	80.062	19.982	100.656	20.186	-0.906	1.000	900.140
146.501	211.510	80.060	19.982	100.662	20.188	-1.083	1.043	900.132
147.002	212.017	80.061	19.981	100.665	20.186	-0.928	1.035	900.088
147.502	212.521	80.059	19.982	100.671	20.187	-1.004	1.011	900.125
148.001	212.994	80.059	19.979	100.664	20.188	-1.020	0.977	900.099
148.501	213.539	80.061	19.982	100.656	20.187	-0.889	1.019	900.077
149.001	214.031	80.063	19.981	100.656	20.190	-1.103	1.037	900.104
149.502	214.553	80.062	19.982	100.656	20.190	-1.121	1.012	900.112
150.003	215.033	80.059	19.981	100.650	20.192	-1.208	1.002	900.057
150.502	215.560	80.059	19.981	100.648	20.191	-1.074	1.008	900.087
151.002	216.067	80.060	19.981	100.653	20.190	-0.940	1.034	900.083
151.502	216.541	80.060	19.981	100.649	20.193	-1.124	0.981	900.071
152.002	217.056	80.057	19.981	100.650	20.189	-0.648	0.989	900.089
152.502	217.595	80.058	19.981	100.654	20.193	-1.074	1.055	900.096
153.001	218.085	80.059	19.980	100.661	20.191	-0.932	1.030	900.075
153.501	218.550	80.056	19.981	100.662	20.192	-1.123	0.954	900.104
154.001	219.100	80.057	19.982	100.666	20.191	-0.973	1.015	900.074
154.501	219.587	80.061	19.982	100.663	20.191	-1.016	1.036	900.103
155.002	220.079	80.061	19.982	100.655	20.196	-1.488	0.978	900.090
155.502	220.631	80.059	19.982	100.652	20.194	-1.247	1.044	900.084
156.002	221.122	80.059	19.982	100.654	20.191	-1.050	1.043	900.100
156.502	221.617	80.059	19.982	100.652	20.193	-1.180	0.986	900.075
157.002	222.136	80.060	19.983	100.650	20.193	-1.153	1.014	900.081
157.502	222.614	80.058	19.982	100.645	20.192	-1.023	0.998	900.092
158.002	223.145	80.058	19.982	100.638	20.189	-0.790	1.009	900.082
158.502	223.643	80.058	19.981	100.633	20.189	-0.861	1.028	900.086
159.002	224.158	80.056	19.980	100.634	20.189	-0.812	1.013	900.069
159.502	224.661	80.058	19.982	100.633	20.192	-1.197	1.018	900.084
160.002	225.145	80.060	19.982	100.639	20.190	-1.019	0.989	900.098
160.501	225.666	80.059	19.981	100.640	20.191	-1.010	1.005	900.090
161.002	226.177	80.058	19.981	100.639	20.192	-1.114	1.031	900.118
161.502	226.692	80.056	19.980	100.636	20.189	-0.684	1.026	900.062
162.002	227.188	80.058	19.980	100.641	20.191	-0.847	1.010	900.035
162.503	227.682	80.059	19.981	100.638	20.190	-0.747	0.990	900.048
163.002	228.171	80.058	19.980	100.640	20.191	-0.858	0.985	900.076
163.501	228.669	80.061	19.980	100.643	20.190	-0.841	0.987	900.063
164.002	229.158	80.059	19.982	100.641	20.192	-0.953	0.986	900.110
164.502	229.688	80.061	19.981	100.636	20.192	-0.893	1.019	900.057
165.002	230.197	80.061	19.981	100.639	20.192	-0.967	1.039	900.083
165.502	230.722	80.060	19.981	100.639	20.196	-1.349	1.034	900.103
166.002	231.200	80.060	19.982	100.642	20.195	-1.147	1.003	900.073
166.501	231.700	80.058	19.981	100.642	20.201	-1.677	0.978	900.031
167.001	232.218	80.056	19.981	100.646	20.196	-1.302	1.018	900.053
167.502	232.702	80.056	19.982	100.646	20.199	-1.490	1.002	900.092
168.002	233.228	80.056	19.981	100.638	20.194	-0.957	1.010	900.070
168.502	233.728	80.054	19.981	100.634	20.200	-1.640	1.026	900.073
169.002	234.206	80.059	19.981	100.635	20.197	-1.318	0.978	900.075
169.501	234.715	80.057	19.981	100.630	20.197	-1.307	0.987	900.012
170.002	235.236	80.054	19.980	100.629	20.197	-1.315	1.029	900.075
170.502	235.731	80.059	19.981	100.638	20.198	-1.453	1.016	900.083
171.002	236.246	80.057	19.982	100.637	20.198	-1.240	1.009	900.054
171.502	236.702	80.058	19.982	100.629	20.198	-1.168	0.970	900.051
172.002	237.250	80.058	19.981	100.630	20.197	-1.076	1.005	900.042
172.502	237.729	80.056	19.981	100.635	20.196	-1.001	1.028	900.024
173.002	238.237	80.060	19.981	100.630	20.198	-1.272	0.986	900.027
173.502	238.760	80.060	19.980	100.626	20.195	-0.931	1.030	900.035
174.002	239.263	80.058	19.980	100.629	20.196	-1.086	1.027	900.072
174.501	239.752	80.060	19.981	100.626	20.196	-1.111	0.992	900.064
175.002	240.250	80.059	19.980	100.619	20.197	-1.246	0.986	900.057
175.502	240.817	80.061	19.980	100.623	20.195	-1.092	1.064	900.054
176.002	241.298	80.059	19.980	100.629	20.198	-1.315	1.048	900.062
176.502	241.781	80.057	19.982	100.628	20.196	-1.112	0.964	900.037
177.002	242.310	80.058	19.981	100.627	20.198	-1.388	1.013	900.060
177.501	242.805	80.058	19.981	100.625	20.195	-1.054	1.025	900.077
178.002	243.279	80.058	19.980	100.620	20.200	-1.566	0.968	900.039
178.502	243.802	80.058	19.981	100.609	20.199	-1.485	0.996	900.058
179.002	244.302	80.055	19.981	100.609	20.199	-1.527	1.023	900.063
179.502	244.819	80.054	19.980	100.613	20.200	-1.655	1.017	900.063
180.002	245.340	80.057	19.981	100.612	20.198	-1.493	1.038	900.068
180.502	245.836	80.056	19.981	100.614	20.197	-1.434	1.018	900.070
181.001	246.322	80.055	19.981	100.617	20.196	-1.358	0.983	900.097
181.501	246.825	80.058	19.981	100.619	20.196	-1.360	0.988	900.050
182.002	247.349	80.059	19.982	100.617	20.196	-1.309	1.026	900.096
182.503	247.851	80.057	19.981	100.622	20.198	-1.444	1.026	900.055
183.002	248.336	80.057	19.981	100.620	20.200	-1.522	0.988	900.085
183.501	248.843	80.057	19.981	100.619	20.199	-1.347	0.993	900.060
184.002	249.339	80.059	19.982	100.620	20.201	-1.433	1.003	900.061
184.502	249.844	80.057	19.982	100.624	20.201	-1.371	1.000	900.078
185.002	250.340	80.058	19.981	100.621	20.201	-1.390	1.000	900.063
185.502	250.859	80.059	19.982	100.622	20.197	-1.058	1.016	900.060
186.002	251.336	80.058	19.982	100.627	20.200	-1.345	0.996	900.046
186.502	251.866	80.060	19.982	100.625	20.202	-1.488	1.007	900.058
187.002	252.343	80.061	19.982	100.623	20.201	-1.251	1.007	900.059
187.502	252.837	80.060	19.983	100.630	20.198	-1.031	0.972	900.036
188.002	253.361	80.059	19.983	100.632	20.198	-1.121	1.018	900.054
188.502	253.871	80.058	19.983	100.634	20.197	-1.051	1.032	900.052
189.003	254.343	80.059	19.981	100.636	20.198	-1.323	0.982	900.034
189.503	254.860	80.059	19.981	100.632	20.197	-1.218	0.990	900.040
190.002	255.380	80.057	19.981	100.621	20.201	-1.684	1.037	900.067
190.502	255.890	80.058	19.981	100.615	20.199	-1.318	1.030	900.020
191.003	256.402	80.059	19.981	100.610	20.200	-1.267	1.023	900.032
191.502	256.889	80.059	19.981	100.608	20.202	-1.441	0.999	900.049
192.002	257.395	80.061	19.982	100.607	20.202	-1.316	0.992	900.038
192.503	257.885	80.062	19.983	100.611	20.204	-1.581	0.996	900.032
193.003	258.387	80.059	19.983	100.613	20.203	-1.588	0.992	900.020
193.502	258.877	80.058	19.982	100.609	20.203	-1.581	0.993	900.036
194.002	259.386	80.057	19.982	100.603	20.202	-1.606	1.000	900.009
194.502	259.852	80.058	19.982	100.601	20.203	-1.600	0.974	900.052
195.002	260.389	80.059	19.983	100.603	20.200	-1.285	1.002	900.010
195.502	260.884	80.059	19.982	100.607	20.199	-1.135	1.032	899.999
196.002	261.401	80.063	19.981	100.613	20.197	-0.842	1.013	900.036
196.502	261.905	80.061	19.982	100.624	20.202	-1.359	1.021	900.017
197.002	262.395	80.061	19.981	100.627	20.202	-1.433	0.993	899.998
197.502	262.898	80.061	19.981	100.623	20.198	-1.100	0.992	900.011
198.003	263.423	80.060	19.982	100.614	20.200	-1.300	1.028	900.017
198.502	263.900	80.059	19.982	100.600	20.199	-1.254	1.003	900.069
199.002	264.393	80.059	19.980	100.595	20.201	-1.457	0.971	899.976
199.502	264.906	80.059	19.980	100.598	20.203	-1.682	1.006	900.034
200.002	265.405	80.060	19.979	100.603	20.203	-1.496	1.011	900.001
200.503	265.920	80.057	19.980	100.609	20.199	-1.058	1.013	900.005
201.002	266.408	80.057	19.981	100.613	20.199	-1.141	1.004	900.015
201.502	266.946	80.059	19.980	100.613	20.200	-1.249	1.027	900.021
202.002	267.426	80.059	19.980	100.606	20.200	-1.329	1.017	899.992
202.503	267.899	80.059	19.980	100.601	20.203	-1.466	0.953	899.983
203.002	268.385	80.061	19.979	100.601	20.202	-1.373	0.960	900.007
203.502	268.903	80.061	19.981	100.600	20.200	-0.961	1.004	899.958
204.002	269.404	80.060	19.981	100.599	20.201	-0.891	1.018	900.002
204.503	269.909	80.059	19.980	100.608	20.202	-0.925	1.006	899.980
205.003	270.400	80.058	19.979	100.610	20.201	-0.882	0.996	900.018
205.502	270.872	80.060	19.979	100.609	20.200	-0.700	0.963	900.013
206.002	271.382	80.058	19.980	100.612	20.204	-1.197	0.982	899.980
206.502	271.917	80.057	19.980	100.609	20.200	-0.827	1.045	900.015
207.002	272.403	80.059	19.979	100.606	20.201	-1.006	1.021	899.979
207.502	272.922	80.058	19.980	100.601	20.200	-0.827	1.005	900.002
208.002	273.399	80.060	19.980	100.602	20.202	-0.977	0.995	899.957
208.502	273.910	80.061	19.980	100.606	20.203	-1.051	0.988	900.006
209.002	274.393	80.060	19.980	100.609	20.206	-1.417	0.994	899.958
209.502	274.906	80.059	19.980	100.605	20.204	-1.180	0.996	899.990
210.002	275.419	80.057	19.980	100.605	20.208	-1.701	1.026	900.006
210.502	275.926	80.057	19.980	100.597	20.204	-1.306	1.020	899.957
211.002	276.414	80.056	19.980	100.585	20.205	-1.414	0.994	900.003
211.502	276.915	80.057	19.980	100.575	20.203	-1.271	0.989	899.991
212.002	277.438	80.061	19.981	100.576	20.202	-1.149	1.024	899.971
212.502	277.950	80.060	19.979	100.578	20.207	-1.740	1.034	900.014
213.002	278.459	80.059	19.980	100.578	20.206	-1.684	1.021	900.010
213.502	278.929	80.059	19.981	100.583	20.206	-1.594	0.980	899.983
214.002	279.459	80.059	19.980	100.589	20.204	-1.448	1.000	899.991
214.502	279.938	80.059	19.981	100.584	20.204	-1.473	1.008	899.991
215.002	280.425	80.059	19.981	100.580	20.205	-1.539	0.966	899.996
215.502	280.931	80.058	19.980	100.582	20.202	-1.292	0.993	900.002
216.002	281.442	80.059	19.980	100.580	20.206	-1.551	1.017	900.001
216.502	281.950	80.060	19.980	100.580	20.203	-1.333	1.019	899.972
217.002	282.449	80.058	19.981	100.583	20.201	-1.071	1.007	899.995
217.503	282.956	80.061	19.981	100.585	20.203	-1.293	1.005	899.992
218.003	283.468	80.061	19.979	100.589	20.202	-1.256	1.019	899.996
218.502	283.982	80.061	19.980	100.590	20.204	-1.420	1.027	900.003
219.002	284.441	80.063	19.980	100.588	20.204	-1.365	0.973	899.976
219.502	284.937	80.062	19.979	100.591	20.203	-1.183	0.954	899.988
220.002	285.472	80.060	19.981	100.591	20.205	-1.470	1.030	899.984
220.502	285.960	80.059	19.981	100.594	20.202	-1.032	1.024	900.010
221.002	286.452	80.060	19.981	100.595	20.200	-0.782	0.980	899.984
221.502	286.972	80.062	19.980	100.595	20.203	-1.184	1.011	899.981
222.002	287.460	80.060	19.980	100.593	20.206	-1.565	1.008	900.012
222.502	287.973	80.059	19.980	100.594	20.207	-1.664	1.001	899.994
223.002	288.459	80.060	19.980	100.594	20.205	-1.429	0.999	899.975
223.502	288.941	80.057	19.980	100.592	20.203	-1.347	0.967	899.983
224.003	289.456	80.056	19.980	100.591	20.204	-1.391	0.996	899.965
224.503	289.967	80.060	19.980	100.591	20.204	-1.282	1.026	899.969
225.003	290.443	80.059	19.980	100.593	20.204	-1.195	0.987	899.973
225.503	290.952	80.058	19.981	100.592	20.205	-1.102	0.985	899.984
226.003	291.475	80.057	19.981	100.593	20.201	-0.674	1.033	899.963
226.502	291.956	80.057	19.980	100.590	20.203	-0.786	1.004	899.976
227.002	292.438	80.059	19.980	100.588	20.206	-1.234	0.962	899.960
227.503	292.935	80.058	19.980	100.585	20.206	-1.260	0.979	899.951
228.002	293.463	80.058	19.980	100.579	20.203	-0.952	1.026	899.965
228.502	293.969	80.059	19.980	100.579	20.205	-1.193	1.035	899.959
229.002	294.448	80.057	19.979	100.587	20.203	-0.981	0.985	899.973
229.502	294.966	80.060	19.980	100.590	20.205	-1.145	0.996	899.976
230.002	295.490	80.061	19.979	100.589	20.209	-1.567	1.041	899.940
230.502	295.994	80.060	19.980	100.593	20.211	-1.758	1.028	899.943
231.002	296.453	80.060	19.982	100.596	20.212	-1.865	0.964	899.947
231.502	296.978	80.060	19.982	100.588	20.210	-1.632	0.985	899.972
232.002	297.497	80.057	19.981	100.582	20.208	-1.385	1.044	899.954
232.502	297.967	80.056	19.981	100.576	20.205	-1.039	0.988	899.965
233.003	298.485	80.055	19.980	100.567	20.207	-1.178	0.988	899.976
233.502	298.961	80.058	19.981	100.564	20.207	-1.110	0.995	899.963
234.002	299.464	80.059	19.982	100.568	20.206	-1.138	0.979	899.959
234.502	299.992	80.055	19.982	100.570	20.207	-1.196	1.031	899.951
235.002	300.481	80.058	19.982	100.575	20.212	-1.878	1.017	899.959
235.503	300.972	80.059	19.982	100.580	20.204	-1.105	0.979	899.951
236.003	301.460	80.058	19.982	100.576	20.209	-1.652	0.979	899.980
236.503	301.974	80.057	19.982	100.573	20.207	-1.498	1.002	899.966
237.003	302.459	80.056	19.982	100.571	20.207	-1.454	1.000	899.931
237.502	302.994	80.056	19.982	100.572	20.205	-1.315	1.020	899.971
238.003	303.471	80.056	19.982	100.573	20.207	-1.423	1.011	899.950
238.503	303.962	80.054	19.981	100.574	20.204	-1.035	0.969	899.956
239.002	304.469	80.055	19.981	100.570	20.204	-0.980	0.999	899.945
239.502	304.990	80.058	19.981	100.569	20.205	-1.088	1.028	899.962
240.002	305.480	80.058	19.980	100.563	20.204	-1.023	1.011	899.940
240.502	305.983	80.062	19.980	100.558	20.204	-1.097	0.993	899.962
241.002	306.501	80.061	19.982	100.561	20.207	-1.386	1.021	899.936
241.502	306.986	80.059	19.981	100.568	20.210	-1.751	1.003	899.977
242.003	307.497	80.059	19.981	100.569	20.209	-1.688	0.995	899.965
242.502	307.991	80.057	19.982	100.574	20.206	-1.449	1.006	899.949
243.002	308.465	80.059	19.981	100.581	20.204	-1.158	0.968	899.943
243.502	308.951	80.060	19.981	100.579	20.203	-1.029	0.960	899.938
244.002	309.497	80.058	19.981	100.579	20.206	-1.133	1.032	899.944
244.502	309.967	80.059	19.981	100.580	20.207	-1.276	1.016	899.952
245.003	310.488	80.058	19.982	100.579	20.206	-1.247	0.991	899.933
245.502	310.978	80.057	19.980	100.576	20.205	-1.056	1.010	899.972
246.003	311.479	80.059	19.981	100.572	20.205	-1.123	0.990	899.935
246.503	311.983	80.059	19.983	100.569	20.206	-1.292	1.005	899.897
247.002	312.477	80.059	19.982	100.572	20.206	-1.301	0.998	899.937
247.503	312.950	80.057	19.982	100.572	20.207	-1.355	0.967	899.911
248.003	313.473	80.057	19.983	100.573	20.211	-1.713	0.997	899.938
248.502	313.991	80.059	19.982	100.580	20.206	-1.114	1.041	899.936
249.002	314.473	80.059	19.981	100.583	20.205	-1.083	1.000	899.932
249.502	314.960	80.058	19.980	100.582	20.203	-0.983	0.969	899.932
250.002	315.439	80.060	19.981	100.583	20.205	-1.208	0.966	899.928
250.502	315.948	80.057	19.980	100.579	20.197	-0.349	0.988	899.906
251.002	316.451	80.058	19.980	100.572	20.201	-0.842	1.012	899.910
251.502	316.947	80.062	19.980	100.566	20.200	-0.682	0.999	899.915
252.002	317.455	80.060	19.981	100.568	20.202	-0.798	1.003	899.924
252.503	317.959	80.059	19.981	100.569	20.206	-1.149	1.011	899.933
253.003	318.483	80.058	19.981	100.572	20.203	-0.778	1.027	899.932
253.504	318.978	80.058	19.981	100.574	20.201	-0.577	1.019	899.926
254.003	319.446	80.059	19.981	100.579	20.205	-0.965	0.964	899.928
254.503	319.967	80.058	19.981	100.575	20.203	-0.804	0.990	899.907
255.002	320.447	80.058	19.980	100.570	20.202	-0.757	1.001	899.925
255.502	320.968	80.060	19.981	100.567	20.205	-1.137	1.000	899.936
256.003	321.473	80.061	19.982	100.568	20.206	-1.235	1.025	899.959
256.503	321.977	80.061	19.981	100.571	20.205	-1.092	1.010	899.901
257.003	322.463	80.062	19.981	100.574	20.201	-0.655	0.991	899.900
257.503	322.959	80.061	19.981	100.577	20.201	-0.672	0.981	899.954
258.003	323.498	80.060	19.981	100.577	20.204	-0.899	1.034	899.948
258.503	324.033	80.059	19.982	100.577	20.206	-1.114	1.074	899.967
259.003	324.462	80.060	19.983	100.572	20.207	-1.230	0.964	899.932
259.503	324.991	80.061	19.982	100.568	20.204	-0.917	0.959	899.927
260.003	325.487	80.059	19.981	100.566	20.206	-1.045	1.026	899.887
260.503	325.966	80.057	19.981	100.566	20.206	-1.057	0.975	899.911
261.003	326.481	80.059	19.981	100.564	20.203	-0.668	0.994	899.949
261.502	326.979	80.059	19.982	100.565	20.202	-0.498	1.013	899.909
262.003	327.510	80.061	19.980	100.566	20.203	-0.543	1.029	899.927
262.503	327.986	80.064	19.981	100.568	20.203	-0.492	1.008	899.931
263.002	328.474	80.061	19.980	100.573	20.202	-0.459	0.964	899.927
263.503	328.990	80.060	19.979	100.575	20.204	-0.746	1.003	899.899
264.003	329.488	80.059	19.980	100.571	20.205	-0.892	1.015	899.969
264.502	329.981	80.062	19.981	100.568	20.204	-0.746	0.991	899.920
265.003	330.480	80.061	19.981	100.564	20.207	-0.994	0.991	899.926
265.503	331.007	80.059	19.981	100.561	20.204	-0.722	1.026	899.912
266.003	331.516	80.060	19.981	100.563	20.205	-0.789	1.035	899.918
266.503	331.994	80.060	19.980	100.569	20.208	-0.980	0.987	899.927
267.003	332.497	80.057	19.981	100.567	20.206	-0.749	0.981	899.925
267.503	333.006	80.062	19.981	100.564	20.203	-0.397	1.011	899.932
268.003	333.455	80.061	19.981	100.560	20.202	-0.351	0.958	899.895
268.503	333.999	80.060	19.981	100.555	20.204	-0.613	0.994	899.910
269.002	334.497	80.058	19.981	100.553	20.206	-0.917	1.043	899.934
269.502	334.995	80.056	19.981	100.553	20.203	-0.604	0.996	899.913
270.003	335.483	80.060	19.982	100.553	20.205	-0.793	0.985	899.921
270.503	335.975	80.059	19.981	100.555	20.206	-0.883	0.979	899.908
271.003	336.498	80.059	19.981	100.557	20.203	-0.555	1.015	899.945
271.503	337.002	80.059	19.980	100.557	20.206	-0.767	1.028	899.907
272.003	337.489	80.055	19.980	100.559	20.204	-0.424	0.992	899.954
272.502	337.991	80.058	19.981	100.557	20.204	-0.403	0.989	899.916
273.002	338.509	80.060	19.980	100.554	20.203	-0.331	1.019	899.927
273.503	338.989	80.058	19.980	100.550	20.205	-0.543	0.998	899.913
274.003	339.491	80.058	19.980	100.547	20.203	-0.340	0.982	899.899
274.503	339.982	80.058	19.980	100.547	20.207	-0.915	0.993	899.912
275.003	340.519	80.057	19.981	100.547	20.201	-0.321	1.028	899.904
275.503	341.003	80.060	19.982	100.548	20.204	-0.666	1.020	899.932
276.003	341.509	80.061	19.982	100.554	20.202	-0.554	0.990	899.930
276.503	342.000	80.060	19.981	100.557	20.203	-0.694	0.997	899.934
277.003	342.510	80.060	19.980	100.556	20.205	-0.762	1.001	899.935
277.503	343.013	80.059	19.981	100.559	20.204	-0.558	1.014	899.938
278.003	343.510	80.057	19.982	100.557	20.200	-0.119	1.000	899.907
278.503	344.025	80.061	19.980	100.550	20.205	-0.577	1.012	899.926
279.002	344.533	80.059	19.980	100.542	20.203	-0.379	1.023	899.924
279.503	345.012	80.056	19.980	100.540	20.204	-0.368	0.987	899.957
280.003	345.498	80.057	19.980	100.538	20.201	-0.204	0.965	899.925
280.503	346.001	80.058	19.981	100.540	20.204	-0.509	0.988	899.911
281.003	346.500	80.061	19.982	100.542	20.197	0.120	1.002	899.945
281.503	347.002	80.059	19.981	100.547	20.199	-0.153	1.001	899.943
282.003	347.506	80.059	19.981	100.552	20.201	-0.368	1.006	899.945
282.503	348.008	80.061	19.981	100.553	20.203	-0.580	1.007	899.948
283.002	348.524	80.059	19.981	100.553	20.199	-0.263	1.019	899.930
283.502	348.963	80.060	19.982	100.559	20.199	-0.214	0.954	899.932
284.003	349.507	80.062	19.981	100.559	20.201	-0.297	0.983	899.909
284.503	350.021	80.059	19.981	100.551	20.200	-0.068	1.058	899.928
285.003	350.501	80.058	19.981	100.548	20.200	-0.127	0.993	899.908
285.504	350.984	80.057	19.980	100.547	20.199	0.089	0.962	899.883
286.004	351.492	80.058	19.981	100.539	20.202	-0.124	0.992	899.926
286.503	351.965	80.060	19.982	100.540	20.199	0.177	0.982	899.897
287.003	352.510	80.058	19.981	100.543	20.198	0.289	1.019	899.932
287.502	352.992	80.059	19.981	100.544	20.198	0.315	1.027	899.952
288.003	353.484	80.060	19.981	100.547	20.198	0.385	0.973	899.942
288.503	353.992	80.059	19.981	100.553	20.196	0.560	1.000	899.914
289.003	354.508	80.061	19.981	100.556	20.194	0.688	1.025	899.947
289.502	355.013	80.061	19.980	100.557	20.197	0.329	1.020	899.935
290.003	355.496	80.060	19.981	100.559	20.195	0.539	0.987	899.936
290.503	355.998	80.059	19.980	100.558	20.196	0.465	0.985	899.917
291.003	356.489	80.057	19.979	100.552	20.193	0.755	0.993	899.936
291.503	356.977	80.059	19.980	100.546	20.195	0.542	0.979	899.921
292.003	357.490	80.060	19.981	100.546	20.194	0.742	1.001	899.902
292.503	357.992	80.059	19.980	100.545	20.193	0.803	1.016	899.927
293.002	358.477	80.061	19.981	100.541	20.190	1.048	0.987	899.949
293.503	359.015	80.059	19.980	100.537	20.189	1.136	1.023	899.882
294.003	359.469	80.059	19.981	100.534	20.189	1.092	0.992	899.890
294.503	360.008	80.062	19.981	100.533	20.190	0.888	0.993	899.934
295.003	360.521	80.062	19.979	100.530	20.189	1.013	1.052	899.920
295.503	360.993	80.061	19.981	100.529	20.187	1.297	0.985	899.929
296.003	361.469	80.062	19.982	100.534	20.191	0.908	0.948	899.923
296.503	361.973	80.060	19.981	100.537	20.187	1.328	0.980	899.925
297.003	362.492	80.061	19.981	100.538	20.186	1.349	1.022	899.902
297.504	362.999	80.060	19.982	100.540	20.188	1.173	1.025	899.905
298.004	363.484	80.059	19.981	100.539	20.187	1.356	0.992	899.923
298.503	364.017	80.060	19.981	100.536	20.187	1.262	1.019	899.892
299.003	364.473	80.057	19.980	100.535	20.184	1.609	0.990	899.890
299.503	365.007	80.059	19.981	100.534	20.184	1.660	0.990	899.908
300.003	365.511	80.061	19.981	100.536	20.185	1.543	1.037	899.911
300.503	366.007	80.061	19.981	100.540	20.180	2.139	1.000	899.913
301.003	366.490	80.060	19.981	100.543	20.180	2.041	0.980	899.916
301.503	366.998	80.059	19.981	100.544	20.179	2.069	0.990	899.897
302.003	367.473	80.059	19.980	100.546	20.180	1.933	0.983	899.897
302.503	367.989	80.060	19.980	100.546	20.180	1.921	0.991	899.917
303.004	368.492	80.059	19.980	100.542	20.181	1.904	1.019	899.908
303.504	369.004	80.056	19.980	100.542	20.177	2.259	1.015	899.904
304.003	369.502	80.059	19.980	100.544	20.172	2.720	1.011	899.904
304.503	370.010	80.057	19.979	100.541	20.171	2.878	1.006	899.914
305.003	370.507	80.059	19.979	100.541	20.169	3.157	1.005	899.908
305.503	370.991	80.059	19.979	100.542	20.169	3.137	0.981	899.927
306.003	371.509	80.059	19.979	100.542	20.167	3.377	1.002	899.923
306.503	372.032	80.059	19.979	100.540	20.162	3.848	1.039	899.935
307.004	372.518	80.058	19.981	100.542	20.166	3.428	1.010	899.926
307.503	373.007	80.058	19.980	100.540	20.163	3.736	0.976	899.916
308.003	373.501	80.060	19.981	100.538	20.161	3.810	0.982	899.944
308.503	374.012	80.057	19.982	100.542	20.162	3.769	1.005	899.886
309.003	374.497	80.057	19.980	100.544	20.159	4.015	0.997	899.929
309.503	375.014	80.060	19.980	100.544	20.157	4.196	1.002	899.922
310.003	375.523	80.058	19.980	100.546	20.154	4.558	1.026	899.928
310.503	376.006	80.059	19.980	100.547	20.152	4.841	0.993	899.896
311.003	376.531	80.061	19.981	100.545	20.152	4.825	1.008	899.928
311.503	377.013	80.059	19.981	100.546	20.146	5.473	1.008	899.927
312.003	377.467	80.059	19.981	100.544	20.145	5.765	0.936	899.888
312.503	378.000	80.058	19.980	100.540	20.143	5.969	0.986	899.908
313.004	378.508	80.059	19.979	100.542	20.139	6.360	1.040	899.905
313.504	378.994	80.060	19.980	100.541	20.140	6.307	0.994	899.906
314.004	379.495	80.059	19.982	100.538	20.134	6.867	0.987	899.911
314.503	380.024	80.060	19.981	100.542	20.131	7.138	1.031	899.924
315.003	380.530	80.060	19.981	100.547	20.127	7.342	1.035	899.929
315.503	380.994	80.059	19.980	100.549	20.126	7.434	0.970	899.906
316.003	381.484	80.061	19.980	100.551	20.122	7.819	0.953	899.892
316.503	381.980	80.060	19.981	100.553	20.114	8.630	0.986	899.911
317.003	382.509	80.056	19.980	100.549	20.113	8.719	1.025	899.934
317.503	383.000	80.056	19.979	100.544	20.105	9.472	1.020	899.902
318.003	383.525	80.057	19.981	100.545	20.104	9.674	1.016	899.889
318.503	384.006	80.057	19.979	100.543	20.096	10.513	1.006	899.894
319.003	384.498	80.058	19.979	100.540	20.093	10.847	0.974	899.916
319.503	385.018	80.056	19.980	100.535	20.086	11.545	1.012	899.897
320.004	385.487	80.060	19.979	100.534	20.079	12.405	0.988	899.913
320.504	385.993	80.059	19.979	100.529	20.071	13.197	0.975	899.923
321.003	386.513	80.061	19.978	100.530	20.066	13.559	1.027	899.914
321.503	387.005	80.062	19.979	100.534	20.056	14.464	1.012	899.898
322.003	387.479	80.060	19.979	100.543	20.045	15.538	0.966	899.904
322.503	387.983	80.059	19.979	100.548	20.037	16.314	0.979	899.924
323.003	388.495	80.059	19.978	100.551	20.025	17.482	1.015	899.920
323.503	388.989	80.059	19.979	100.550	20.018	18.195	1.006	899.909
324.003	389.491	80.060	19.979	100.548	20.003	19.758	0.996	899.899
324.504	390.004	80.059	19.979	100.551	19.989	21.225	1.015	899.895
325.003	390.511	80.060	19.979	100.553	19.977	22.527	1.021	899.923
325.503	391.013	80.061	19.978	100.550	19.962	24.035	1.009	899.935
326.003	391.473	80.060	19.978	100.546	19.941	26.238	0.962	899.930
326.503	391.977	80.061	19.978	100.545	19.924	28.124	0.965	899.941
327.003	392.480	80.061	19.978	100.539	19.906	29.807	1.007	899.921
327.503	392.975	80.061	19.979	100.535	19.881	32.339	0.997	899.918
328.003	393.483	80.060	19.979	100.543	19.859	34.632	1.003	899.896
328.503	393.997	80.059	19.978	100.554	19.835	37.338	1.022	899.914
329.003	394.501	80.057	19.979	100.559	19.809	40.214	1.018	899.935
329.503	394.992	80.059	19.979	100.560	19.785	42.816	0.995	899.916
330.003	395.468	80.057	19.979	100.562	19.762	45.584	0.967	899.921
330.503	395.973	80.057	19.980	100.561	19.742	48.059	0.981	899.921
331.003	396.463	80.059	19.979	100.561	19.718	50.747	0.994	899.909
331.503	396.985	80.057	19.979	100.562	19.695	53.121	1.012	899.897
332.003	397.490	80.058	19.979	100.559	19.663	56.523	1.027	899.926
332.503	397.963	80.060	19.978	100.559	19.605	62.471	0.978	899.943
333.004	398.456	80.059	19.979	100.556	19.525	70.731	0.966	899.924
333.503	398.981	80.057	19.978	100.551	19.469	76.521	1.018	899.912
334.003	399.456	80.057	19.979	100.547	19.461	77.258	1.000	899.925
334.503	400.007	80.059	19.979	100.556	19.497	73.527	1.026	899.922
335.003	400.492	80.060	19.978	100.562	19.535	69.443	1.036	899.950
335.503	401.015	80.059	19.980	100.556	19.561	66.377	1.008	899.913
336.003	401.487	80.059	19.981	100.545	19.574	64.324	0.995	899.921
336.503	401.953	80.059	19.980	100.530	19.596	61.499	0.938	899.919
337.003	402.504	80.057	19.979	100.509	19.609	59.798	1.016	899.933
337.503	402.960	80.059	19.979	100.482	19.618	58.788	1.008	899.899
338.003	403.452	80.059	19.979	100.466	19.608	59.732	0.949	899.892
338.503	403.973	80.059	19.980	100.458	19.578	62.765	1.011	899.910
339.004	404.484	80.057	19.979	100.459	19.525	68.500	1.032	899.936
339.504	404.980	80.058	19.979	100.455	19.451	76.174	1.009	899.952
340.003	405.482	80.059	19.979	100.453	19.364	84.966	0.999	899.940
340.503	406.005	80.059	19.979	100.452	19.279	93.500	1.025	899.942
341.003	406.470	80.058	19.980	100.447	19.183	103.493	0.988	899.913
341.503	407.008	80.060	19.980	100.443	19.063	116.077	1.003	899.915
342.003	407.444	80.058	19.981	100.453	18.942	128.811	0.973	899.932
342.503	408.002	80.058	19.980	100.472	18.873	136.312	0.994	899.922
343.003	408.483	80.062	19.980	100.499	18.893	134.632	1.039	899.941
343.503	409.015	80.061	19.979	100.545	18.943	129.685	1.012	899.914
344.004	409.462	80.060	19.980	100.578	18.981	125.483	0.979	899.941
344.504	409.986	80.059	19.980	100.589	18.968	126.135	0.971	899.893
345.004	410.471	80.059	19.980	100.588	18.893	132.829	1.009	899.918
345.504	410.999	80.060	19.981	100.587	18.760	145.780	1.013	899.934
346.004	411.488	80.059	19.981	100.570	18.600	162.168	1.016	899.906
346.503	411.995	80.059	19.980	100.562	18.470	175.838	0.996	899.936
347.003	412.496	80.060	19.982	100.565	18.412	182.127	1.009	899.958
347.503	412.973	80.060	19.980	100.575	18.407	183.418	0.978	899.945
348.003	413.491	80.060	19.980	100.578	18.413	183.569	0.995	899.927
348.503	413.956	80.062	19.980	100.564	18.409	183.838	0.982	899.920
349.003	414.457	80.061	19.979	100.537	18.396	184.521	0.966	899.946
349.503	414.976	80.061	19.981	100.507	18.365	186.821	1.019	899.944
350.004	415.450	80.060	19.979	100.472	18.279	195.018	0.992	899.886
350.504	415.985	80.059	19.979	100.450	18.096	213.383	1.009	899.920
351.004	416.466	80.061	19.980	100.460	17.877	235.818	1.016	899.896
351.504	416.956	80.061	19.980	100.493	17.705	254.214	0.971	899.913
352.004	417.481	80.060	19.980	100.541	17.591	266.876	1.016	899.911
352.503	417.956	80.062	19.982	100.604	17.490	278.265	1.000	899.938
353.004	418.468	80.060	19.981	100.634	17.400	287.753	0.986	899.917
353.504	418.953	80.061	19.981	100.609	17.343	292.956	0.996	899.897
354.004	419.469	80.061	19.981	100.565	17.273	299.491	1.001	899.933
354.503	419.970	80.061	19.981	100.521	17.149	311.469	1.018	899.906
355.003	420.452	80.061	19.981	100.460	16.985	326.988	0.983	899.952
355.504	420.950	80.060	19.981	100.429	16.809	344.264	0.980	899.915
356.004	421.465	80.060	19.981	100.474	16.670	358.524	1.013	899.913
356.504	421.936	80.061	19.981	100.527	16.581	367.904	0.986	899.941
357.004	422.457	80.059	19.981	100.571	16.512	375.009	0.992	899.919
357.504	422.938	80.059	19.981	100.613	16.457	380.555	1.001	899.907
358.004	423.443	80.059	19.982	100.615	16.439	382.273	0.986	899.938
358.504	423.918	80.055	19.981	100.559	16.396	385.947	0.980	899.936
359.004	424.432	80.059	19.981	100.486	16.227	402.066	0.990	899.931
359.504	424.916	80.061	19.980	100.398	15.977	427.685	0.998	899.922
360.004	425.409	80.060	19.981	100.317	15.754	450.966	0.977	899.948
360.503	425.924	80.060	19.981	100.316	15.566	470.098	1.008	899.942
361.003	426.408	80.059	19.981	100.379	15.367	490.552	0.999	899.914
361.503	426.905	80.059	19.980	100.427	15.153	512.791	0.981	899.939
362.004	427.397	80.060	19.981	100.476	14.930	535.329	0.988	899.965
362.504	427.860	80.059	19.981	100.544	14.711	556.437	0.955	899.948
363.004	428.391	80.061	19.981	100.529	14.529	573.922	0.995	899.947
363.503	428.863	80.059	19.982	100.458	14.374	589.121	1.003	899.958
364.004	429.396	80.057	19.981	100.453	14.198	606.588	1.004	899.952
364.504	429.880	80.059	19.981	100.455	14.028	623.595	1.017	899.946
365.004	430.370	80.061	19.981	100.432	13.898	636.750	0.974	899.919
365.504	430.853	80.059	19.980	100.471	13.854	641.336	0.973	899.939
366.004	431.321	80.056	19.981	100.537	13.821	644.792	0.950	899.947
366.504	431.799	80.057	19.981	100.556	13.726	654.025	0.947	899.947
367.004	432.296	80.059	19.980	100.509	13.507	675.282	0.976	899.929
367.504	432.812	80.058	19.981	100.433	13.137	712.056	1.012	899.966
368.004	433.288	80.057	19.980	100.375	12.638	761.558	0.992	899.960
368.504	433.787	80.057	19.979	100.297	12.196	804.816	0.975	899.939
369.004	434.257	80.056	19.981	100.223	11.903	835.507	0.969	899.948
369.504	434.762	80.056	19.981	100.253	11.794	848.094	0.975	899.952
370.004	435.284	80.060	19.980	100.332	11.788	849.496	1.027	899.972
370.504	435.737	80.059	19.980	100.334	11.734	854.000	0.976	899.943
371.003	436.247	80.059	19.980	100.346	11.621	862.532	0.963	899.946
371.504	436.737	80.058	19.981	100.338	11.521	870.868	0.999	899.950
372.004	437.228	80.057	19.980	100.283	11.438	877.303	0.980	899.956
372.504	437.730	80.059	19.981	100.239	11.278	892.890	0.994	899.975
373.004	438.199	80.059	19.981	100.243	11.035	916.234	0.972	899.982
373.503	438.703	80.059	19.980	100.216	10.712	949.723	0.973	899.969
374.004	439.201	80.062	19.981	100.252	10.316	991.136	1.002	899.989
374.504	439.690	80.060	19.981	100.290	10.022	1021.098	0.987	899.960
375.004	440.185	80.062	19.981	100.209	9.898	1032.298	0.984	899.962
375.504	440.676	80.063	19.982	100.105	9.881	1032.199	0.985	899.967
376.004	441.166	80.062	19.981	100.101	9.803	1040.149	0.982	899.972
376.504	441.657	80.061	19.980	99.812	9.595	1059.821	0.982	899.989
377.004	442.161	80.059	19.981	99.592	9.266	1090.225	0.996	899.948
377.503	442.647	80.059	19.981	99.602	8.949	1120.125	0.990	899.947
378.003	443.130	80.062	19.980	99.687	8.770	1139.066	0.969	899.973
378.503	443.627	80.060	19.981	99.875	8.716	1145.562	0.980	899.980
379.004	444.092	80.061	19.981	100.267	8.737	1142.484	0.962	900.013
379.504	444.569	80.063	19.981	100.384	8.812	1133.659	0.941	899.960
380.004	445.101	80.061	19.982	100.230	8.842	1131.811	1.009	899.999
380.503	445.552	80.062	19.981	100.180	8.645	1151.594	0.983	899.982
381.003	446.050	80.063	19.981	99.705	8.195	1193.697	0.949	899.969
381.503	446.573	80.062	19.980	99.304	7.746	1235.449	1.021	900.010
382.004	447.036	80.061	19.980	99.264	7.572	1253.185	0.986	900.003
382.504	447.546	80.062	19.981	99.472	7.650	1247.597	0.973	899.966
383.004	448.040	80.062	19.981	99.532	7.834	1229.811	1.003	900.011
383.504	448.520	80.064	19.981	99.707	8.029	1210.554	0.973	900.004
384.005	449.047	80.063	19.981	99.681	8.233	1190.290	1.006	900.015
384.505	449.517	80.061	19.982	99.649	8.375	1176.616	0.998	899.991
385.004	450.035	80.061	19.981	99.544	8.396	1173.794	0.988	899.991
385.505	450.516	80.060	19.981	99.216	8.388	1172.977	0.999	899.990
386.005	451.017	80.063	19.980	99.141	8.459	1165.519	0.982	899.994
386.504	451.505	80.063	19.980	99.477	8.635	1148.572	0.990	899.973
387.004	452.006	80.062	19.981	99.606	8.804	1132.376	0.989	899.996
387.504	452.506	80.063	19.980	99.420	8.899	1123.229	1.001	900.028
388.004	453.008	80.063	19.980	99.422	8.963	1117.055	1.003	899.997
388.504	453.511	80.064	19.980	99.321	9.120	1102.151	1.005	900.005
389.004	453.996	80.063	19.979	99.132	9.412	1073.912	0.987	900.010
389.504	454.478	80.061	19.980	98.943	9.790	1037.386	0.967	900.002
390.004	454.961	80.064	19.979	98.928	10.157	1001.581	0.965	900.008
390.504	455.513	80.061	19.979	99.045	10.430	974.487	1.034	899.968
391.004	456.009	80.060	19.980	99.214	10.578	959.432	1.048	900.002
391.504	456.496	80.060	19.980	99.251	10.661	950.825	0.983	900.002
392.004	457.005	80.062	19.980	99.380	10.796	937.487	0.995	900.034
392.505	457.511	80.063	19.980	99.609	11.050	912.621	1.015	900.013
393.005	458.012	80.063	19.979	99.743	11.417	876.556	1.007	900.019
393.504	458.532	80.062	19.980	99.787	11.837	834.786	1.022	900.005
394.004	459.038	80.063	19.981	99.818	12.256	792.453	1.026	900.036
394.504	459.535	80.062	19.980	99.836	12.663	750.621	1.003	900.013
395.004	460.051	80.059	19.980	99.857	13.064	709.227	1.013	900.012
395.504	460.573	80.062	19.979	99.846	13.461	667.883	1.038	899.989
396.004	461.100	80.062	19.979	99.878	13.855	626.728	1.050	900.024
396.503	461.614	80.061	19.980	99.941	14.242	586.451	1.042	900.002
397.003	462.122	80.066	19.981	100.014	14.626	546.437	1.022	900.033
397.503	462.643	80.064	19.981	100.117	15.003	506.664	1.029	900.010
398.004	463.147	80.063	19.980	100.235	15.366	467.946	1.025	900.015
398.504	463.668	80.061	19.980	100.323	15.719	430.263	1.024	900.027
399.004	464.162	80.061	19.981	100.361	16.059	394.050	1.015	900.015
399.504	464.645	80.063	19.981	100.385	16.384	359.070	0.977	900.058
400.004	465.184	80.062	19.980	100.402	16.700	324.400	1.022	900.049
400.504	465.742	80.060	19.981	100.453	17.000	291.898	1.097	900.033
401.004	466.227	80.064	19.980	100.576	17.285	261.014	1.044	900.040
401.504	466.752	80.062	19.979	100.762	17.549	232.243	1.011	900.058
402.004	467.274	80.060	19.980	100.960	17.803	204.627	1.046	900.044
402.504	467.800	80.064	19.980	101.141	18.033	180.031	1.048	900.019
403.004	468.296	80.064	19.980	101.304	18.246	158.126	1.023	900.054
403.504	468.832	80.063	19.979	101.446	18.444	137.857	1.033	900.067
404.003	469.344	80.062	19.979	101.559	18.626	119.140	1.048	900.066
404.504	469.850	80.062	19.980	101.688	18.790	102.230	1.017	900.098
405.004	470.346	80.063	19.980	101.858	18.940	86.827	1.001	900.063
405.504	470.848	80.063	19.979	102.019	19.072	73.163	0.998	900.059
406.004	471.373	80.063	19.980	102.141	19.195	60.626	1.027	900.082
406.504	471.872	80.061	19.980	102.259	19.306	49.341	1.024	900.057
407.004	472.364	80.059	19.980	102.384	19.401	40.167	0.991	900.062
407.504	472.881	80.061	19.981	102.519	19.488	32.202	1.008	900.083
408.004	473.403	80.062	19.980	102.640	19.571	24.887	1.039	900.060
408.504	473.899	80.060	19.980	102.753	19.635	19.690	1.019	900.099
409.003	474.383	80.060	19.980	102.855	19.698	14.716	0.981	900.081
409.503	474.891	80.059	19.979	102.918	19.749	11.012	0.991	900.068
410.004	475.397	80.059	19.980	102.914	19.798	7.306	1.013	900.066
410.504	475.897	80.061	19.979	102.898	19.842	3.938	1.006	900.088
411.004	476.397	80.058	19.978	102.885	19.873	1.824	1.000	900.101
411.504	476.902	80.060	19.980	102.870	19.913	-1.015	1.004	900.109
412.004	477.413	80.059	19.979	102.859	19.938	-2.387	1.016	900.073
412.505	477.885	80.059	19.979	102.860	19.966	-3.942	0.984	900.095
413.004	478.379	80.060	19.980	102.857	19.987	-4.758	0.966	900.090
413.504	478.876	80.060	19.980	102.847	20.011	-5.535	0.991	900.089
414.004	479.408	80.058	19.980	102.822	20.029	-5.623	1.029	900.104
414.504	479.914	80.057	19.979	102.768	20.047	-5.398	1.038	900.085
415.003	480.358	80.056	19.979	102.694	20.061	-4.689	0.950	900.086
415.503	480.875	80.060	19.980	102.618	20.079	-4.352	0.961	900.110
416.004	481.414	80.060	19.980	102.534	20.085	-3.135	1.055	900.077
416.505	481.888	80.059	19.980	102.442	20.097	-2.781	1.012	900.072
417.005	482.378	80.061	19.980	102.363	20.107	-2.714	0.964	900.069
417.504	482.891	80.060	19.980	102.294	20.115	-2.889	1.004	900.087
418.004	483.371	80.061	19.980	102.232	20.124	-3.420	0.993	900.058
418.504	483.862	80.061	19.980	102.178	20.133	-3.851	0.971	900.067
419.004	484.399	80.060	19.980	102.117	20.136	-3.255	1.028	900.062
419.504	484.861	80.059	19.980	102.047	20.144	-2.896	0.999	900.087
420.004	485.368	80.058	19.979	101.970	20.151	-2.181	0.969	900.095
420.504	485.894	80.055	19.979	101.888	20.155	-1.345	1.033	900.082
421.004	486.368	80.057	19.980	101.797	20.160	-0.709	1.000	900.073
421.504	486.870	80.056	19.980	101.705	20.163	-0.306	0.977	900.102
422.004	487.366	80.054	19.979	101.596	20.164	-0.044	0.999	900.076
422.504	487.878	80.055	19.980	101.475	20.167	-0.278	1.008	900.080
423.004	488.386	80.053	19.979	101.353	20.171	-0.475	1.020	900.096
423.504	488.908	80.055	19.979	101.252	20.173	-0.563	1.029	900.100
424.004	489.386	80.059	19.980	101.181	20.175	-0.581	1.000	900.116
424.504	489.896	80.059	19.980	101.149	20.183	-1.070	0.989	900.128
425.004	490.406	80.058	19.979	101.138	20.184	-0.694	1.020	900.105
425.504	490.918	80.058	19.979	101.125	20.188	-0.474	1.022	900.122
426.004	491.402	80.059	19.978	101.090	20.189	-0.191	0.995	900.111
426.504	491.883	80.061	19.979	101.028	20.193	-0.315	0.965	900.107
427.004	492.379	80.058	19.979	100.952	20.197	-0.523	0.977	900.135
427.504	492.890	80.058	19.978	100.874	20.202	-0.835	1.006	900.117
428.004	493.406	80.060	19.979	100.804	20.207	-1.259	1.028	900.115
428.504	493.915	80.056	19.979	100.758	20.208	-1.492	1.025	900.127
429.004	494.401	80.056	19.979	100.735	20.214	-2.077	0.996	900.089
429.504	494.893	80.057	19.980	100.727	20.215	-2.099	0.978	900.120
430.004	495.371	80.058	19.980	100.727	20.217	-2.172	0.969	900.126
430.504	495.907	80.057	19.980	100.723	20.219	-2.389	1.014	900.100
431.004	496.385	80.056	19.980	100.712	20.222	-2.647	1.014	900.158
431.504	496.881	80.057	19.979	100.697	20.226	-3.010	0.973	900.132
432.004	497.364	80.057	19.980	100.675	20.227	-3.084	0.978	900.108
432.504	497.871	80.056	19.980	100.645	20.229	-3.263	0.990	900.124
433.005	498.382	80.058	19.980	100.615	20.228	-3.153	1.018	900.122
433.505	498.865	80.055	19.981	100.594	20.231	-3.364	0.995	900.167
434.004	499.363	80.054	19.980	100.581	20.231	-3.432	0.981	900.134
434.505	499.882	80.055	19.979	100.573	20.232	-3.605	1.016	900.115
435.004	500.362	80.057	19.980	100.570	20.232	-3.515	1.000	900.145
435.504	500.890	80.058	19.980	100.574	20.231	-3.416	1.008	900.130
436.004	501.362	80.057	19.979	100.576	20.235	-3.731	1.000	900.139
436.504	501.873	80.057	19.979	100.573	20.234	-3.641	0.983	900.133
437.004	502.370	80.059	19.979	100.566	20.232	-3.399	1.007	900.113
437.505	502.857	80.060	19.979	100.563	20.237	-3.753	0.984	900.133
438.005	503.369	80.057	19.979	100.564	20.234	-3.452	1.000	900.134
438.504	503.852	80.059	19.979	100.557	20.233	-3.247	0.994	900.131
439.004	504.347	80.059	19.980	100.552	20.235	-3.407	0.978	900.095
439.505	504.856	80.059	19.980	100.556	20.237	-3.566	1.004	900.124
440.004	505.350	80.061	19.979	100.557	20.236	-3.434	1.004	900.164
440.504	505.839	80.061	19.980	100.553	20.234	-3.347	0.983	900.150
441.004	506.381	80.061	19.979	100.552	20.235	-3.405	1.030	900.150
441.504	506.860	80.059	19.979	100.556	20.238	-3.695	1.022	900.176
442.004	507.331	80.059	19.979	100.555	20.239	-3.807	0.951	900.146
442.504	507.802	80.059	19.978	100.551	20.237	-3.564	0.941	900.144
443.005	508.311	80.059	19.979	100.552	20.237	-3.461	0.980	900.155
443.504	508.834	80.060	19.979	100.550	20.234	-2.998	1.032	900.169
444.005	509.345	80.059	19.978	100.545	20.237	-3.161	1.033	900.177
444.505	509.843	80.058	19.979	100.542	20.236	-2.938	1.009	900.127
445.005	510.370	80.059	19.978	100.538	20.237	-2.948	1.027	900.159
445.504	510.797	80.061	19.978	100.537	20.232	-2.419	0.955	900.134
446.004	511.338	80.060	19.979	100.535	20.238	-2.978	0.967	900.180
446.504	511.836	80.059	19.979	100.530	20.238	-3.022	1.038	900.110
447.004	512.353	80.058	19.979	100.527	20.238	-3.059	1.015	900.157
447.504	512.854	80.059	19.978	100.530	20.240	-3.305	1.018	900.134
448.004	513.336	80.060	19.978	100.529	20.239	-3.215	0.983	900.141
448.504	513.870	80.057	19.979	100.529	20.242	-3.550	1.016	900.168
449.004	514.363	80.057	19.979	100.533	20.244	-3.651	1.027	900.178
449.504	514.868	80.058	19.978	100.531	20.243	-3.553	0.998	900.170
450.004	515.368	80.055	19.979	100.526	20.242	-3.484	1.005	900.186
450.504	515.869	80.058	19.979	100.519	20.244	-3.585	1.001	900.154
451.004	516.338	80.059	19.979	100.512	20.245	-3.646	0.970	900.108
451.504	516.853	80.056	19.980	100.505	20.244	-3.459	0.984	900.131
452.004	517.349	80.058	19.980	100.498	20.245	-3.558	1.010	900.197
452.505	517.862	80.055	19.978	100.494	20.244	-3.458	1.007	900.162
453.007	518.364	80.055	19.978	100.492	20.241	-3.064	1.013	900.187
453.506	518.866	80.056	19.977	100.494	20.240	-3.017	1.005	900.163
454.004	519.362	80.057	19.978	100.496	20.240	-3.058	1.000	900.160
454.505	519.878	80.058	19.978	100.499	20.239	-3.090	1.011	900.194
455.005	520.333	80.058	19.977	100.500	20.242	-3.457	0.972	900.183
455.504	520.848	80.057	19.978	100.501	20.244	-3.807	0.971	900.193
456.004	521.346	80.059	19.978	100.500	20.243	-3.778	1.013	900.178
456.505	521.860	80.059	19.978	100.498	20.244	-3.799	1.012	900.161
457.004	522.373	80.058	19.980	100.495	20.240	-3.297	1.027	900.209
457.504	522.855	80.058	19.979	100.494	20.242	-3.410	0.996	900.185
458.004	523.358	80.057	19.979	100.491	20.240	-3.153	0.984	900.210
458.505	523.868	80.058	19.978	100.488	20.242	-3.216	1.012	900.191
459.005	524.357	80.058	19.977	100.485	20.244	-3.417	0.998	900.202
459.505	524.846	80.057	19.978	100.484	20.242	-3.276	0.979	900.154
460.005	525.342	80.058	19.978	100.481	20.244	-3.505	0.985	900.189
460.505	525.852	80.058	19.977	100.481	20.245	-3.730	1.005	900.182
461.005	526.363	80.056	19.979	100.487	20.244	-3.670	1.020	900.204
461.505	526.864	80.058	19.979	100.491	20.245	-4.016	1.012	900.217
462.005	527.365	80.059	19.978	100.497	20.245	-4.019	1.003	900.224
462.505	527.836	80.058	19.979	100.499	20.243	-3.915	0.972	900.184
463.005	528.306	80.058	19.979	100.507	20.250	-4.634	0.941	900.200
463.505	528.863	80.057	19.979	100.506	20.243	-3.850	1.028	900.182
464.004	529.339	80.058	19.979	100.503	20.249	-4.326	1.033	900.222
464.505	529.841	80.057	19.979	100.496	20.249	-4.096	0.977	900.205
465.005	530.334	80.054	19.979	100.493	20.248	-3.949	0.994	900.218
465.505	530.851	80.058	19.979	100.484	20.244	-3.570	1.011	900.209
466.005	531.373	80.057	19.979	100.481	20.247	-3.820	1.040	900.214
466.504	531.860	80.058	19.979	100.485	20.243	-3.420	1.009	900.193
467.004	532.362	80.060	19.979	100.486	20.246	-3.728	0.988	900.232
467.505	532.860	80.062	19.979	100.490	20.244	-3.446	0.999	900.197
468.005	533.333	80.060	19.979	100.496	20.244	-3.429	0.971	900.191
468.505	533.869	80.060	19.979	100.502	20.248	-3.844	1.008	900.207
469.005	534.376	80.060	19.979	100.509	20.249	-3.895	1.043	900.235
469.505	534.855	80.060	19.980	100.516	20.248	-3.807	0.986	900.228
470.005	535.364	80.058	19.980	100.517	20.247	-3.705	0.989	900.200
470.505	535.875	80.057	19.982	100.513	20.255	-4.447	1.020	900.221
471.005	536.374	80.058	19.981	100.507	20.248	-3.815	1.009	900.220
471.505	536.877	80.057	19.979	100.496	20.253	-4.230	1.002	900.252
472.005	537.375	80.057	19.980	100.490	20.252	-4.096	1.002	900.231
472.504	537.849	80.059	19.981	100.488	20.252	-4.070	0.972	900.246
473.004	538.364	80.058	19.980	100.490	20.250	-4.006	0.989	900.236
473.505	538.843	80.058	19.981	100.492	20.252	-4.188	0.994	900.235
474.005	539.334	80.057	19.981	100.488	20.249	-3.828	0.970	900.246
474.504	539.844	80.055	19.981	100.487	20.251	-4.112	1.002	900.236
475.004	540.353	80.058	19.980	100.485	20.252	-4.293	1.019	900.241
475.504	540.826	80.054	19.981	100.481	20.252	-4.291	0.982	900.237
476.004	541.332	80.055	19.982	100.480	20.251	-4.136	0.980	900.207
476.504	541.843	80.057	19.981	100.484	20.252	-4.298	1.016	900.206
477.005	542.326	80.055	19.980	100.485	20.254	-4.474	0.992	900.205
477.505	542.829	80.055	19.981	100.480	20.253	-4.261	0.987	900.233
478.005	543.335	80.058	19.981	100.480	20.252	-4.079	1.009	900.209
478.505	543.837	80.057	19.981	100.481	20.253	-4.158	1.007	900.247
479.005	544.301	80.055	19.982	100.480	20.252	-4.029	0.966	900.224
479.505	544.810	80.055	19.981	100.476	20.255	-4.264	0.973	900.208
480.005	545.309	80.057	19.982	100.480	20.252	-4.050	1.008	900.193
480.505	545.837	80.059	19.981	100.483	20.254	-4.320	1.028	900.239
481.004	546.314	80.056	19.981	100.478	20.256	-4.502	1.004	900.231
481.505	546.832	80.055	19.981	100.479	20.254	-4.417	0.994	900.231
482.005	547.331	80.055	19.981	100.484	20.257	-4.596	1.018	900.247
482.504	547.870	80.054	19.980	100.484	20.255	-4.348	1.039	900.265
483.004	548.313	80.056	19.981	100.483	20.258	-4.673	0.982	900.229
483.504	548.856	80.054	19.982	100.488	20.256	-4.487	0.986	900.242
484.004	549.376	80.053	19.982	100.489	20.256	-4.443	1.062	900.270
484.505	549.845	80.054	19.983	100.485	20.256	-4.545	0.988	900.288
485.005	550.367	80.054	19.983	100.480	20.253	-4.139	0.992	900.281
485.505	550.870	80.055	19.981	100.476	20.256	-4.488	1.025	900.240
486.005	551.389	80.056	19.981	100.471	20.257	-4.545	1.022	900.275
486.505	551.858	80.055	19.981	100.469	20.259	-4.777	0.987	900.236
487.005	552.338	80.056	19.982	100.472	20.258	-4.620	0.947	900.301
487.506	552.868	80.055	19.982	100.477	20.256	-4.423	1.010	900.287
488.005	553.328	80.057	19.982	100.479	20.256	-4.444	0.991	900.253
488.505	553.844	80.057	19.983	100.480	20.257	-4.565	0.977	900.276
489.005	554.340	80.059	19.983	100.479	20.253	-4.104	1.013	900.300
489.504	554.869	80.059	19.981	100.477	20.253	-4.070	1.026	900.301
490.004	555.336	80.057	19.982	100.471	20.253	-4.051	0.996	900.270
490.505	555.820	80.056	19.982	100.473	20.256	-4.425	0.951	900.278
491.005	556.340	80.059	19.981	100.475	20.256	-4.361	1.004	900.254
491.504	556.850	80.057	19.981	100.475	20.256	-4.266	1.030	900.292
492.005	557.327	80.057	19.980	100.477	20.258	-4.510	0.986	900.270
492.505	557.821	80.058	19.981	100.478	20.256	-4.237	0.970	900.287
493.005	558.311	80.057	19.981	100.474	20.255	-4.041	0.984	900.292
493.505	558.791	80.058	19.981	100.474	20.255	-4.081	0.970	900.278
494.005	559.282	80.059	19.981	100.474	20.261	-4.678	0.971	900.260
494.505	559.800	80.057	19.982	100.473	20.255	-4.265	1.009	900.259
495.005	560.316	80.058	19.981	100.472	20.258	-4.518	1.035	900.266
495.505	560.809	80.056	19.982	100.471	20.257	-4.498	1.009	900.285
496.005	561.293	80.054	19.982	100.473	20.260	-4.691	0.976	900.315
496.505	561.808	80.057	19.982	100.469	20.254	-3.994	1.000	900.304
497.005	562.345	80.055	19.982	100.466	20.261	-4.615	1.052	900.297
497.505	562.784	80.056	19.981	100.474	20.261	-4.525	0.976	900.306
498.005	563.317	80.054	19.982	100.476	20.261	-4.590	0.973	900.302
498.504	563.840	80.055	19.982	100.468	20.263	-4.699	1.056	900.297
499.005	564.304	80.056	19.981	100.465	20.259	-4.328	0.986	900.312
499.505	564.827	80.057	19.982	100.466	20.261	-4.625	0.988	900.312
500.004	565.317	80.056	19.982	100.458	20.260	-4.626	1.014	900.312
500.504	565.851	80.055	19.981	100.454	20.261	-4.661	1.023	900.312
501.005	566.351	80.055	19.983	100.458	20.258	-4.360	1.033	900.275
501.505	566.824	80.055	19.983	100.464	20.259	-4.582	0.973	900.329
502.005	567.319	80.055	19.982	100.468	20.259	-4.531	0.969	900.336
502.505	567.792	80.052	19.980	100.470	20.259	-4.599	0.969	900.323
503.005	568.334	80.051	19.979	100.472	20.254	-4.023	1.015	900.310
503.505	568.808	80.053	19.981	100.465	20.261	-4.690	1.016	900.307
504.005	569.345	80.052	19.981	100.455	20.259	-4.358	1.011	900.337
504.505	569.822	80.055	19.980	100.450	20.259	-4.427	1.013	900.320
505.005	570.314	80.054	19.980	100.451	20.255	-4.067	0.968	900.352
505.505	570.802	80.053	19.980	100.451	20.255	-4.031	0.980	900.345
506.005	571.299	80.051	19.979	100.452	20.256	-4.144	0.985	900.352
506.505	571.818	80.052	19.980	100.457	20.258	-4.347	1.017	900.354
507.005	572.318	80.053	19.980	100.454	20.258	-4.383	1.020	900.383
507.505	572.838	80.054	19.980	100.457	20.258	-4.324	1.019	900.367
508.005	573.327	80.052	19.981	100.459	20.259	-4.344	1.009	900.352
508.505	573.790	80.054	19.980	100.463	20.258	-4.281	0.953	900.356
509.005	574.306	80.055	19.980	100.466	20.257	-4.135	0.978	900.363
509.505	574.825	80.056	19.981	100.468	20.257	-4.227	1.034	900.349
510.005	575.310	80.059	19.980	100.463	20.258	-4.393	1.005	900.385
510.505	575.807	80.057	19.981	100.460	20.259	-4.515	0.983	900.346
511.005	576.308	80.056	19.980	100.459	20.257	-4.261	0.997	900.371
511.505	576.824	80.054	19.979	100.454	20.256	-4.066	1.015	900.350
512.006	577.360	80.055	19.981	100.456	20.255	-4.009	1.051	900.374
512.506	577.858	80.056	19.982	100.458	20.258	-4.279	1.035	900.384
513.005	578.333	80.056	19.981	100.457	20.260	-4.439	0.973	900.384
513.505	578.822	80.055	19.981	100.458	20.258	-4.153	0.965	900.401
514.004	579.325	80.055	19.979	100.460	20.258	-4.198	0.992	900.371
514.505	579.820	80.056	19.980	100.456	20.255	-3.865	0.998	900.386
515.005	580.323	80.055	19.981	100.452	20.259	-4.226	0.998	900.388
515.505	580.856	80.057	19.980	100.452	20.255	-3.714	1.036	900.405
516.005	581.321	80.056	19.980	100.453	20.258	-4.117	0.998	900.425
516.505	581.823	80.057	19.980	100.454	20.259	-4.261	0.967	900.405
517.005	582.314	80.057	19.980	100.456	20.259	-4.158	0.993	900.386
517.505	582.812	80.056	19.981	100.460	20.260	-4.284	0.989	900.405
518.006	583.357	80.057	19.982	100.463	20.261	-4.415	1.043	900.422
518.505	583.842	80.056	19.981	100.456	20.261	-4.543	1.031	900.412
519.005	584.339	80.055	19.981	100.455	20.261	-4.502	0.982	900.416
519.505	584.848	80.056	19.981	100.455	20.258	-4.277	1.005	900.410
520.005	585.314	80.053	19.980	100.454	20.260	-4.586	0.975	900.396
520.505	585.837	80.056	19.980	100.449	20.259	-4.684	0.990	900.424
521.005	586.303	80.058	19.979	100.451	20.259	-4.830	0.989	900.425
521.505	586.834	80.057	19.979	100.449	20.260	-4.953	0.997	900.410
522.005	587.324	80.054	19.981	100.446	20.262	-5.310	1.020	900.416
522.505	587.808	80.052	19.980	100.443	20.262	-5.310	0.973	900.409
523.005	588.320	80.053	19.981	100.441	20.261	-5.197	0.996	900.400
523.505	588.823	80.057	19.982	100.442	20.264	-5.479	1.014	900.415
524.005	589.306	80.055	19.981	100.446	20.261	-5.074	0.986	900.416
524.505	589.819	80.056	19.981	100.443	20.264	-5.288	0.996	900.447
525.005	590.315	80.056	19.980	100.444	20.262	-4.991	1.010	900.435
525.505	590.812	80.054	19.981	100.448	20.262	-5.167	0.993	900.441
526.005	591.337	80.055	19.981	100.450	20.261	-5.109	1.022	900.455
526.505	591.838	80.058	19.980	100.451	20.260	-4.918	1.026	900.447
527.005	592.312	80.058	19.981	100.457	20.261	-5.025	0.974	900.458
527.505	592.810	80.055	19.981	100.464	20.261	-5.063	0.971	900.413
528.005	593.327	80.055	19.980	100.472	20.258	-4.692	1.016	900.430
528.505	593.810	80.057	19.981	100.479	20.258	-4.587	1.001	900.475
529.005	594.319	80.059	19.982	100.484	0.000	0.000	0.992	900.459
529.505	594.827	80.058	19.981	100.489	0.000	0.000	1.017	900.435
530.005	595.306	80.059	19.982	100.488	0.000	0.000	0.987	900.463
530.505	595.810	80.060	19.981	100.485	0.000	0.000	0.983	900.457
531.005	596.317	80.058	19.982	100.484	0.000	0.000	1.012	900.471
531.505	596.820	80.060	19.983	100.477	0.000	0.000	1.011	900.475
532.005	597.335	80.060	19.982	100.470	0.000	0.000	1.018	900.489
532.505	597.797	80.059	19.982	100.470	0.000	0.000	0.977	900.475
533.005	598.310	80.059	19.982	100.477	0.000	0.000	0.975	900.484
533.505	598.806	80.057	19.981	100.480	0.000	0.000	1.009	900.494
534.005	599.318	80.058	19.982	100.482	0.000	0.000	1.007	900.478
534.506	599.847	80.059	19.981	100.484	0.000	0.000	1.041	900.515
535.005	600.315	80.057	19.981	100.479	0.000	0.000	0.998	900.513
535.505	600.821	80.059	19.981	100.470	0.000	0.000	0.974	900.500
536.005	601.321	80.058	19.980	100.461	0.000	0.000	1.006	900.477
536.505	601.809	80.057	19.980	100.465	0.000	0.000	0.988	900.510
537.005	602.319	80.060	19.981	100.465	0.000	0.000	0.997	900.505
537.505	602.833	80.060	19.981	100.463	0.000	0.000	1.024	900.497
538.005	603.328	80.060	19.982	100.466	0.000	0.000	1.009	900.509
538.505	603.826	80.060	19.982	100.467	0.000	0.000	0.993	900.485
