File Name:	PS_13.txt	Version: 8.3.7.3						
Date:	06 Aug 2024
Operator:	KH
Test ID:	PS_13
Sample ID:	PS_13
Sample Mass (mg):	4.3600
Sample Cup Mass (mg):	182.3000
End Total Mass (mg):
Heating Rate (C/s):	1.0000
Combuster Temperature (C):	900.0
N2 Flow Rate (cc/min):	80.0
O2 Flow Rate (cc/min):	20.0
Calibration File:	Coeff.txt
T Correction Coefficients:	0.308738730	0.013615500	0.000000000
Time Shift (s):	10.0
Pre-Test Comments:
Post-Test Comments:
Baseline Flow:	99.881
Baseline O2:	20.294
Instrument ID:	2700
@
Time (s)	Temperature (C)	N2 Flow (cc/min)	O2 Flow (cc/min)	Total Flow (cc/min)	Oxygen (%)	HRR (W/g)	Heating Rate (C/s)	Combustor Temp (C)
0.000	75.197	80.052	19.999	99.881	20.298	-10.987	-0.010	899.432
0.500	75.219	80.051	20.000	99.874	20.279	-9.911	0.041	899.434
1.001	75.204	80.049	20.000	99.871	20.261	-8.872	0.007	899.417
1.500	75.225	80.051	19.999	99.884	20.235	-7.258	0.006	899.416
2.000	75.237	80.053	20.000	99.925	20.212	-5.774	0.034	899.420
2.500	75.259	80.053	20.000	100.001	20.196	-4.703	0.034	899.414
3.000	75.270	80.053	20.000	100.111	20.181	-3.651	0.033	899.473
3.500	75.313	80.056	19.999	100.237	20.169	-2.871	0.054	899.424
4.000	75.339	80.054	19.999	100.364	20.164	-2.455	0.069	899.438
4.501	75.396	80.055	19.998	100.465	20.155	-1.803	0.083	899.432
5.000	75.451	80.060	19.998	100.536	20.154	-2.074	0.112	899.442
5.500	75.525	80.059	19.997	100.581	20.152	-2.812	0.129	899.419
6.001	75.618	80.056	19.998	100.609	20.151	-3.955	0.167	899.415
6.500	75.715	80.054	20.000	100.632	20.149	-5.250	0.190	899.431
7.000	75.802	80.054	19.999	100.659	20.147	-6.747	0.184	899.430
7.500	75.890	80.056	20.000	100.685	20.146	-8.487	0.176	899.408
8.000	76.028	80.055	20.001	100.704	20.147	-9.948	0.226	899.435
8.500	76.105	80.054	20.000	100.723	20.146	-10.691	0.214	899.452
9.000	76.218	80.054	19.999	100.740	20.145	-11.057	0.190	899.446
9.500	76.349	80.053	19.999	100.745	20.144	-11.104	0.244	899.436
10.000	76.471	80.055	19.999	100.748	20.141	-10.825	0.253	899.443
10.500	76.620	80.056	19.999	100.752	20.127	-9.480	0.271	899.414
11.000	76.753	80.057	19.998	100.752	20.111	-7.942	0.282	899.400
11.500	76.911	80.057	19.999	100.746	20.078	-5.120	0.291	899.444
12.000	77.073	80.055	19.999	100.747	20.051	-2.745	0.320	899.415
12.500	77.270	80.057	19.999	100.779	20.022	-0.191	0.360	899.428
13.000	77.441	80.058	19.999	100.861	20.004	1.481	0.368	899.438
13.500	77.666	80.055	20.000	100.967	19.990	3.021	0.395	899.433
14.000	77.882	80.056	19.999	101.098	19.983	3.969	0.441	899.448
14.501	78.146	80.057	19.999	101.246	19.983	4.418	0.480	899.406
15.000	78.401	80.055	19.999	101.372	19.983	4.833	0.519	899.375
15.500	78.682	80.058	19.999	101.448	19.983	5.284	0.536	899.420
16.000	78.982	80.057	20.000	101.497	19.992	5.051	0.581	899.438
16.500	79.341	80.057	19.999	101.515	20.000	4.814	0.659	899.394
17.001	79.649	80.056	20.000	101.509	20.004	4.794	0.667	899.417
17.501	79.981	80.057	20.000	101.487	20.013	4.481	0.640	899.456
18.000	80.360	80.057	19.999	101.461	20.020	4.296	0.710	899.437
18.500	80.701	80.058	20.000	101.429	20.024	4.309	0.720	899.441
19.001	81.104	80.057	20.001	101.394	20.033	3.953	0.744	899.417
19.501	81.492	80.059	20.001	101.360	20.040	3.798	0.791	899.430
20.001	81.891	80.059	20.001	101.325	20.044	3.789	0.787	899.428
20.500	82.290	80.058	19.999	101.290	20.053	3.361	0.798	899.436
21.000	82.711	80.061	20.000	101.256	20.058	3.125	0.820	899.440
21.500	83.120	80.060	20.001	101.222	20.064	2.787	0.829	899.444
22.000	83.535	80.059	20.000	101.187	20.067	2.736	0.824	899.436
22.500	83.983	80.056	19.999	101.156	20.075	2.289	0.863	899.438
23.001	84.431	80.053	19.999	101.120	20.079	2.128	0.896	899.427
23.501	84.864	80.054	19.999	101.093	20.084	1.858	0.881	899.429
24.000	85.346	80.055	19.999	101.073	20.090	1.601	0.916	899.457
24.500	85.786	80.053	20.000	101.052	20.093	1.559	0.922	899.433
25.000	86.258	80.055	19.999	101.026	20.096	1.504	0.911	899.413
25.500	86.718	80.054	19.999	101.005	20.100	1.364	0.932	899.437
26.001	87.206	80.056	19.999	100.982	20.100	1.490	0.948	899.423
26.500	87.683	80.056	19.998	100.956	20.108	1.030	0.965	899.422
27.001	88.127	80.056	20.000	100.934	20.112	0.806	0.922	899.440
27.501	88.645	80.056	19.999	100.916	20.115	0.705	0.963	899.393
28.000	89.124	80.055	19.999	100.899	20.115	0.795	0.997	899.399
28.500	89.621	80.056	20.000	100.891	20.117	0.697	0.976	899.409
29.000	90.117	80.058	19.999	100.885	20.123	0.373	0.993	899.406
29.500	90.605	80.056	20.000	100.879	20.123	0.440	0.984	899.410
30.000	91.087	80.054	20.000	100.870	20.127	0.275	0.970	899.414
30.500	91.620	80.056	19.999	100.863	20.129	0.242	1.015	899.408
31.000	92.128	80.055	19.999	100.846	20.134	0.017	1.041	899.422
31.500	92.620	80.056	19.999	100.829	20.136	-0.149	1.000	899.453
32.001	93.146	80.057	20.000	100.822	20.137	-0.129	1.018	899.429
32.501	93.633	80.054	20.000	100.814	20.138	-0.183	1.013	899.410
33.000	94.164	80.056	20.000	100.802	20.142	-0.378	1.018	899.401
33.500	94.646	80.054	19.999	100.796	20.141	-0.216	1.013	899.416
34.000	95.188	80.054	20.001	100.786	20.143	-0.239	1.024	899.395
34.501	95.739	80.057	20.000	100.774	20.145	-0.326	1.092	899.444
35.001	96.214	80.055	20.000	100.768	20.151	-0.639	1.025	899.435
35.501	96.763	80.055	20.001	100.765	20.150	-0.533	1.024	899.413
36.001	97.245	80.055	20.001	100.759	20.151	-0.584	1.032	899.406
36.500	97.787	80.054	20.000	100.755	20.153	-0.706	1.025	899.420
37.001	98.311	80.056	20.000	100.745	20.154	-0.835	1.065	899.428
37.501	98.849	80.057	20.000	100.736	20.153	-0.762	1.061	899.445
38.001	99.340	80.055	20.000	100.731	20.156	-0.943	1.030	899.424
38.501	99.895	80.055	20.000	100.723	20.157	-0.935	1.046	899.417
39.001	100.422	80.054	19.999	100.721	20.156	-0.830	1.082	899.453
39.500	100.961	80.055	20.000	100.721	20.159	-0.941	1.066	899.426
40.000	101.462	80.056	20.000	100.715	20.162	-1.018	1.040	899.398
40.501	101.975	80.054	19.999	100.706	20.159	-0.726	1.014	899.436
41.000	102.531	80.055	20.000	100.704	20.164	-1.013	1.069	899.431
41.500	103.057	80.057	19.999	100.693	20.163	-0.887	1.082	899.395
42.000	103.571	80.055	19.999	100.687	20.167	-1.024	1.040	899.394
42.501	104.099	80.057	20.000	100.681	20.166	-0.864	1.041	899.439
43.001	104.637	80.058	19.999	100.680	20.164	-0.792	1.065	899.385
43.501	105.151	80.055	19.999	100.677	20.166	-0.880	1.053	899.415
44.000	105.695	80.055	20.000	100.680	20.169	-1.027	1.058	899.460
44.501	106.253	80.055	19.999	100.677	20.171	-1.170	1.100	899.449
45.002	106.761	80.057	20.000	100.681	20.174	-1.395	1.065	899.425
45.501	107.307	80.056	19.999	100.682	20.172	-1.289	1.056	899.426
46.000	107.820	80.054	20.000	100.674	20.177	-1.569	1.059	899.411
46.500	108.362	80.056	20.002	100.668	20.178	-1.531	1.054	899.423
47.000	108.922	80.056	20.002	100.660	20.179	-1.518	1.102	899.400
47.500	109.452	80.053	20.001	100.648	20.182	-1.720	1.090	899.383
48.001	109.970	80.056	20.001	100.638	20.176	-1.299	1.047	899.431
48.501	110.514	80.055	20.000	100.639	20.177	-1.324	1.063	899.445
49.001	111.009	80.054	20.002	100.633	20.179	-1.390	1.039	899.418
49.501	111.572	80.054	20.001	100.624	20.173	-0.864	1.058	899.425
50.000	112.119	80.054	19.999	100.621	20.174	-0.899	1.111	899.418
50.500	112.613	80.056	20.000	100.620	20.177	-1.050	1.041	899.422
51.001	113.162	80.055	20.000	100.614	20.176	-0.921	1.043	899.428
51.501	113.721	80.054	19.999	100.615	20.177	-0.984	1.108	899.437
52.001	114.252	80.056	19.999	100.618	20.180	-1.213	1.091	899.395
52.500	114.776	80.055	19.999	100.620	20.179	-1.126	1.055	899.414
53.001	115.315	80.055	19.998	100.614	20.184	-1.475	1.062	899.411
53.501	115.843	80.057	19.999	100.612	20.182	-1.319	1.067	899.419
54.001	116.381	80.056	19.999	100.605	20.184	-1.361	1.066	899.425
54.501	116.934	80.057	19.999	100.599	20.186	-1.493	1.091	899.427
55.000	117.472	80.056	20.000	100.597	20.188	-1.482	1.091	899.434
55.501	117.987	80.054	19.999	100.596	20.186	-1.369	1.053	899.415
56.001	118.517	80.056	20.000	100.592	20.186	-1.372	1.046	899.427
56.500	119.036	80.055	20.000	100.590	20.187	-1.427	1.049	899.402
57.001	119.588	80.054	19.999	100.584	20.186	-1.303	1.070	899.433
57.501	120.131	80.057	20.000	100.573	20.188	-1.339	1.095	899.461
58.002	120.670	80.057	20.000	100.571	20.187	-1.261	1.082	899.448
58.501	121.170	80.058	20.000	100.568	20.185	-1.052	1.040	899.419
59.001	121.724	80.061	20.000	100.566	20.190	-1.303	1.054	899.421
59.501	122.260	80.059	19.999	100.573	20.186	-0.958	1.090	899.433
60.000	122.753	80.057	19.999	100.577	20.182	-0.654	1.030	899.417
60.500	123.322	80.057	19.999	100.566	20.185	-0.890	1.062	899.422
61.001	123.860	80.058	19.998	100.566	20.185	-0.973	1.105	899.450
61.502	124.401	80.059	19.999	100.562	20.191	-1.393	1.078	899.445
62.001	124.918	80.058	19.999	100.556	20.189	-1.355	1.060	899.474
62.501	125.461	80.058	19.998	100.548	20.191	-1.471	1.060	899.470
63.001	125.981	80.060	20.000	100.552	20.191	-1.444	1.063	899.462
63.501	126.512	80.058	19.999	100.549	20.188	-1.214	1.051	899.441
64.001	127.077	80.058	19.999	100.550	20.188	-1.183	1.096	899.451
64.501	127.601	80.060	19.999	100.546	20.187	-0.988	1.089	899.472
65.001	128.117	80.058	19.998	100.543	20.191	-1.280	1.039	899.495
65.501	128.614	80.056	19.999	100.534	20.193	-1.380	1.014	899.480
66.001	129.169	80.056	19.999	100.529	20.190	-1.232	1.053	899.476
66.501	129.702	80.055	19.998	100.522	20.190	-1.239	1.088	899.454
67.001	130.228	80.055	19.998	100.515	20.192	-1.401	1.059	899.499
67.501	130.753	80.054	19.998	100.517	20.189	-1.274	1.052	899.462
68.000	131.296	80.056	19.997	100.520	20.192	-1.529	1.067	899.453
68.501	131.816	80.057	19.998	100.524	20.193	-1.619	1.062	899.476
69.002	132.315	80.056	19.999	100.530	20.192	-1.560	1.018	899.466
69.502	132.870	80.058	19.999	100.537	20.194	-1.649	1.054	899.495
70.001	133.380	80.058	19.999	100.534	20.194	-1.557	1.066	899.468
70.501	133.901	80.057	19.998	100.533	20.195	-1.467	1.031	899.469
71.001	134.420	80.056	19.998	100.525	20.193	-1.181	1.040	899.471
71.501	134.981	80.055	19.999	100.520	20.193	-1.180	1.080	899.466
72.001	135.496	80.056	19.999	100.515	20.196	-1.288	1.076	899.483
72.501	135.987	80.056	19.999	100.518	20.195	-1.240	1.005	899.453
73.001	136.511	80.055	20.000	100.516	20.189	-0.815	1.015	899.456
73.501	137.049	80.056	19.999	100.519	20.194	-1.114	1.061	899.460
74.001	137.565	80.056	20.000	100.518	20.194	-1.102	1.055	899.497
74.501	138.150	80.057	20.000	100.520	20.194	-1.167	1.103	899.474
75.000	138.619	80.056	20.000	100.527	20.197	-1.408	1.054	899.501
75.501	139.182	80.059	20.000	100.534	20.198	-1.468	1.031	899.506
76.002	139.709	80.057	20.000	100.533	20.197	-1.383	1.089	899.488
76.502	140.206	80.056	20.000	100.534	20.202	-1.773	1.023	899.499
77.002	140.726	80.055	20.000	100.528	20.203	-1.842	1.017	899.458
77.501	141.252	80.055	20.000	100.515	20.199	-1.503	1.046	899.470
78.001	141.780	80.055	20.000	100.502	20.199	-1.505	1.054	899.518
78.501	142.336	80.054	20.001	100.496	20.201	-1.636	1.084	899.538
79.001	142.847	80.056	20.000	100.493	20.204	-1.849	1.067	899.497
79.501	143.356	80.055	20.000	100.491	20.201	-1.651	1.020	899.521
80.001	143.878	80.053	20.001	100.493	20.198	-1.384	1.031	899.506
80.502	144.402	80.057	20.000	100.493	20.200	-1.440	1.045	899.528
81.002	144.946	80.057	19.999	100.488	20.201	-1.513	1.068	899.506
81.501	145.435	80.056	19.999	100.485	20.203	-1.585	1.034	899.526
82.001	145.961	80.055	19.998	100.495	20.204	-1.677	1.015	899.516
82.501	146.486	80.054	19.999	100.493	20.200	-1.390	1.051	899.511
83.001	146.962	80.056	19.999	100.495	20.202	-1.639	1.001	899.535
83.501	147.494	80.054	19.999	100.502	20.201	-1.653	1.007	899.508
84.001	148.010	80.052	19.999	100.500	20.199	-1.539	1.048	899.499
84.501	148.541	80.055	19.999	100.490	20.201	-1.745	1.048	899.545
85.001	149.043	80.055	19.999	100.490	20.198	-1.522	1.033	899.509
85.502	149.564	80.055	20.000	100.490	20.202	-1.756	1.022	899.514
86.002	150.123	80.056	20.000	100.490	20.208	-2.115	1.081	899.528
86.501	150.618	80.054	20.000	100.494	20.205	-1.878	1.055	899.539
87.001	151.104	80.051	20.000	100.491	20.206	-1.901	0.981	899.510
87.501	151.631	80.054	19.999	100.488	20.203	-1.621	1.012	899.511
88.001	152.168	80.052	20.000	100.479	20.202	-1.514	1.064	899.495
88.501	152.694	80.055	20.000	100.475	20.206	-1.698	1.063	899.548
89.001	153.201	80.055	19.999	100.471	20.201	-1.357	1.032	899.550
89.501	153.694	80.053	20.000	100.477	20.203	-1.592	1.000	899.510
90.001	154.199	80.055	19.999	100.483	20.203	-1.630	0.998	899.543
90.501	154.715	80.055	19.999	100.492	20.203	-1.653	1.021	899.509
91.001	155.227	80.056	20.000	100.497	20.205	-1.725	1.028	899.516
91.501	155.754	80.057	20.000	100.498	20.205	-1.780	1.039	899.510
92.001	156.303	80.057	20.000	100.497	20.203	-1.617	1.077	899.530
92.501	156.806	80.059	19.999	100.497	20.203	-1.661	1.052	899.515
93.001	157.301	80.057	19.998	100.496	20.200	-1.400	0.997	899.537
93.501	157.803	80.058	19.999	100.489	20.202	-1.481	0.997	899.500
94.002	158.349	80.059	19.999	100.486	20.204	-1.600	1.048	899.532
94.502	158.821	80.058	19.998	100.481	20.202	-1.366	1.017	899.546
95.002	159.367	80.059	19.999	100.474	20.203	-1.421	1.018	899.532
95.502	159.867	80.060	19.999	100.472	20.203	-1.306	1.047	899.529
96.002	160.378	80.058	19.999	100.472	20.203	-1.269	1.012	899.527
96.501	160.895	80.060	20.000	100.473	20.204	-1.347	1.028	899.542
97.001	161.393	80.060	19.999	100.476	20.201	-1.106	1.014	899.552
97.502	161.917	80.057	19.999	100.481	20.204	-1.330	1.021	899.532
98.002	162.442	80.057	20.000	100.478	20.202	-1.261	1.050	899.542
98.501	162.931	80.057	19.999	100.480	20.203	-1.385	1.014	899.493
99.001	163.459	80.056	20.000	100.483	20.201	-1.267	1.016	899.521
99.502	163.969	80.059	19.999	100.480	20.204	-1.512	1.038	899.524
100.001	164.493	80.058	19.999	100.478	20.204	-1.572	1.035	899.521
100.501	165.003	80.059	19.999	100.478	20.205	-1.632	1.034	899.550
101.001	165.521	80.059	19.999	100.475	20.206	-1.642	1.028	899.501
101.501	166.008	80.058	19.998	100.471	20.205	-1.493	1.004	899.524
102.001	166.529	80.057	20.000	100.466	20.205	-1.454	1.007	899.522
102.502	167.064	80.057	20.000	100.460	20.208	-1.603	1.056	899.510
103.002	167.549	80.059	19.999	100.453	20.207	-1.515	1.020	899.512
103.502	168.048	80.057	19.999	100.453	20.204	-1.347	0.984	899.512
104.002	168.525	80.055	19.998	100.452	20.206	-1.479	0.976	899.551
104.502	169.078	80.056	19.998	100.452	20.206	-1.407	1.030	899.543
105.002	169.610	80.060	19.998	100.454	20.207	-1.413	1.085	899.528
105.502	170.101	80.059	19.999	100.462	20.208	-1.518	1.023	899.517
106.002	170.617	80.059	20.000	100.466	20.210	-1.624	1.007	899.545
106.502	171.137	80.057	19.999	100.466	20.210	-1.568	1.035	899.543
107.002	171.622	80.055	19.999	100.470	20.205	-1.131	1.004	899.539
107.502	172.147	80.059	19.999	100.471	20.209	-1.540	1.010	899.551
108.002	172.665	80.060	19.999	100.466	20.208	-1.519	1.044	899.571
108.502	173.138	80.059	19.999	100.462	20.206	-1.304	0.991	899.531
109.002	173.668	80.058	19.999	100.461	20.208	-1.464	1.002	899.544
109.502	174.208	80.058	19.998	100.455	20.210	-1.585	1.070	899.570
110.002	174.727	80.059	19.999	100.450	20.209	-1.575	1.059	899.582
110.502	175.182	80.059	19.999	100.449	20.211	-1.682	0.974	899.553
111.002	175.718	80.058	19.999	100.454	20.213	-1.747	0.991	899.548
111.501	176.220	80.060	19.999	100.454	20.211	-1.624	1.038	899.543
112.002	176.743	80.058	19.999	100.448	20.210	-1.558	1.025	899.531
112.502	177.271	80.056	19.998	100.444	20.210	-1.501	1.051	899.598
113.002	177.762	80.057	20.000	100.443	20.209	-1.439	1.019	899.527
113.502	178.286	80.058	20.000	100.437	20.212	-1.591	1.016	899.557
114.002	178.777	80.059	19.999	100.435	20.215	-1.823	1.015	899.526
114.502	179.287	80.059	19.999	100.439	20.213	-1.695	1.001	899.585
115.002	179.796	80.055	19.999	100.444	20.215	-1.756	1.019	899.547
115.502	180.321	80.057	20.000	100.444	20.213	-1.645	1.034	899.541
116.001	180.851	80.058	20.000	100.442	20.214	-1.676	1.055	899.577
116.501	181.339	80.060	19.999	100.441	20.211	-1.458	1.018	899.567
117.001	181.834	80.060	20.000	100.445	20.211	-1.443	0.983	899.605
117.502	182.319	80.058	20.000	100.443	20.211	-1.451	0.979	899.568
118.002	182.848	80.059	19.998	100.440	20.211	-1.465	1.014	899.558
118.502	183.365	80.062	19.999	100.437	20.213	-1.556	1.046	899.516
119.002	183.887	80.062	19.999	100.437	20.213	-1.607	1.039	899.591
119.501	184.377	80.060	19.998	100.434	20.214	-1.687	1.012	899.525
120.002	184.922	80.058	19.998	100.433	20.215	-1.818	1.034	899.560
120.502	185.434	80.058	19.998	100.433	20.214	-1.717	1.057	899.552
121.002	185.932	80.058	19.999	100.433	20.213	-1.679	1.010	899.548
121.502	186.460	80.059	19.999	100.429	20.213	-1.658	1.026	899.553
122.002	186.970	80.060	19.998	100.429	20.217	-1.825	1.039	899.569
122.502	187.474	80.061	19.999	100.426	20.215	-1.605	1.014	899.583
123.002	187.959	80.061	19.999	100.425	20.215	-1.436	0.990	899.568
123.501	188.473	80.063	19.999	100.426	20.215	-1.431	0.999	899.565
124.001	189.019	80.063	20.000	100.425	20.219	-1.651	1.060	899.561
124.502	189.503	80.061	20.001	100.423	20.214	-1.302	1.030	899.601
125.002	189.953	80.060	20.000	100.425	20.218	-1.612	0.934	899.584
125.502	190.498	80.060	20.000	100.427	20.217	-1.579	0.995	899.624
126.002	191.035	80.060	20.000	100.423	20.222	-1.914	1.082	899.648
126.502	191.530	80.061	20.000	100.425	20.217	-1.561	1.031	899.585
127.002	192.074	80.060	20.001	100.426	20.216	-1.503	1.038	899.591
127.502	192.548	80.059	20.000	100.430	20.220	-1.867	1.019	899.635
128.002	193.083	80.060	20.000	100.429	20.220	-1.909	1.009	899.638
128.502	193.569	80.060	20.000	100.433	20.219	-1.857	1.021	899.600
129.002	194.094	80.059	20.000	100.427	20.218	-1.808	1.011	899.649
129.502	194.563	80.060	20.000	100.418	20.217	-1.754	0.994	899.625
130.002	195.097	80.056	20.001	100.406	20.216	-1.628	1.003	899.616
130.502	195.612	80.055	20.001	100.399	20.215	-1.516	1.048	899.618
131.002	196.128	80.054	19.999	100.397	20.219	-1.708	1.031	899.640
131.502	196.633	80.056	20.000	100.397	20.219	-1.643	1.021	899.602
132.002	197.099	80.058	20.000	100.398	20.220	-1.745	0.971	899.615
132.502	197.595	80.057	20.000	100.401	20.216	-1.472	0.963	899.603
133.002	198.127	80.059	20.000	100.401	20.218	-1.578	1.028	899.617
133.502	198.615	80.059	20.000	100.399	20.219	-1.705	1.020	899.621
134.002	199.154	80.056	20.001	100.399	20.217	-1.604	1.028	899.661
134.502	199.644	80.057	19.999	100.404	20.218	-1.706	1.029	899.640
135.002	200.183	80.057	19.999	100.410	20.219	-1.793	1.029	899.648
135.502	200.680	80.056	20.000	100.416	20.220	-1.803	1.035	899.655
136.002	201.218	80.055	19.999	100.418	20.221	-1.908	1.035	899.618
136.502	201.704	80.055	19.999	100.419	20.224	-2.115	1.026	899.640
137.002	202.220	80.056	19.998	100.413	20.224	-2.034	1.002	899.646
137.502	202.691	80.057	19.998	100.408	20.223	-1.923	0.986	899.661
138.002	203.218	80.053	19.999	100.404	20.223	-1.893	0.998	899.634
138.502	203.688	80.056	19.999	100.401	20.222	-1.866	0.997	899.624
139.002	204.211	80.058	19.999	100.396	20.223	-1.870	0.993	899.656
139.502	204.701	80.055	20.000	100.398	20.221	-1.626	1.012	899.605
140.002	205.212	80.057	19.999	100.400	20.223	-1.739	1.001	899.640
140.502	205.699	80.057	19.999	100.398	20.224	-1.828	0.999	899.611
141.002	206.229	80.056	20.001	100.402	20.222	-1.599	1.016	899.634
141.503	206.731	80.055	20.000	100.409	20.225	-1.812	1.032	899.631
142.002	207.244	80.055	20.000	100.408	20.222	-1.594	1.016	899.636
142.501	207.760	80.055	20.000	100.407	20.223	-1.731	1.029	899.661
143.002	208.281	80.054	19.998	100.405	20.224	-1.919	1.036	899.632
143.502	208.793	80.054	19.999	100.401	20.223	-1.868	1.032	899.632
144.003	209.294	80.056	19.999	100.401	20.222	-1.907	1.013	899.657
144.502	209.800	80.055	19.999	100.400	20.224	-2.127	1.008	899.641
145.002	210.317	80.056	20.000	100.393	20.226	-2.237	1.023	899.668
145.502	210.834	80.058	19.999	100.396	20.222	-1.861	1.033	899.636
146.002	211.340	80.058	19.999	100.395	20.227	-2.182	1.022	899.659
146.502	211.829	80.056	20.000	100.387	20.227	-2.039	0.995	899.665
147.002	212.372	80.054	19.999	100.383	20.228	-2.027	1.033	899.654
147.502	212.828	80.055	19.999	100.384	20.226	-1.777	0.999	899.661
148.002	213.329	80.056	19.999	100.382	20.223	-1.564	0.957	899.678
148.502	213.819	80.055	19.999	100.378	20.223	-1.558	0.991	899.654
149.002	214.337	80.055	20.000	100.376	20.223	-1.600	1.008	899.643
149.502	214.850	80.056	19.998	100.376	20.224	-1.780	1.030	899.626
150.002	215.358	80.054	19.998	100.385	20.223	-1.744	1.020	899.674
150.503	215.837	80.055	19.999	100.389	20.226	-1.990	0.987	899.664
151.002	216.356	80.058	19.999	100.400	20.222	-1.709	0.999	899.673
151.502	216.907	80.058	19.999	100.406	20.227	-2.049	1.070	899.656
152.002	217.424	80.058	20.000	100.411	20.226	-1.912	1.068	899.678
152.502	217.900	80.058	20.000	100.402	20.226	-1.926	0.993	899.659
153.002	218.381	80.058	20.000	100.397	20.226	-1.892	0.957	899.626
153.502	218.932	80.058	19.999	100.390	20.224	-1.735	1.033	899.650
154.002	219.412	80.057	19.998	100.379	20.225	-1.762	1.031	899.691
154.502	219.930	80.057	19.999	100.372	20.226	-1.887	0.998	899.658
155.002	220.448	80.058	19.999	100.370	20.228	-2.059	1.036	899.659
155.502	220.950	80.057	19.998	100.366	20.225	-1.798	1.020	899.680
156.002	221.443	80.059	19.999	100.368	20.228	-2.019	0.994	899.671
156.502	221.941	80.060	19.999	100.378	20.228	-1.971	0.990	899.673
157.002	222.439	80.059	19.998	100.380	20.226	-1.863	0.996	899.658
157.502	222.944	80.056	19.999	100.384	20.226	-1.799	1.003	899.667
158.002	223.478	80.055	19.999	100.386	20.228	-1.928	1.039	899.664
158.502	223.957	80.055	19.999	100.384	20.229	-1.882	1.013	899.666
159.003	224.459	80.057	19.998	100.380	20.226	-1.705	0.981	899.661
159.502	224.955	80.055	19.999	100.379	20.228	-1.857	0.998	899.681
160.002	225.456	80.056	20.000	100.377	20.229	-1.870	0.997	899.665
160.502	225.959	80.059	20.000	100.378	20.229	-1.883	1.003	899.665
161.003	226.487	80.056	19.999	100.372	20.230	-1.947	1.031	899.705
161.502	227.003	80.057	20.000	100.372	20.231	-2.039	1.044	899.689
162.002	227.503	80.058	20.000	100.375	20.232	-2.076	1.014	899.711
162.503	228.016	80.057	20.000	100.377	20.234	-2.254	1.014	899.686
163.002	228.523	80.057	20.001	100.377	20.231	-2.049	1.021	899.696
163.502	229.004	80.057	20.000	100.378	20.233	-2.234	0.988	899.693
164.002	229.475	80.056	20.001	100.375	20.232	-2.146	0.952	899.649
164.503	230.022	80.056	20.000	100.372	20.232	-2.146	1.016	899.642
165.003	230.510	80.054	19.999	100.368	20.233	-2.151	1.034	899.682
165.503	231.014	80.053	20.000	100.365	20.231	-1.884	0.993	899.680
166.003	231.524	80.053	20.000	100.362	20.231	-2.007	1.016	899.679
166.502	232.033	80.053	19.999	100.362	20.233	-2.053	1.020	899.696
167.002	232.527	80.055	20.000	100.360	20.232	-1.959	1.003	899.677
167.502	233.032	80.055	20.000	100.359	20.235	-2.202	0.999	899.715
168.002	233.498	80.053	19.999	100.360	20.232	-2.002	0.971	899.694
168.503	234.027	80.054	20.001	100.361	20.232	-2.025	0.994	899.699
169.003	234.526	80.053	20.001	100.359	20.232	-2.015	1.029	899.675
169.502	235.053	80.054	20.000	100.361	20.233	-2.097	1.027	899.719
170.002	235.547	80.055	20.000	100.363	20.230	-1.948	1.021	899.674
170.502	236.057	80.055	20.000	100.359	20.232	-1.975	1.004	899.688
171.003	236.520	80.054	20.000	100.366	20.232	-1.996	0.973	899.693
171.503	237.066	80.054	20.001	100.368	20.233	-1.993	1.009	899.726
172.003	237.563	80.055	20.000	100.364	20.232	-1.891	1.043	899.722
172.502	238.061	80.056	20.000	100.357	20.227	-1.481	0.996	899.695
173.002	238.586	80.056	20.000	100.355	20.230	-1.633	1.024	899.682
173.502	239.064	80.056	20.000	100.351	20.231	-1.685	1.002	899.685
174.002	239.563	80.055	20.000	100.349	20.232	-1.700	0.977	899.690
174.502	240.064	80.054	20.001	100.349	20.234	-1.868	0.999	899.713
175.003	240.559	80.055	20.000	100.356	20.233	-1.874	0.995	899.694
175.503	241.076	80.054	19.999	100.358	20.233	-1.834	1.012	899.724
176.003	241.585	80.054	19.999	100.354	20.232	-1.740	1.026	899.717
176.503	242.099	80.055	20.000	100.354	20.235	-1.914	1.022	899.709
177.003	242.593	80.054	20.000	100.357	20.235	-1.858	1.008	899.703
177.503	243.096	80.054	19.999	100.356	20.231	-1.585	0.998	899.707
178.003	243.625	80.056	20.000	100.355	20.237	-2.012	1.032	899.711
178.503	244.100	80.055	19.999	100.354	20.235	-1.846	1.003	899.715
179.003	244.593	80.053	19.999	100.348	20.234	-1.726	0.968	899.734
179.503	245.108	80.053	20.000	100.340	20.233	-1.674	1.009	899.728
180.003	245.619	80.053	20.000	100.335	20.235	-1.880	1.026	899.727
180.503	246.111	80.055	19.999	100.334	20.232	-1.743	1.003	899.733
181.002	246.600	80.053	19.999	100.333	20.235	-1.925	0.981	899.740
181.503	247.109	80.054	19.998	100.335	20.234	-1.947	0.998	899.700
182.003	247.599	80.056	19.999	100.336	20.233	-1.888	0.999	899.716
182.502	248.126	80.053	19.999	100.337	20.234	-1.963	1.017	899.747
183.003	248.630	80.056	19.999	100.336	20.235	-1.980	1.030	899.734
183.503	249.109	80.054	19.999	100.334	20.234	-1.815	0.983	899.738
184.003	249.628	80.053	19.999	100.332	20.233	-1.726	0.998	899.705
184.503	250.136	80.052	19.998	100.330	20.235	-1.853	1.027	899.733
185.003	250.624	80.051	19.999	100.325	20.235	-1.843	0.997	899.727
185.503	251.149	80.052	20.000	100.325	20.236	-1.807	1.012	899.757
186.003	251.641	80.053	19.999	100.324	20.235	-1.845	1.016	899.729
186.503	252.158	80.050	19.999	100.323	20.235	-1.869	1.010	899.713
187.003	252.629	80.051	19.999	100.325	20.234	-1.862	0.988	899.753
187.503	253.129	80.053	20.000	100.330	20.235	-1.944	0.971	899.744
188.003	253.663	80.052	19.999	100.333	20.237	-2.150	1.034	899.757
188.503	254.157	80.053	20.000	100.338	20.235	-2.051	1.029	899.744
189.003	254.655	80.053	19.999	100.341	20.236	-2.141	0.993	899.743
189.502	255.171	80.053	20.000	100.341	20.234	-1.939	1.014	899.781
190.002	255.679	80.052	19.998	100.339	20.235	-1.927	1.024	899.764
190.503	256.178	80.050	19.999	100.331	20.239	-2.146	1.007	899.770
191.002	256.662	80.052	19.999	100.330	20.236	-1.958	0.983	899.772
191.503	257.161	80.054	19.999	100.328	20.236	-1.933	0.982	899.766
192.003	257.655	80.053	20.000	100.326	20.238	-2.025	0.994	899.721
192.503	258.143	80.052	20.000	100.323	20.238	-2.037	0.983	899.749
193.002	258.665	80.053	19.998	100.323	20.233	-1.602	1.010	899.724
193.502	259.170	80.052	19.999	100.323	20.236	-1.815	1.027	899.744
194.002	259.687	80.055	19.999	100.326	20.241	-2.173	1.023	899.762
194.502	260.159	80.057	19.999	100.333	20.238	-1.963	0.989	899.778
195.003	260.694	80.054	19.999	100.335	20.239	-2.101	1.006	899.770
195.503	261.177	80.053	19.999	100.342	20.239	-2.067	1.017	899.738
196.003	261.668	80.053	19.999	100.342	20.239	-2.110	0.974	899.775
196.503	262.154	80.054	20.000	100.341	20.239	-2.118	0.977	899.776
197.003	262.680	80.054	19.999	100.335	20.237	-1.872	1.012	899.768
197.503	263.179	80.054	19.999	100.332	20.238	-1.968	1.026	899.771
198.003	263.703	80.055	19.998	100.326	20.238	-1.978	1.024	899.797
198.502	264.168	80.056	19.998	100.328	20.237	-1.958	0.988	899.791
199.003	264.701	80.053	19.999	100.325	20.239	-2.040	0.997	899.763
199.503	265.186	80.054	19.998	100.322	20.241	-2.181	1.019	899.781
200.003	265.704	80.053	19.998	100.324	20.239	-2.116	1.003	899.788
200.503	266.213	80.052	19.999	100.322	20.239	-2.083	1.026	899.789
201.003	266.740	80.054	19.998	100.318	20.241	-2.180	1.037	899.812
201.502	267.219	80.055	19.998	100.320	20.240	-2.096	1.007	899.783
202.002	267.717	80.057	19.999	100.325	20.238	-1.979	0.976	899.792
202.503	268.218	80.057	19.999	100.323	20.239	-2.075	0.997	899.832
203.004	268.719	80.056	19.999	100.326	20.237	-1.987	1.002	899.813
203.503	269.215	80.057	19.997	100.326	20.237	-1.982	0.999	899.824
204.003	269.729	80.055	19.998	100.321	20.237	-1.960	1.011	899.845
204.503	270.212	80.056	19.998	100.317	20.239	-2.084	0.997	899.818
205.003	270.746	80.060	19.999	100.317	20.240	-2.187	1.017	899.828
205.503	271.229	80.059	19.999	100.321	20.241	-2.289	1.016	899.850
206.003	271.690	80.058	19.999	100.325	20.239	-2.136	0.944	899.854
206.503	272.202	80.056	19.999	100.323	20.236	-1.980	0.973	899.824
207.003	272.700	80.056	19.999	100.324	20.239	-2.148	1.010	899.807
207.503	273.200	80.057	19.999	100.326	20.241	-2.315	0.998	899.851
208.003	273.701	80.055	19.999	100.321	20.235	-1.870	1.001	899.866
208.502	274.199	80.055	19.999	100.319	20.240	-2.201	0.999	899.780
209.002	274.667	80.057	19.999	100.321	20.239	-2.090	0.965	899.817
209.502	275.208	80.057	19.999	100.325	20.239	-2.036	1.009	899.808
210.003	275.673	80.056	19.999	100.325	20.239	-1.958	1.006	899.848
210.503	276.237	80.058	20.000	100.326	20.240	-1.997	1.029	899.833
211.002	276.684	80.056	20.000	100.324	20.241	-2.103	1.011	899.851
211.503	277.203	80.057	20.001	100.324	20.242	-2.182	0.966	899.844
212.003	277.704	80.056	20.000	100.324	20.239	-1.955	1.020	899.822
212.503	278.187	80.055	20.000	100.326	20.240	-2.043	0.984	899.860
213.003	278.741	80.057	20.001	100.327	20.238	-1.955	1.037	899.868
213.503	279.197	80.056	20.001	100.329	20.239	-2.063	1.010	899.885
214.003	279.690	80.056	20.000	100.332	20.243	-2.313	0.949	899.862
214.503	280.196	80.057	20.000	100.331	20.242	-2.203	0.999	899.862
215.003	280.713	80.055	20.000	100.330	20.240	-2.001	1.023	899.841
215.503	281.219	80.056	20.000	100.326	20.239	-1.939	1.023	899.832
216.003	281.696	80.058	20.000	100.326	20.240	-2.044	0.983	899.886
216.503	282.210	80.057	20.000	100.322	20.241	-2.094	0.991	899.879
217.003	282.707	80.056	19.999	100.320	20.240	-2.015	1.011	899.857
217.503	283.186	80.056	19.999	100.312	20.240	-1.996	0.976	899.838
218.003	283.684	80.056	19.999	100.311	20.240	-1.925	0.976	899.843
218.503	284.196	80.057	20.000	100.312	20.239	-1.847	1.010	899.875
219.003	284.701	80.056	20.000	100.315	20.241	-1.957	1.017	899.843
219.503	285.210	80.054	19.999	100.316	20.242	-1.958	1.014	899.881
220.003	285.723	80.054	19.998	100.320	20.238	-1.736	1.021	899.859
220.503	286.225	80.052	19.998	100.321	20.241	-2.015	1.015	899.842
221.003	286.724	80.055	19.999	100.317	20.241	-2.015	1.002	899.856
221.503	287.236	80.058	19.999	100.315	20.242	-2.078	1.011	899.887
222.003	287.726	80.057	19.997	100.315	20.240	-1.974	1.002	899.875
222.503	288.234	80.057	19.998	100.313	20.241	-2.060	0.997	899.876
223.003	288.701	80.056	19.999	100.313	20.242	-2.093	0.975	899.860
223.503	289.234	80.056	19.999	100.312	20.242	-2.031	1.001	899.882
224.003	289.724	80.056	20.000	100.313	20.239	-1.849	1.023	899.850
224.503	290.226	80.055	19.999	100.313	20.239	-1.865	0.992	899.913
225.003	290.720	80.057	19.998	100.312	20.241	-2.059	0.997	899.898
225.503	291.187	80.057	19.998	100.308	20.240	-2.043	0.961	899.871
226.003	291.712	80.056	19.998	100.304	20.239	-1.966	0.990	899.862
226.503	292.215	80.059	19.999	100.300	20.240	-1.986	1.028	899.861
227.003	292.758	80.059	19.999	100.298	20.238	-1.801	1.047	899.895
227.503	293.206	80.057	19.998	100.302	20.237	-1.671	0.992	899.848
228.003	293.749	80.055	19.998	100.312	20.239	-1.788	0.991	899.892
228.503	294.211	80.055	19.999	100.312	20.241	-1.949	1.005	899.875
229.003	294.724	80.057	19.999	100.311	20.243	-2.068	0.975	899.887
229.503	295.228	80.056	19.999	100.312	20.243	-2.117	1.016	899.885
230.003	295.714	80.056	20.000	100.306	20.241	-1.965	0.990	899.895
230.503	296.246	80.057	19.999	100.302	20.243	-2.099	1.018	899.920
231.003	296.746	80.054	19.998	100.305	20.244	-2.121	1.032	899.878
231.503	297.234	80.056	19.998	100.307	20.240	-1.859	0.987	899.889
232.004	297.734	80.059	19.999	100.310	20.242	-2.019	0.988	899.880
232.503	298.209	80.058	19.999	100.313	20.241	-1.999	0.975	899.915
233.003	298.741	80.057	19.999	100.313	20.245	-2.288	1.008	899.902
233.503	299.233	80.055	19.999	100.314	20.243	-2.202	1.024	899.903
234.003	299.746	80.054	19.999	100.308	20.242	-2.151	1.005	899.912
234.503	300.259	80.056	19.999	100.304	20.242	-2.051	1.026	899.907
235.003	300.736	80.055	19.999	100.302	20.241	-1.892	0.989	899.887
235.504	301.256	80.055	19.999	100.301	20.242	-1.916	0.997	899.881
236.004	301.744	80.057	20.000	100.300	20.240	-1.716	1.008	899.891
236.504	302.261	80.054	19.999	100.305	20.243	-1.897	1.006	899.896
237.003	302.732	80.055	19.999	100.306	20.242	-1.818	0.988	899.883
237.503	303.248	80.056	19.999	100.305	20.238	-1.558	0.987	899.899
238.003	303.769	80.056	20.000	100.300	20.238	-1.612	1.038	899.905
238.503	304.232	80.055	19.998	100.296	20.239	-1.620	0.983	899.918
239.003	304.756	80.054	19.998	100.300	20.238	-1.549	0.987	899.906
239.503	305.248	80.055	19.998	100.303	20.239	-1.683	1.016	899.903
240.003	305.764	80.056	19.999	100.309	20.243	-1.892	1.008	899.903
240.503	306.260	80.055	19.999	100.314	20.238	-1.563	1.013	899.919
241.003	306.763	80.052	20.000	100.313	20.239	-1.596	0.998	899.929
241.504	307.246	80.055	20.000	100.307	20.239	-1.663	0.986	899.938
242.003	307.768	80.053	20.000	100.302	20.239	-1.620	1.005	899.943
242.504	308.260	80.054	19.999	100.295	20.241	-1.687	1.013	899.924
243.004	308.748	80.056	19.999	100.292	20.235	-1.288	0.981	899.917
243.503	309.234	80.052	19.999	100.290	20.242	-1.703	0.975	899.951
244.003	309.731	80.054	20.000	100.285	20.239	-1.464	0.983	899.953
244.503	310.230	80.053	20.000	100.287	20.243	-1.729	0.995	899.938
245.004	310.763	80.053	20.000	100.291	20.242	-1.752	1.031	899.941
245.504	311.233	80.053	20.000	100.292	20.237	-1.400	1.004	899.947
246.003	311.733	80.053	20.000	100.289	20.237	-1.482	0.971	899.947
246.503	312.242	80.055	20.001	100.293	20.240	-1.729	1.009	899.965
247.003	312.748	80.056	19.999	100.290	20.241	-1.856	1.014	899.951
247.503	313.256	80.055	19.999	100.285	20.239	-1.759	1.015	899.967
248.003	313.737	80.056	19.999	100.287	20.238	-1.723	0.989	899.968
248.504	314.257	80.056	19.999	100.293	20.239	-1.728	0.999	899.999
249.004	314.741	80.055	20.000	100.290	20.244	-2.080	1.004	899.953
249.503	315.236	80.054	19.999	100.286	20.241	-1.822	0.980	899.952
250.004	315.727	80.051	19.999	100.285	20.242	-1.846	0.986	899.977
250.504	316.205	80.052	19.999	100.281	20.241	-1.720	0.969	899.935
251.003	316.698	80.055	19.999	100.277	20.239	-1.530	0.971	899.907
251.503	317.225	80.053	20.000	100.277	20.241	-1.672	1.020	899.916
252.003	317.746	80.054	20.001	100.279	20.239	-1.466	1.048	899.955
252.504	318.210	80.055	20.000	100.281	20.238	-1.335	0.984	899.973
253.004	318.724	80.054	20.000	100.286	20.240	-1.501	0.978	899.948
253.503	319.238	80.057	20.000	100.291	20.242	-1.670	1.029	899.976
254.003	319.740	80.057	19.999	100.295	20.238	-1.327	1.017	900.004
254.503	320.222	80.056	19.999	100.300	20.240	-1.524	0.984	899.967
255.004	320.737	80.055	20.000	100.302	20.240	-1.585	0.996	899.953
255.503	321.223	80.052	19.999	100.300	20.239	-1.533	1.001	899.951
256.003	321.734	80.054	20.000	100.298	20.237	-1.277	0.997	899.979
256.504	322.241	80.055	20.000	100.297	20.237	-1.260	1.017	899.979
257.004	322.732	80.052	19.999	100.293	20.239	-1.383	0.997	899.988
257.504	323.241	80.054	20.000	100.288	20.237	-1.232	1.001	899.993
258.003	323.720	80.054	19.999	100.285	20.238	-1.266	0.988	899.983
258.504	324.230	80.053	19.999	100.284	20.239	-1.378	0.988	899.982
259.004	324.716	80.056	19.999	100.278	20.237	-1.354	0.995	900.000
259.504	325.224	80.056	19.999	100.275	20.238	-1.459	0.995	899.969
260.004	325.730	80.055	19.999	100.272	20.237	-1.498	1.015	899.999
260.504	326.232	80.054	19.999	100.275	20.235	-1.439	1.008	899.988
261.004	326.722	80.054	19.998	100.276	20.240	-1.728	0.992	899.953
261.504	327.255	80.055	19.999	100.274	20.237	-1.577	1.023	899.994
262.003	327.733	80.055	19.998	100.278	20.240	-1.717	1.011	899.993
262.503	328.242	80.054	19.998	100.284	20.237	-1.479	0.987	900.012
263.004	328.775	80.055	19.998	100.278	20.241	-1.711	1.041	900.000
263.504	329.265	80.055	19.999	100.271	20.240	-1.660	1.022	899.973
264.004	329.734	80.053	19.998	100.274	20.241	-1.696	0.959	900.023
264.504	330.228	80.054	19.998	100.271	20.238	-1.421	0.963	900.016
265.004	330.738	80.055	19.999	100.265	20.239	-1.478	1.004	899.984
265.504	331.227	80.055	19.999	100.268	20.235	-1.255	1.000	899.999
266.004	331.754	80.056	19.999	100.276	20.238	-1.397	1.016	900.011
266.504	332.251	80.056	19.998	100.280	20.236	-1.245	1.023	900.043
267.004	332.766	80.059	19.999	100.285	20.238	-1.402	1.013	900.016
267.504	333.272	80.057	19.999	100.294	20.238	-1.369	1.022	900.006
268.003	333.754	80.056	19.998	100.296	20.239	-1.447	0.988	900.017
268.504	334.208	80.057	20.000	100.293	20.235	-1.244	0.936	900.019
269.004	334.746	80.056	19.999	100.294	20.236	-1.322	0.992	900.012
269.504	335.225	80.058	19.999	100.291	20.234	-1.177	1.017	900.011
270.004	335.745	80.060	19.999	100.284	20.235	-1.245	0.999	900.030
270.504	336.236	80.060	19.999	100.281	20.239	-1.524	1.012	900.053
271.004	336.750	80.059	20.000	100.287	20.239	-1.501	1.005	900.025
271.503	337.256	80.057	19.999	100.279	20.238	-1.418	1.020	900.029
272.004	337.737	80.057	19.999	100.281	20.235	-1.217	0.987	900.029
272.504	338.280	80.057	20.000	100.282	20.237	-1.394	1.024	900.039
273.004	338.732	80.055	20.000	100.281	20.237	-1.373	0.995	900.021
273.504	339.255	80.056	20.000	100.274	20.237	-1.337	0.975	900.039
274.004	339.741	80.059	20.000	100.276	20.238	-1.352	1.009	900.059
274.504	340.238	80.058	20.000	100.273	20.238	-1.376	0.982	900.066
275.005	340.757	80.058	20.000	100.273	20.237	-1.309	1.015	900.047
275.505	341.236	80.060	19.999	100.277	20.234	-1.032	0.999	900.034
276.004	341.754	80.057	19.999	100.281	20.236	-1.251	0.998	900.032
276.504	342.222	80.055	19.999	100.283	20.234	-1.136	0.986	900.065
277.003	342.747	80.056	19.999	100.282	20.232	-1.003	0.992	900.064
277.504	343.213	80.058	19.999	100.282	20.234	-1.160	0.991	900.062
278.004	343.765	80.058	19.998	100.281	20.233	-1.027	1.018	900.073
278.504	344.252	80.057	19.999	100.279	20.233	-1.005	1.039	900.040
279.004	344.775	80.058	19.999	100.279	20.235	-1.112	1.010	900.071
279.504	345.233	80.058	19.999	100.281	20.231	-0.775	0.981	900.043
280.004	345.717	80.056	19.999	100.285	20.235	-1.048	0.942	900.056
280.504	346.256	80.057	19.998	100.282	20.231	-0.794	1.022	900.074
281.004	346.736	80.058	19.998	100.276	20.233	-0.862	1.019	900.074
281.504	347.242	80.056	19.997	100.274	20.232	-0.701	0.986	900.053
282.004	347.733	80.056	19.997	100.272	20.232	-0.635	0.997	900.056
282.504	348.250	80.055	19.998	100.271	20.235	-0.796	1.008	900.077
283.004	348.739	80.057	19.997	100.274	20.234	-0.678	1.005	900.050
283.504	349.227	80.056	19.997	100.279	20.234	-0.596	0.978	900.065
284.004	349.754	80.055	19.998	100.283	20.233	-0.615	1.015	900.083
284.504	350.244	80.056	19.998	100.282	20.229	-0.355	1.016	900.115
285.004	350.779	80.054	19.999	100.280	20.232	-0.656	1.025	900.077
285.504	351.278	80.053	19.998	100.277	20.232	-0.727	1.035	900.103
286.004	351.738	80.058	19.999	100.274	20.229	-0.556	0.960	900.098
286.503	352.265	80.055	19.999	100.270	20.232	-0.804	0.987	900.133
287.004	352.738	80.055	19.998	100.271	20.230	-0.729	1.000	900.094
287.504	353.256	80.055	19.998	100.268	20.229	-0.656	0.990	900.098
288.004	353.750	80.053	19.998	100.269	20.229	-0.691	1.012	900.129
288.504	354.296	80.053	19.998	100.263	20.228	-0.642	1.041	900.122
289.004	354.740	80.054	19.998	100.255	20.231	-0.782	0.990	900.142
289.504	355.256	80.052	19.998	100.249	20.225	-0.459	0.959	900.123
290.004	355.740	80.053	19.997	100.244	20.230	-0.809	1.000	900.115
290.504	356.239	80.052	19.998	100.239	20.229	-0.740	0.983	900.131
291.004	356.773	80.051	19.998	100.242	20.228	-0.640	1.032	900.133
291.505	357.250	80.053	19.998	100.249	20.225	-0.424	1.011	900.131
292.004	357.733	80.051	19.998	100.249	20.224	-0.298	0.960	900.186
292.504	358.247	80.052	19.997	100.257	20.222	-0.176	0.997	900.148
293.004	358.739	80.053	19.998	100.261	20.225	-0.315	1.006	900.148
293.504	359.253	80.053	19.999	100.267	20.226	-0.444	1.007	900.133
294.004	359.752	80.056	19.999	100.267	20.226	-0.488	1.013	900.108
294.504	360.220	80.054	19.999	100.274	20.222	-0.212	0.966	900.156
295.004	360.703	80.054	19.999	100.272	20.220	-0.098	0.951	900.121
295.504	361.230	80.055	19.999	100.271	20.221	-0.128	1.011	900.144
296.004	361.745	80.054	20.000	100.270	20.220	-0.063	1.042	900.143
296.504	362.215	80.056	19.999	100.273	20.218	0.117	0.984	900.140
297.004	362.711	80.058	19.999	100.274	20.219	0.140	0.965	900.155
297.504	363.214	80.056	20.000	100.277	20.216	0.390	1.000	900.137
298.004	363.727	80.056	19.999	100.278	20.215	0.532	1.017	900.169
298.504	364.246	80.054	19.999	100.274	20.216	0.509	1.031	900.181
299.004	364.752	80.053	19.999	100.272	20.218	0.329	1.025	900.171
299.505	365.228	80.056	19.999	100.269	20.214	0.619	0.982	900.168
300.004	365.728	80.057	19.999	100.267	20.214	0.640	0.977	900.160
300.504	366.262	80.055	19.999	100.267	20.213	0.651	1.034	900.162
301.004	366.731	80.056	19.999	100.272	20.212	0.731	1.002	900.166
301.504	367.264	80.055	19.998	100.272	20.209	0.932	1.002	900.193
302.004	367.764	80.059	20.000	100.273	20.212	0.699	1.034	900.177
302.504	368.260	80.060	19.999	100.278	20.209	0.956	0.995	900.177
303.004	368.780	80.059	19.999	100.276	20.210	0.830	1.016	900.181
303.504	369.251	80.058	19.998	100.268	20.208	1.000	0.991	900.186
304.004	369.776	80.057	19.999	100.268	20.205	1.201	0.996	900.176
304.505	370.240	80.058	19.999	100.263	20.203	1.332	0.989	900.194
305.004	370.743	80.059	19.998	100.252	20.205	1.253	0.967	900.200
305.504	371.235	80.057	19.998	100.254	20.205	1.265	0.995	900.172
306.004	371.754	80.058	19.999	100.255	20.203	1.453	1.010	900.211
306.504	372.242	80.059	19.999	100.253	20.202	1.536	1.006	900.201
307.004	372.725	80.054	19.999	100.259	20.201	1.624	0.972	900.174
307.504	373.236	80.054	20.000	100.258	20.200	1.689	0.995	900.200
308.004	373.717	80.056	20.000	100.255	20.195	1.959	0.992	900.189
308.504	374.241	80.054	19.999	100.256	20.193	2.034	1.005	900.194
309.004	374.735	80.055	19.999	100.256	20.192	2.165	1.018	900.197
309.504	375.220	80.054	19.999	100.254	20.192	2.157	0.978	900.198
310.005	375.737	80.053	19.999	100.257	20.185	2.670	1.001	900.234
310.505	376.255	80.055	19.999	100.258	20.187	2.592	1.035	900.213
311.005	376.728	80.052	19.999	100.258	20.183	2.818	0.991	900.216
311.504	377.234	80.054	19.999	100.261	20.179	3.109	0.979	900.237
312.004	377.728	80.054	20.000	100.257	20.178	3.174	1.000	900.246
312.505	378.265	80.053	20.000	100.257	20.174	3.397	1.031	900.222
313.005	378.770	80.055	20.000	100.251	20.173	3.461	1.042	900.217
313.504	379.246	80.057	20.000	100.251	20.169	3.818	0.982	900.237
314.004	379.710	80.057	19.999	100.246	20.164	4.255	0.940	900.221
314.504	380.238	80.056	19.998	100.249	20.163	4.303	0.991	900.258
315.005	380.726	80.055	19.999	100.251	20.158	4.599	1.015	900.220
315.504	381.242	80.056	20.000	100.257	20.154	4.817	1.005	900.224
316.004	381.748	80.056	19.999	100.258	20.151	5.066	1.022	900.257
316.504	382.241	80.054	19.998	100.259	20.146	5.395	0.998	900.282
317.005	382.772	80.055	20.000	100.254	20.142	5.683	1.025	900.272
317.504	383.245	80.057	19.999	100.250	20.136	6.098	1.004	900.242
318.004	383.739	80.057	19.999	100.251	20.130	6.633	0.967	900.253
318.504	384.233	80.061	20.000	100.253	20.122	7.122	0.989	900.263
319.004	384.723	80.059	20.000	100.255	20.115	7.616	0.984	900.240
319.504	385.258	80.056	19.999	100.258	20.115	7.649	1.025	900.224
320.004	385.740	80.056	19.999	100.260	20.105	8.263	1.017	900.260
320.504	386.250	80.055	19.999	100.259	20.102	8.459	0.992	900.267
321.004	386.715	80.058	20.000	100.253	20.092	9.061	0.976	900.249
321.504	387.247	80.058	19.999	100.248	20.082	9.801	0.997	900.281
322.004	387.716	80.055	19.999	100.252	20.075	10.220	1.000	900.283
322.504	388.224	80.056	19.999	100.256	20.062	11.070	0.976	900.285
323.004	388.708	80.056	20.000	100.258	20.051	11.769	0.992	900.238
323.504	389.198	80.054	20.000	100.261	20.038	12.708	0.974	900.261
324.004	389.728	80.056	20.000	100.264	20.026	13.499	1.019	900.296
324.504	390.248	80.054	20.000	100.258	20.015	14.277	1.050	900.280
325.004	390.722	80.055	19.999	100.254	19.997	15.516	0.994	900.281
325.504	391.248	80.053	19.999	100.250	19.980	16.792	1.001	900.249
326.004	391.735	80.054	19.998	100.254	19.958	18.318	1.013	900.306
326.505	392.231	80.055	19.998	100.257	19.936	19.797	0.981	900.271
327.005	392.740	80.053	19.999	100.258	19.909	21.690	1.005	900.312
327.505	393.246	80.051	19.998	100.262	19.882	23.566	1.017	900.326
328.004	393.741	80.054	20.000	100.269	19.855	25.323	1.001	900.324
328.504	394.245	80.054	20.000	100.268	19.828	27.178	0.999	900.291
329.004	394.707	80.054	19.999	100.270	19.799	29.249	0.966	900.324
329.504	395.235	80.057	20.000	100.279	19.770	31.381	0.991	900.311
330.004	395.710	80.057	20.000	100.285	19.738	33.714	1.003	900.309
330.504	396.220	80.056	20.000	100.285	19.700	36.530	0.984	900.324
331.004	396.712	80.055	19.999	100.288	19.660	39.695	1.003	900.315
331.504	397.230	80.056	19.999	100.290	19.600	44.227	1.010	900.313
332.004	397.688	80.058	19.999	100.292	19.521	50.097	0.975	900.305
332.504	398.205	80.053	20.000	100.289	19.428	57.113	0.976	900.322
333.004	398.685	80.054	19.999	100.288	19.322	65.186	0.997	900.319
333.505	399.184	80.053	19.999	100.292	19.224	72.716	0.978	900.323
334.005	399.701	80.053	20.000	100.296	19.133	79.629	1.016	900.336
334.505	400.264	80.056	19.999	100.300	19.057	85.535	1.080	900.328
335.005	400.713	80.057	20.001	100.308	18.987	91.029	1.012	900.301
335.505	401.212	80.056	20.001	100.317	18.927	95.727	0.949	900.327
336.004	401.725	80.056	20.000	100.316	18.888	98.758	1.012	900.325
336.504	402.193	80.056	20.000	100.315	18.871	100.063	0.980	900.360
337.005	402.710	80.055	19.999	100.307	18.874	99.764	0.984	900.334
337.505	403.200	80.055	20.000	100.303	18.872	99.694	1.008	900.345
338.004	403.737	80.052	20.000	100.287	18.861	100.006	1.028	900.344
338.505	404.191	80.053	19.999	100.263	18.820	102.364	0.991	900.346
339.005	404.695	80.055	19.999	100.239	18.759	106.289	0.958	900.348
339.505	405.202	80.053	19.999	100.214	18.688	111.192	1.011	900.345
340.005	405.721	80.055	19.997	100.173	18.622	115.960	1.026	900.355
340.505	406.208	80.056	19.998	100.125	18.571	119.585	1.005	900.321
341.005	406.711	80.056	19.998	100.083	18.549	121.333	0.990	900.365
341.504	407.204	80.057	19.999	100.032	18.552	121.130	0.997	900.325
342.004	407.709	80.055	19.999	99.986	18.568	119.579	0.997	900.375
342.505	408.223	80.056	19.998	99.947	18.579	118.137	1.018	900.359
343.005	408.725	80.057	19.998	99.916	18.569	118.256	1.017	900.360
343.505	409.231	80.055	19.999	99.895	18.514	121.442	1.009	900.358
344.004	409.734	80.056	19.998	99.894	18.426	127.128	1.009	900.368
344.504	410.192	80.056	19.999	99.903	18.327	133.916	0.961	900.376
345.004	410.695	80.057	19.999	99.926	18.249	139.171	0.961	900.349
345.504	411.191	80.060	19.999	99.978	18.187	142.614	1.000	900.376
346.004	411.710	80.058	19.999	100.027	18.115	147.275	1.015	900.380
346.505	412.150	80.056	20.000	100.050	17.996	155.726	0.958	900.400
347.005	412.663	80.056	20.000	100.047	17.837	167.309	0.953	900.358
347.505	413.161	80.053	20.000	100.032	17.652	180.687	1.011	900.366
348.005	413.674	80.054	19.999	100.002	17.483	193.182	1.011	900.383
348.505	414.177	80.054	20.000	99.980	17.372	201.746	1.016	900.387
349.005	414.676	80.053	20.000	99.996	17.314	205.474	1.002	900.371
349.505	415.154	80.056	19.999	100.056	17.265	207.687	0.978	900.413
350.005	415.650	80.055	20.001	100.123	17.179	212.972	0.975	900.383
350.504	416.180	80.054	20.000	100.181	17.016	223.968	1.026	900.386
351.004	416.644	80.057	19.999	100.233	16.751	242.663	0.994	900.377
351.505	417.135	80.055	20.000	100.263	16.432	265.795	0.954	900.399
352.005	417.624	80.054	20.001	100.249	16.190	284.151	0.979	900.400
352.506	418.139	80.054	19.999	100.270	16.117	290.618	1.004	900.390
353.005	418.635	80.055	19.999	100.366	16.173	286.725	1.011	900.387
353.505	419.137	80.056	20.000	100.401	16.225	281.930	0.999	900.416
354.005	419.655	80.055	20.000	100.389	16.150	285.924	1.021	900.373
354.504	420.141	80.054	20.001	100.363	15.904	302.150	1.004	900.395
355.004	420.648	80.056	20.000	100.279	15.542	326.977	0.993	900.400
355.504	421.119	80.056	20.001	100.139	15.187	352.089	0.978	900.404
356.005	421.591	80.057	20.000	100.107	14.993	366.652	0.942	900.416
356.505	422.117	80.059	19.999	100.191	14.979	368.629	0.997	900.398
357.006	422.595	80.058	20.000	100.346	15.032	365.314	1.004	900.405
357.505	423.118	80.057	20.000	100.442	14.999	367.336	1.002	900.433
358.005	423.621	80.055	20.001	100.467	14.780	381.854	1.026	900.431
358.505	424.095	80.055	20.000	100.394	14.374	409.128	0.977	900.430
359.005	424.574	80.056	19.999	100.214	13.879	443.236	0.953	900.422
359.505	425.055	80.056	20.000	99.996	13.468	472.625	0.960	900.452
360.005	425.575	80.056	20.000	99.909	13.299	484.596	1.001	900.433
360.505	426.052	80.058	20.000	99.971	13.297	483.657	0.995	900.435
361.005	426.555	80.056	20.000	100.157	13.267	482.901	0.980	900.463
361.505	427.042	80.055	20.000	100.331	13.066	494.806	0.991	900.447
362.005	427.509	80.056	20.000	100.414	12.675	522.113	0.954	900.433
362.505	428.006	80.057	20.001	100.384	12.259	550.528	0.964	900.432
363.005	428.519	80.056	20.001	100.220	11.991	570.157	1.010	900.424
363.505	428.993	80.054	20.000	99.989	11.914	577.102	0.987	900.446
364.005	429.495	80.055	20.000	99.914	11.906	577.687	0.975	900.418
364.505	429.995	80.055	20.000	99.961	11.809	583.551	1.001	900.432
365.005	430.471	80.053	19.999	100.054	11.569	597.684	0.977	900.440
365.505	430.953	80.055	19.999	100.161	11.162	624.442	0.958	900.449
366.005	431.476	80.056	19.999	100.210	10.646	659.190	1.005	900.468
366.505	431.943	80.056	19.999	100.060	10.008	704.652	0.990	900.487
367.005	432.415	80.058	20.000	99.832	9.286	756.970	0.940	900.477
367.505	432.925	80.059	20.000	99.775	8.704	797.962	0.983	900.446
368.004	433.365	80.057	20.000	99.955	8.462	815.138	0.950	900.473
368.505	433.896	80.056	20.000	100.391	8.568	808.143	0.971	900.459
369.005	434.379	80.055	20.000	100.734	8.809	791.683	1.014	900.489
369.505	434.820	80.056	20.000	100.667	8.795	790.318	0.923	900.463
370.005	435.345	80.055	19.999	100.470	8.252	824.148	0.967	900.488
370.505	435.821	80.053	19.999	100.027	7.438	876.631	1.001	900.449
371.005	436.301	80.055	20.001	99.548	6.859	914.154	0.956	900.475
371.506	436.776	80.055	20.000	99.723	6.715	923.938	0.955	900.462
372.005	437.269	80.055	19.999	100.274	6.903	912.266	0.969	900.511
372.505	437.746	80.058	20.000	100.572	7.171	895.277	0.969	900.498
373.005	438.225	80.057	20.000	100.703	7.120	898.669	0.955	900.511
373.505	438.700	80.057	20.000	100.504	6.467	940.641	0.954	900.478
374.005	439.241	80.055	20.000	99.489	5.477	1004.289	1.016	900.503
374.505	439.690	80.054	19.999	98.648	4.726	1052.759	0.990	900.503
375.005	440.191	80.056	19.999	98.236	4.506	1067.496	0.950	900.521
375.505	440.676	80.056	19.999	98.107	4.673	1057.703	0.986	900.498
376.006	441.150	80.054	19.999	98.302	4.817	1049.188	0.959	900.511
376.506	441.614	80.055	19.999	98.831	4.544	1066.531	0.938	900.499
377.005	442.127	80.053	19.999	99.218	3.889	1107.347	0.978	900.495
377.505	442.614	80.052	19.999	99.350	3.285	1144.679	1.000	900.514
378.005	443.074	80.056	19.999	99.348	2.970	1164.139	0.947	900.501
378.505	443.559	80.056	19.999	99.149	2.883	1169.464	0.945	900.469
379.005	444.058	80.055	19.998	99.025	2.885	1169.452	0.984	900.468
379.505	444.530	80.053	19.998	98.954	2.913	1167.739	0.971	900.478
380.005	445.014	80.054	19.999	98.925	2.959	1164.879	0.956	900.536
380.506	445.501	80.057	19.999	98.960	3.014	1161.235	0.970	900.492
381.006	445.990	80.055	19.998	98.977	3.070	1157.484	0.977	900.505
381.505	446.478	80.054	19.998	98.770	3.133	1153.279	0.978	900.543
382.005	446.957	80.056	19.999	98.418	3.195	1149.184	0.967	900.499
382.505	447.458	80.054	19.999	98.067	3.269	1144.366	0.981	900.493
383.005	447.950	80.055	19.998	97.772	3.355	1138.878	0.994	900.533
383.505	448.430	80.057	19.999	97.618	3.465	1131.864	0.971	900.531
384.005	448.906	80.055	19.998	97.664	3.586	1124.117	0.955	900.536
384.505	449.432	80.054	19.998	97.812	3.720	1115.588	1.001	900.533
385.005	449.902	80.051	20.000	97.900	3.867	1106.164	0.996	900.533
385.505	450.436	80.050	19.999	97.888	4.040	1095.169	1.004	900.516
386.005	450.926	80.050	19.999	97.795	4.230	1083.113	1.023	900.524
386.505	451.416	80.051	19.998	97.709	4.450	1068.770	0.979	900.548
387.006	451.928	80.053	19.998	97.709	4.692	1052.812	1.002	900.526
387.506	452.402	80.055	19.998	97.813	4.954	1035.494	0.986	900.567
388.005	452.937	80.052	19.998	97.978	5.245	1016.256	1.009	900.543
388.505	453.442	80.053	19.997	98.151	5.557	995.431	1.041	900.547
389.005	453.905	80.055	19.998	98.296	5.892	972.747	0.968	900.538
389.505	454.421	80.055	19.998	98.401	6.251	948.582	0.979	900.534
390.005	454.929	80.054	19.997	98.479	6.632	923.001	1.025	900.556
390.505	455.430	80.053	19.999	98.542	7.031	896.132	1.008	900.555
391.006	455.942	80.051	19.998	98.597	7.447	868.001	1.013	900.551
391.506	456.436	80.052	19.997	98.651	7.870	839.181	1.007	900.579
392.005	456.953	80.053	19.998	98.714	8.315	808.916	1.011	900.558
392.505	457.451	80.055	19.997	98.796	8.777	777.586	1.015	900.551
393.006	457.994	80.056	19.998	98.850	9.259	744.575	1.040	900.566
393.506	458.494	80.054	19.998	98.890	9.755	710.417	1.043	900.577
394.006	459.025	80.055	19.997	99.077	10.250	676.044	1.032	900.546
394.505	459.496	80.054	19.998	99.313	10.748	641.152	1.001	900.569
395.006	460.013	80.052	19.998	99.537	11.248	605.861	0.987	900.560
395.506	460.548	80.055	19.997	99.790	11.738	570.948	1.053	900.561
396.006	461.059	80.054	19.999	100.086	12.228	535.998	1.047	900.565
396.506	461.558	80.055	19.999	100.289	12.710	501.374	1.011	900.595
397.006	462.105	80.055	19.999	100.501	13.184	467.008	1.046	900.591
397.505	462.608	80.054	19.999	100.721	13.646	433.443	1.050	900.576
398.005	463.151	80.056	19.998	100.918	14.094	400.656	1.046	900.592
398.505	463.668	80.053	19.998	101.098	14.531	368.216	1.060	900.622
399.006	464.181	80.052	19.998	101.243	14.953	336.798	1.029	900.625
399.506	464.719	80.057	19.997	101.335	15.356	306.989	1.051	900.623
400.006	465.255	80.057	19.998	101.449	15.743	278.458	1.075	900.584
400.505	465.790	80.055	19.999	101.612	16.115	250.904	1.071	900.619
401.005	466.284	80.054	19.998	101.766	16.462	225.214	1.029	900.611
401.505	466.791	80.052	19.998	101.913	16.794	201.034	1.001	900.597
402.006	467.321	80.055	19.998	102.074	17.106	178.089	1.037	900.586
402.506	467.838	80.055	19.998	102.242	17.392	156.626	1.048	900.594
403.005	468.358	80.051	19.998	102.419	17.664	136.345	1.038	900.606
403.505	468.851	80.053	19.999	102.594	17.911	118.202	1.012	900.629
404.006	469.411	80.052	19.999	102.765	18.137	101.912	1.052	900.618
404.506	469.877	80.051	19.999	102.920	18.344	87.440	1.025	900.597
405.006	470.401	80.053	19.999	103.048	18.532	74.576	0.989	900.621
405.506	470.940	80.053	19.998	103.186	18.706	62.968	1.063	900.609
406.006	471.422	80.052	19.998	103.393	18.863	52.481	1.022	900.652
406.506	471.961	80.052	19.997	103.569	19.004	43.226	1.022	900.603
407.006	472.451	80.052	19.998	103.680	19.131	35.055	1.029	900.618
407.506	472.975	80.052	19.999	103.769	19.244	28.061	1.014	900.615
408.005	473.487	80.054	19.998	103.824	19.346	22.049	1.037	900.627
408.505	473.997	80.051	19.998	103.832	19.435	17.266	1.022	900.609
409.005	474.480	80.055	19.997	103.874	19.515	13.357	0.992	900.650
409.505	474.989	80.055	19.997	103.961	19.588	10.028	0.991	900.613
410.005	475.515	80.055	19.997	104.041	19.652	7.216	1.035	900.651
410.506	476.034	80.057	19.997	104.078	19.711	4.589	1.045	900.672
411.006	476.518	80.057	19.997	104.071	19.763	2.311	1.003	900.646
411.506	477.013	80.057	19.998	104.027	19.808	-0.017	0.978	900.665
412.006	477.535	80.057	19.998	103.962	19.845	-2.025	1.016	900.680
412.506	478.030	80.056	19.998	103.882	19.883	-3.917	1.018	900.653
413.005	478.524	80.057	19.998	103.804	19.916	-4.664	0.990	900.659
413.505	479.033	80.057	19.998	103.724	19.945	-4.666	1.003	900.670
414.006	479.532	80.056	19.998	103.637	19.968	-4.160	1.008	900.654
414.506	480.019	80.058	19.998	103.546	19.992	-3.689	0.986	900.664
415.006	480.524	80.058	19.998	103.445	20.014	-2.960	0.992	900.647
415.506	481.008	80.059	19.999	103.333	20.033	-2.303	0.989	900.654
416.005	481.519	80.061	19.998	103.189	20.049	-2.172	0.995	900.666
416.506	481.999	80.058	19.999	103.030	20.061	-2.256	0.990	900.663
417.006	482.504	80.056	19.999	102.870	20.075	-2.758	0.985	900.688
417.505	483.009	80.055	19.998	102.725	20.090	-3.179	1.010	900.686
418.006	483.525	80.055	19.998	102.602	20.098	-2.998	1.021	900.665
418.506	483.992	80.058	19.999	102.516	20.114	-3.325	0.984	900.688
419.005	484.483	80.057	19.998	102.462	20.120	-2.957	0.958	900.691
419.506	484.989	80.058	19.998	102.422	20.132	-2.882	0.996	900.674
420.006	485.493	80.057	19.998	102.355	20.137	-2.217	1.010	900.662
420.506	486.001	80.058	19.998	102.217	20.147	-2.015	1.012	900.653
421.006	486.470	80.059	19.999	102.037	20.149	-1.443	0.978	900.674
421.505	486.968	80.060	19.998	101.842	20.158	-1.504	0.967	900.719
422.006	487.515	80.059	19.998	101.646	20.164	-1.497	1.044	900.703
422.506	487.967	80.057	19.998	101.479	20.168	-1.462	0.999	900.700
423.006	488.497	80.055	19.997	101.377	20.171	-1.403	0.983	900.669
423.506	489.006	80.057	19.998	101.313	20.177	-1.585	1.039	900.710
424.006	489.478	80.059	19.998	101.264	20.184	-1.876	0.979	900.713
424.507	489.980	80.058	19.998	101.220	20.188	-2.051	0.973	900.696
425.006	490.481	80.059	19.998	101.171	20.192	-2.110	1.005	900.708
425.506	491.009	80.060	19.997	101.120	20.195	-2.114	1.029	900.710
426.006	491.477	80.059	19.998	101.064	20.198	-1.999	0.996	900.708
426.506	491.974	80.061	19.998	100.991	20.200	-1.795	0.965	900.754
427.006	492.467	80.058	19.999	100.909	20.205	-1.782	0.990	900.700
427.506	492.996	80.057	19.999	100.832	20.207	-1.592	1.022	900.707
428.006	493.461	80.057	19.999	100.770	20.208	-1.213	0.994	900.714
428.506	494.000	80.055	19.998	100.723	20.211	-1.144	1.003	900.726
429.006	494.479	80.057	19.998	100.689	20.215	-1.217	1.018	900.755
429.506	494.991	80.057	19.999	100.662	20.217	-1.146	0.991	900.742
430.006	495.483	80.056	19.999	100.642	20.217	-0.973	1.003	900.754
430.506	495.992	80.059	19.999	100.622	20.218	-0.846	1.001	900.736
431.006	496.430	80.058	19.999	100.606	20.219	-0.786	0.948	900.727
431.506	496.967	80.057	19.998	100.594	20.221	-0.777	0.974	900.715
432.006	497.487	80.063	19.998	100.584	20.226	-1.001	1.057	900.731
432.506	497.955	80.060	19.998	100.571	20.225	-0.929	0.988	900.723
433.006	498.455	80.059	19.997	100.550	20.228	-1.127	0.968	900.745
433.506	498.969	80.058	19.998	100.525	20.232	-1.396	1.014	900.757
434.006	499.440	80.057	19.997	100.497	20.229	-1.184	0.985	900.768
434.506	499.956	80.059	19.997	100.466	20.236	-1.630	0.987	900.709
435.006	500.443	80.059	19.998	100.437	20.236	-1.583	1.002	900.740
435.506	500.929	80.058	19.999	100.411	20.237	-1.549	0.973	900.753
436.006	501.441	80.059	19.998	100.392	20.242	-1.872	0.998	900.756
436.506	501.942	80.058	19.998	100.379	20.244	-1.954	1.013	900.741
437.006	502.450	80.056	19.998	100.363	20.244	-2.004	1.009	900.754
437.506	502.934	80.058	19.998	100.346	20.250	-2.321	0.992	900.761
438.007	503.429	80.056	19.999	100.337	20.251	-2.389	0.979	900.762
438.506	503.908	80.057	19.998	100.327	20.253	-2.526	0.974	900.786
439.006	504.463	80.057	19.999	100.314	20.258	-2.823	1.035	900.771
439.506	504.933	80.057	19.999	100.309	20.261	-3.028	1.025	900.776
440.006	505.436	80.059	19.999	100.312	20.260	-2.944	0.973	900.769
440.506	505.932	80.058	20.001	100.311	20.261	-3.098	0.999	900.782
441.006	506.445	80.058	20.000	100.311	20.265	-3.430	1.009	900.814
441.506	506.925	80.060	20.000	100.309	20.265	-3.386	0.993	900.779
442.006	507.427	80.058	20.000	100.307	20.268	-3.521	0.981	900.807
442.506	507.915	80.059	19.999	100.296	20.267	-3.348	0.990	900.761
443.006	508.438	80.060	19.999	100.290	20.267	-3.298	1.011	900.775
443.506	508.898	80.059	19.999	100.289	20.269	-3.349	0.983	900.807
444.006	509.438	80.059	19.998	100.289	20.271	-3.459	1.000	900.793
444.506	509.922	80.056	19.999	100.288	20.268	-3.187	1.024	900.808
445.006	510.385	80.055	19.998	100.287	20.269	-3.239	0.947	900.758
445.506	510.916	80.057	19.998	100.283	20.271	-3.343	0.994	900.788
446.006	511.408	80.056	19.999	100.280	20.271	-3.376	1.023	900.779
446.506	511.902	80.059	20.000	100.277	20.269	-3.271	0.986	900.767
447.006	512.411	80.059	19.999	100.275	20.270	-3.344	1.003	900.795
447.506	512.899	80.058	19.999	100.280	20.272	-3.459	0.997	900.796
448.006	513.410	80.060	19.998	100.283	20.274	-3.617	0.999	900.800
448.506	513.936	80.061	19.998	100.283	20.273	-3.459	1.037	900.762
449.006	514.428	80.058	19.998	100.282	20.271	-3.361	1.019	900.781
449.506	514.900	80.056	19.997	100.276	20.272	-3.337	0.965	900.795
450.006	515.398	80.056	19.998	100.268	20.275	-3.487	0.970	900.786
450.506	515.921	80.057	19.998	100.261	20.276	-3.547	1.020	900.809
451.006	516.410	80.060	19.997	100.253	20.275	-3.522	1.012	900.814
451.506	516.904	80.056	19.998	100.251	20.273	-3.393	0.983	900.800
452.007	517.400	80.056	19.998	100.249	20.277	-3.733	0.990	900.779
452.506	517.904	80.057	19.998	100.249	20.274	-3.524	1.001	900.813
453.006	518.400	80.056	19.998	100.250	20.276	-3.602	1.000	900.842
453.506	518.895	80.059	19.997	100.249	20.280	-3.767	0.990	900.800
454.007	519.407	80.059	19.998	100.250	20.277	-3.574	1.008	900.824
454.506	519.893	80.057	19.999	100.251	20.278	-3.667	0.999	900.800
455.006	520.380	80.056	19.998	100.255	20.278	-3.638	0.973	900.802
455.506	520.886	80.056	19.999	100.252	20.279	-3.644	0.993	900.842
456.006	521.414	80.058	19.999	100.248	20.277	-3.496	1.034	900.807
456.506	521.908	80.059	19.999	100.243	20.279	-3.682	1.022	900.798
457.006	522.407	80.058	20.000	100.237	20.275	-3.322	0.992	900.829
457.506	522.895	80.059	19.999	100.234	20.278	-3.457	0.986	900.819
458.007	523.390	80.060	19.998	100.240	20.275	-3.186	0.983	900.847
458.506	523.908	80.059	19.998	100.244	20.276	-3.231	1.014	900.803
459.006	524.403	80.060	19.997	100.244	20.277	-3.260	1.013	900.865
459.506	524.898	80.061	19.997	100.245	20.278	-3.231	0.988	900.802
460.007	525.407	80.060	19.998	100.244	20.279	-3.333	1.004	900.829
460.506	525.873	80.056	19.997	100.237	20.279	-3.425	0.976	900.828
461.006	526.399	80.057	19.999	100.231	20.277	-3.272	0.992	900.815
461.506	526.926	80.060	19.999	100.231	20.276	-3.265	1.053	900.861
462.006	527.402	80.061	19.998	100.233	20.276	-3.332	1.003	900.835
462.506	527.873	80.059	19.998	100.230	20.280	-3.759	0.947	900.861
463.006	528.399	80.060	19.998	100.230	20.278	-3.679	0.998	900.826
463.506	528.922	80.059	19.998	100.233	20.278	-3.581	1.049	900.840
464.006	529.436	80.059	19.998	100.228	20.281	-3.800	1.037	900.828
464.506	529.931	80.061	19.998	100.219	20.282	-3.728	1.008	900.866
465.007	530.422	80.061	19.999	100.217	20.281	-3.631	0.986	900.881
465.506	530.934	80.060	19.999	100.214	20.285	-3.713	1.003	900.856
466.006	531.436	80.060	19.999	100.211	20.284	-3.486	1.014	900.842
466.506	531.921	80.057	19.999	100.206	20.284	-3.451	0.987	900.868
467.006	532.388	80.058	19.999	100.206	20.285	-3.608	0.952	900.850
467.507	532.900	80.058	19.999	100.205	20.287	-3.781	0.979	900.860
468.007	533.388	80.059	19.999	100.208	20.283	-3.583	1.000	900.875
468.507	533.879	80.060	20.000	100.211	20.283	-3.716	0.979	900.863
469.006	534.378	80.058	19.999	100.220	20.282	-3.663	0.991	900.860
469.506	534.877	80.058	19.999	100.224	20.281	-3.642	0.998	900.875
470.006	535.388	80.060	19.998	100.234	20.281	-3.618	1.009	900.872
470.506	535.893	80.061	19.998	100.234	20.281	-3.660	1.016	900.892
471.006	536.401	80.060	19.998	100.233	20.281	-3.611	1.013	900.895
471.507	536.884	80.058	19.997	100.226	20.283	-3.729	0.990	900.882
472.007	537.384	80.057	19.998	100.219	20.283	-3.753	0.983	900.853
472.507	537.895	80.058	19.998	100.206	20.283	-3.686	1.012	900.898
473.006	538.407	80.057	19.998	100.192	20.284	-3.711	1.023	900.870
473.506	538.889	80.058	19.999	100.186	20.285	-3.731	0.994	900.867
474.006	539.371	80.060	20.000	100.186	20.283	-3.657	0.964	900.901
474.506	539.868	80.058	20.000	100.194	20.285	-3.799	0.979	900.886
475.006	540.377	80.060	19.999	100.199	20.285	-3.775	1.007	900.869
475.506	540.873	80.061	19.998	100.209	20.287	-3.931	1.006	900.870
476.006	541.358	80.059	19.998	100.215	20.287	-3.946	0.980	900.891
476.506	541.866	80.059	19.999	100.217	20.283	-3.794	0.992	900.868
477.006	542.373	80.058	19.998	100.213	20.287	-3.995	1.015	900.897
477.506	542.899	80.058	19.998	100.214	20.287	-3.953	1.034	900.876
478.006	543.376	80.060	19.999	100.218	20.285	-3.830	1.003	900.882
478.506	543.857	80.058	19.999	100.214	20.286	-3.875	0.958	900.883
479.006	544.406	80.058	19.999	100.213	0.000	0.000	1.030	900.898
479.506	544.892	80.058	20.000	100.215	0.000	0.000	1.035	900.884
480.006	545.394	80.055	19.999	100.211	0.000	0.000	0.988	900.901
480.506	545.871	80.056	20.000	100.205	0.000	0.000	0.979	900.914
481.006	546.379	80.058	20.000	100.202	0.000	0.000	0.985	900.886
481.506	546.855	80.057	19.999	100.206	0.000	0.000	0.984	900.890
482.006	547.402	80.056	20.001	100.207	0.000	0.000	1.022	900.892
482.506	547.900	80.056	19.999	100.206	0.000	0.000	1.045	900.909
483.006	548.394	80.057	20.000	100.209	0.000	0.000	0.992	900.904
483.506	548.888	80.057	20.000	100.214	0.000	0.000	0.988	900.897
484.006	549.375	80.055	19.999	100.213	0.000	0.000	0.982	900.908
484.506	549.897	80.055	19.999	100.212	0.000	0.000	1.010	900.871
485.006	550.388	80.057	20.001	100.213	0.000	0.000	1.012	900.905
485.506	550.894	80.057	20.000	100.209	0.000	0.000	0.997	900.926
486.007	551.377	80.058	20.000	100.205	0.000	0.000	0.988	900.903
486.507	551.889	80.057	19.999	100.195	0.000	0.000	0.995	900.916
487.007	552.399	80.056	19.999	100.194	0.000	0.000	1.023	900.911
487.506	552.901	80.055	19.999	100.193	0.000	0.000	1.011	900.936
488.007	553.380	80.055	19.999	100.196	0.000	0.000	0.981	900.917
488.507	553.875	80.057	19.999	100.200	0.000	0.000	0.975	900.934
