File Name:	PMMA_CN_10mm_60Kmin_8mg_R1.txt	Version: 8.3.7.3						
Date:	02 Aug 2024
Operator:	KH
Test ID:	PMMA_CN_10mm_8mg_60K_R1
Sample ID:	PMMA_10mm_8mg_R1
Sample Mass (mg):	8.0800
Sample Cup Mass (mg):	184.4500
End Total Mass (mg):	0.0400
Heating Rate (C/s):	1.0000
Combuster Temperature (C):	900.0
N2 Flow Rate (cc/min):	80.0
O2 Flow Rate (cc/min):	20.0
Calibration File:	Coeff.txt
T Correction Coefficients:	0.308738730	0.013615500	0.000000000
Time Shift (s):	10.0
Pre-Test Comments:
Post-Test Comments:
Baseline Flow:	99.973
Baseline O2:	20.368
Instrument ID:	2700
@
Time (s)	Temperature (C)	N2 Flow (cc/min)	O2 Flow (cc/min)	Total Flow (cc/min)	Oxygen (%)	HRR (W/g)	Heating Rate (C/s)	Combustor Temp (C)
0.000	74.855	80.057	19.996	99.973	20.313	-3.682	-0.035	899.123
0.499	74.864	80.055	19.997	99.984	20.294	-3.002	-0.011	899.102
0.999	74.864	80.055	19.997	99.996	20.270	-2.170	0.009	899.110
1.499	74.825	80.057	19.996	100.019	20.254	-1.567	-0.039	899.118
1.999	74.856	80.057	19.996	100.083	20.237	-0.933	-0.008	899.107
2.500	74.866	80.057	19.996	100.177	20.223	-0.413	0.041	899.097
2.999	74.913	80.056	19.997	100.288	20.218	-0.181	0.057	899.107
3.499	74.929	80.056	19.997	100.402	20.211	0.101	0.063	899.082
3.999	74.977	80.057	19.997	100.500	20.206	0.364	0.064	899.088
4.499	75.026	80.056	19.996	100.560	20.202	0.462	0.097	899.123
5.000	75.068	80.056	19.996	100.589	20.197	0.426	0.090	899.092
5.500	75.147	80.055	19.996	100.602	20.197	-0.077	0.121	899.122
5.999	75.219	80.055	19.996	100.612	20.197	-0.956	0.151	899.117
6.499	75.325	80.056	19.997	100.624	20.199	-2.104	0.178	899.109
6.999	75.413	80.056	19.997	100.636	20.197	-3.215	0.194	899.121
7.500	75.484	80.056	19.997	100.647	20.198	-4.415	0.159	899.099
7.999	75.553	80.055	19.997	100.661	20.199	-5.426	0.140	899.105
8.499	75.695	80.052	19.997	100.672	20.199	-5.959	0.210	899.072
9.000	75.785	80.055	19.998	100.672	20.201	-6.200	0.231	899.100
9.500	75.932	80.056	19.997	100.670	20.200	-6.055	0.238	899.136
9.999	76.080	80.055	19.997	100.670	20.194	-5.558	0.295	899.121
10.499	76.203	80.057	19.998	100.663	20.182	-4.740	0.271	899.117
10.999	76.320	80.055	19.997	100.658	20.157	-3.424	0.240	899.121
11.499	76.459	80.055	19.998	100.658	20.126	-1.958	0.256	899.084
11.999	76.618	80.056	19.998	100.664	20.098	-0.608	0.298	899.095
12.500	76.805	80.053	19.997	100.697	20.069	0.806	0.345	899.113
13.000	76.991	80.054	19.997	100.784	20.050	1.854	0.373	899.099
13.500	77.226	80.055	19.997	100.927	20.036	2.644	0.421	899.104
14.000	77.457	80.054	19.997	101.110	20.034	2.949	0.466	899.104
14.500	77.679	80.057	19.998	101.300	20.030	3.354	0.454	899.111
15.000	77.960	80.056	19.997	101.465	20.031	3.508	0.503	899.120
15.499	78.222	80.056	19.997	101.569	20.037	3.476	0.542	899.104
15.999	78.517	80.056	19.997	101.604	20.043	3.450	0.557	899.093
16.499	78.823	80.055	19.997	101.592	20.047	3.470	0.601	899.113
16.999	79.127	80.056	19.997	101.559	20.058	3.217	0.610	899.101
17.500	79.508	80.059	19.998	101.513	20.062	3.222	0.685	899.132
18.000	79.834	80.058	19.998	101.465	20.070	3.138	0.707	899.124
18.500	80.238	80.057	19.998	101.422	20.078	3.049	0.730	899.115
19.000	80.574	80.057	19.997	101.382	20.084	3.040	0.740	899.130
19.500	80.962	80.056	19.997	101.343	20.092	2.934	0.724	899.109
20.000	81.347	80.056	19.998	101.303	20.096	2.966	0.773	899.122
20.500	81.766	80.055	19.997	101.267	20.101	2.883	0.805	899.143
21.000	82.170	80.053	19.996	101.229	20.110	2.664	0.823	899.118
21.500	82.593	80.056	19.997	101.197	20.112	2.699	0.827	899.130
21.999	82.989	80.055	19.997	101.164	20.120	2.484	0.820	899.133
22.499	83.455	80.057	19.997	101.138	20.127	2.340	0.863	899.107
22.999	83.879	80.058	19.998	101.111	20.129	2.390	0.889	899.128
23.499	84.329	80.056	19.997	101.089	20.134	2.378	0.873	899.148
23.999	84.790	80.057	19.997	101.062	20.141	2.225	0.911	899.128
24.500	85.239	80.057	19.996	101.037	20.143	2.283	0.910	899.161
25.000	85.701	80.057	19.997	101.010	20.152	2.007	0.911	899.155
25.500	86.125	80.056	19.997	100.986	20.154	1.966	0.885	899.163
26.000	86.600	80.054	19.996	100.954	20.155	1.959	0.899	899.133
26.500	87.078	80.054	19.995	100.920	20.159	1.871	0.954	899.139
26.999	87.564	80.055	19.997	100.888	20.163	1.812	0.964	899.123
27.500	88.071	80.054	19.997	100.866	20.166	1.814	0.992	899.129
28.000	88.555	80.054	19.997	100.851	20.170	1.699	0.991	899.145
28.500	89.046	80.056	19.998	100.843	20.173	1.665	0.975	899.120
29.000	89.522	80.055	19.998	100.834	20.178	1.545	0.967	899.135
29.500	90.015	80.055	19.997	100.819	20.176	1.662	0.969	899.134
30.000	90.481	80.053	19.996	100.794	20.182	1.475	0.959	899.133
30.500	90.991	80.055	19.996	100.766	20.182	1.447	0.976	899.114
31.000	91.502	80.055	19.997	100.744	20.184	1.328	1.021	899.115
31.500	92.032	80.053	19.997	100.730	20.183	1.390	1.041	899.126
31.999	92.511	80.055	19.996	100.720	20.192	1.133	1.009	899.147
32.499	93.041	80.057	19.996	100.714	20.191	1.189	1.009	899.127
33.000	93.560	80.054	19.997	100.708	20.196	1.037	1.049	899.151
33.500	94.072	80.056	19.997	100.700	20.197	1.040	1.030	899.141
34.000	94.544	80.057	19.997	100.689	20.197	1.096	0.984	899.148
34.500	95.091	80.055	19.997	100.677	20.202	0.979	1.019	899.142
35.000	95.585	80.052	19.997	100.663	20.204	0.948	1.041	899.139
35.500	96.127	80.052	19.997	100.652	20.201	1.094	1.036	899.156
36.000	96.643	80.052	19.997	100.643	20.204	1.028	1.058	899.150
36.500	97.156	80.053	19.997	100.637	20.204	1.106	1.029	899.156
37.000	97.709	80.053	19.996	100.632	20.208	0.962	1.067	899.125
37.499	98.200	80.056	19.995	100.632	20.207	0.993	1.044	899.144
38.000	98.718	80.057	19.997	100.634	20.212	0.817	1.008	899.133
38.500	99.263	80.055	19.998	100.636	20.212	0.814	1.061	899.120
39.001	99.797	80.058	19.996	100.633	20.212	0.824	1.079	899.137
39.500	100.332	80.057	19.997	100.625	20.214	0.747	1.071	899.108
39.999	100.847	80.056	19.998	100.619	20.213	0.781	1.050	899.183
40.500	101.347	80.055	19.997	100.609	20.216	0.775	1.015	899.123
40.999	101.925	80.056	19.996	100.600	20.215	0.879	1.078	899.111
41.500	102.447	80.055	19.997	100.596	20.217	0.820	1.099	899.160
42.000	102.969	80.055	19.997	100.592	20.219	0.838	1.044	899.131
42.500	103.489	80.054	19.997	100.583	20.223	0.749	1.042	899.136
43.000	104.025	80.056	19.995	100.575	20.220	0.854	1.056	899.128
43.500	104.565	80.056	19.997	100.566	20.220	0.879	1.077	899.151
43.999	105.065	80.054	19.997	100.558	20.221	0.811	1.040	899.162
44.500	105.602	80.057	19.997	100.557	20.222	0.804	1.037	899.148
45.000	106.145	80.058	19.997	100.563	20.223	0.757	1.080	899.148
45.500	106.652	80.058	19.998	100.564	20.225	0.690	1.050	899.148
46.000	107.240	80.056	19.997	100.560	20.225	0.687	1.095	899.137
46.500	107.740	80.055	19.997	100.560	20.230	0.541	1.088	899.135
47.000	108.309	80.055	19.996	100.559	20.228	0.675	1.069	899.134
47.500	108.813	80.055	19.997	100.552	20.227	0.705	1.073	899.139
48.000	109.361	80.054	19.997	100.544	20.226	0.775	1.052	899.150
48.500	109.868	80.054	19.996	100.536	20.228	0.732	1.055	899.151
49.000	110.416	80.054	19.996	100.527	20.228	0.812	1.056	899.132
49.500	110.958	80.054	19.998	100.515	20.229	0.792	1.091	899.143
49.999	111.488	80.058	19.997	100.505	20.231	0.739	1.071	899.153
50.500	112.039	80.058	19.997	100.508	20.232	0.706	1.080	899.152
51.000	112.553	80.057	19.997	100.512	20.230	0.762	1.065	899.164
51.500	113.111	80.056	19.997	100.511	20.233	0.648	1.072	899.176
52.000	113.637	80.055	19.997	100.509	20.232	0.646	1.083	899.153
52.501	114.195	80.058	19.997	100.509	20.236	0.521	1.084	899.150
53.001	114.715	80.058	19.996	100.505	20.234	0.574	1.079	899.140
53.500	115.239	80.054	19.997	100.506	20.235	0.520	1.044	899.157
54.000	115.765	80.057	19.997	100.502	20.235	0.544	1.050	899.174
54.500	116.304	80.057	19.997	100.497	20.232	0.662	1.065	899.166
55.000	116.845	80.055	19.997	100.494	20.232	0.685	1.079	899.174
55.500	117.395	80.059	19.996	100.484	20.235	0.595	1.091	899.156
56.000	117.929	80.058	19.997	100.477	20.232	0.681	1.085	899.169
56.500	118.453	80.057	19.998	100.474	20.234	0.603	1.058	899.140
57.000	118.974	80.056	19.998	100.474	20.236	0.569	1.044	899.152
57.500	119.506	80.054	19.997	100.467	20.237	0.562	1.053	899.173
58.000	120.047	80.058	19.996	100.468	20.229	0.899	1.073	899.152
58.501	120.545	80.058	19.996	100.467	20.228	0.944	1.038	899.167
59.000	121.129	80.058	19.998	100.472	20.230	0.953	1.082	899.142
59.500	121.644	80.060	19.997	100.478	20.228	1.055	1.100	899.178
60.000	122.180	80.059	19.996	100.480	20.233	0.893	1.051	899.178
60.500	122.709	80.060	19.997	100.480	20.229	1.005	1.065	899.188
61.000	123.227	80.061	19.997	100.478	20.231	0.938	1.047	899.173
61.500	123.774	80.059	19.997	100.475	20.230	0.967	1.065	899.156
62.000	124.310	80.057	19.998	100.470	20.232	0.845	1.083	899.158
62.500	124.867	80.057	19.997	100.471	20.230	0.918	1.093	899.166
63.000	125.388	80.060	19.997	100.469	20.229	0.988	1.078	899.218
63.500	125.884	80.061	19.997	100.471	20.232	0.882	1.016	899.172
64.001	126.462	80.059	19.996	100.471	20.230	0.959	1.074	899.175
64.500	126.947	80.060	19.997	100.469	20.233	0.878	1.064	899.164
65.000	127.498	80.057	19.997	100.463	20.232	0.942	1.036	899.158
65.500	128.021	80.055	19.997	100.459	20.227	1.113	1.073	899.187
66.000	128.533	80.055	19.998	100.452	20.226	1.116	1.035	899.150
66.500	129.062	80.056	19.997	100.442	20.226	1.134	1.041	899.166
67.000	129.586	80.057	19.997	100.437	20.226	1.153	1.053	899.180
67.500	130.137	80.057	19.998	100.439	20.222	1.298	1.075	899.182
68.001	130.661	80.055	19.998	100.442	20.223	1.275	1.074	899.192
68.500	131.180	80.056	19.996	100.444	20.222	1.344	1.044	899.173
69.000	131.712	80.060	19.997	100.451	20.223	1.321	1.052	899.190
69.500	132.227	80.057	19.997	100.455	20.217	1.569	1.046	899.157
70.000	132.758	80.058	19.997	100.454	20.219	1.482	1.045	899.176
70.501	133.278	80.058	19.997	100.446	20.216	1.605	1.050	899.171
71.001	133.818	80.057	19.996	100.444	20.217	1.548	1.061	899.197
71.500	134.360	80.058	19.997	100.444	20.213	1.743	1.083	899.165
72.000	134.900	80.059	19.997	100.438	20.216	1.683	1.082	899.207
72.500	135.354	80.056	19.997	100.438	20.212	1.827	0.994	899.193
73.001	135.908	80.056	19.997	100.444	20.213	1.842	1.008	899.193
73.501	136.439	80.057	19.997	100.443	20.209	2.030	1.086	899.177
74.000	136.968	80.057	19.996	100.439	20.207	2.118	1.060	899.181
74.501	137.479	80.058	19.996	100.442	20.204	2.170	1.040	899.183
75.000	138.007	80.055	19.995	100.439	20.199	2.353	1.040	899.162
75.500	138.508	80.057	19.996	100.432	20.200	2.289	1.029	899.189
76.000	139.062	80.057	19.996	100.432	20.198	2.353	1.054	899.183
76.501	139.597	80.056	19.995	100.433	20.198	2.387	1.088	899.209
77.001	140.105	80.061	19.996	100.430	20.197	2.417	1.044	899.189
77.500	140.623	80.062	19.998	100.430	20.197	2.445	1.027	899.220
78.000	141.162	80.061	19.996	100.434	20.197	2.484	1.057	899.196
78.500	141.683	80.058	19.997	100.430	20.195	2.563	1.059	899.207
79.001	142.188	80.057	19.998	100.422	20.194	2.610	1.025	899.204
79.501	142.707	80.059	19.996	100.420	20.193	2.607	1.024	899.198
80.000	143.228	80.058	19.996	100.416	20.193	2.624	1.039	899.198
80.501	143.746	80.056	19.996	100.408	20.191	2.733	1.038	899.222
81.001	144.279	80.057	19.996	100.406	20.188	2.908	1.052	899.193
81.500	144.804	80.057	19.997	100.410	20.189	2.877	1.059	899.217
82.000	145.300	80.058	19.997	100.413	20.186	3.078	1.021	899.185
82.500	145.850	80.061	19.997	100.418	20.183	3.279	1.045	899.196
83.001	146.364	80.061	19.998	100.424	20.183	3.312	1.064	899.206
83.500	146.871	80.060	19.996	100.423	20.184	3.295	1.023	899.228
84.000	147.400	80.059	19.997	100.417	20.183	3.303	1.036	899.218
84.500	147.900	80.058	19.997	100.414	20.181	3.377	1.028	899.192
85.001	148.410	80.061	19.997	100.411	20.183	3.265	1.008	899.202
85.501	148.920	80.059	19.996	100.409	20.182	3.286	1.020	899.212
86.001	149.437	80.059	19.996	100.410	20.179	3.368	1.028	899.196
86.501	149.968	80.057	19.996	100.413	20.179	3.369	1.048	899.195
87.000	150.512	80.056	19.997	100.413	20.175	3.560	1.076	899.228
87.500	150.993	80.056	19.995	100.408	20.179	3.399	1.025	899.221
88.001	151.525	80.056	19.996	100.404	20.175	3.569	1.012	899.205
88.501	152.068	80.058	19.996	100.399	20.175	3.557	1.075	899.230
89.000	152.576	80.056	19.996	100.392	20.172	3.655	1.052	899.216
89.500	153.128	80.055	19.996	100.382	20.173	3.606	1.058	899.236
90.001	153.584	80.056	19.997	100.371	20.171	3.667	1.008	899.200
90.501	154.133	80.058	19.996	100.366	20.172	3.633	1.005	899.251
91.001	154.659	80.058	19.997	100.365	20.172	3.605	1.074	899.209
91.501	155.179	80.057	19.997	100.367	20.173	3.571	1.047	899.251
92.001	155.636	80.058	19.996	100.371	20.168	3.778	0.978	899.200
92.500	156.190	80.055	19.997	100.380	20.167	3.819	1.011	899.244
93.000	156.700	80.058	19.997	100.383	20.162	4.056	1.065	899.236
93.500	157.208	80.058	19.997	100.381	20.162	4.085	1.017	899.256
94.000	157.747	80.057	19.998	100.378	20.165	3.997	1.047	899.242
94.501	158.234	80.057	19.997	100.376	20.161	4.185	1.026	899.268
95.001	158.762	80.055	19.997	100.375	20.158	4.311	1.015	899.298
95.500	159.270	80.056	19.997	100.374	20.156	4.386	1.037	899.273
96.000	159.798	80.059	19.997	100.378	20.156	4.390	1.035	899.261
96.501	160.273	80.058	19.997	100.379	20.154	4.472	1.002	899.256
97.001	160.811	80.059	19.997	100.384	20.155	4.439	1.013	899.271
97.501	161.320	80.059	19.996	100.385	20.153	4.481	1.047	899.264
98.001	161.847	80.059	19.997	100.387	20.153	4.509	1.036	899.288
98.501	162.332	80.059	19.997	100.387	20.152	4.550	1.011	899.302
99.001	162.867	80.061	19.996	100.388	20.150	4.643	1.020	899.288
99.501	163.387	80.058	19.997	100.385	20.149	4.692	1.056	899.268
100.000	163.843	80.059	19.997	100.382	20.146	4.804	0.976	899.282
100.501	164.376	80.058	19.998	100.377	20.149	4.742	0.988	899.291
101.001	164.912	80.056	19.998	100.370	20.142	4.999	1.069	899.297
101.501	165.435	80.058	19.997	100.366	20.140	5.043	1.060	899.272
102.001	165.933	80.056	19.996	100.363	20.138	5.068	1.021	899.297
102.500	166.455	80.054	19.995	100.363	20.139	5.024	1.020	899.267
103.001	166.957	80.055	19.995	100.365	20.137	5.128	1.024	899.259
103.501	167.450	80.055	19.996	100.364	20.139	5.095	0.996	899.269
104.000	167.983	80.057	19.996	100.364	20.136	5.213	1.025	899.280
104.501	168.485	80.059	19.996	100.363	20.136	5.229	1.034	899.275
105.001	169.009	80.059	19.997	100.365	20.133	5.343	1.027	899.304
105.500	169.496	80.056	19.997	100.364	20.134	5.311	1.011	899.307
106.001	169.978	80.055	19.996	100.364	20.131	5.411	0.969	899.289
106.501	170.507	80.054	19.997	100.360	20.127	5.538	1.010	899.278
107.001	171.042	80.054	19.997	100.356	20.126	5.601	1.063	899.289
107.501	171.540	80.053	19.997	100.352	20.120	5.866	1.033	899.277
108.001	172.074	80.056	19.996	100.350	20.122	5.792	1.033	899.329
108.501	172.561	80.056	19.996	100.351	20.120	5.872	1.021	899.297
109.000	173.103	80.056	19.997	100.360	20.122	5.775	1.030	899.276
109.500	173.587	80.058	19.996	100.367	20.120	5.889	1.026	899.278
110.000	174.108	80.058	19.996	100.365	20.116	6.039	1.004	899.299
110.501	174.639	80.058	19.996	100.363	20.115	6.081	1.052	899.318
111.001	175.140	80.057	19.996	100.356	20.115	6.096	1.032	899.291
111.501	175.644	80.056	19.996	100.352	20.113	6.204	1.005	899.299
112.001	176.140	80.057	19.997	100.349	20.111	6.250	1.000	899.311
112.501	176.659	80.056	19.997	100.351	20.109	6.356	1.015	899.284
113.001	177.162	80.057	19.997	100.354	20.107	6.420	1.022	899.313
113.501	177.675	80.058	19.996	100.360	20.106	6.449	1.016	899.294
114.001	178.173	80.056	19.996	100.360	20.102	6.618	1.010	899.332
114.501	178.717	80.057	19.996	100.354	20.106	6.424	1.041	899.307
115.001	179.254	80.060	19.996	100.350	20.104	6.490	1.081	899.317
115.501	179.725	80.058	19.996	100.351	20.104	6.458	1.009	899.298
116.001	180.219	80.058	19.997	100.350	20.101	6.593	0.964	899.317
116.502	180.722	80.057	19.998	100.348	20.099	6.679	0.997	899.320
117.002	181.287	80.057	19.997	100.348	20.099	6.653	1.068	899.307
117.501	181.780	80.058	19.998	100.349	20.097	6.727	1.059	899.314
118.001	182.256	80.056	19.997	100.347	20.093	6.864	0.969	899.314
118.502	182.804	80.056	19.999	100.344	20.094	6.835	1.023	899.325
119.001	183.312	80.057	19.998	100.341	20.091	6.950	1.057	899.339
119.501	183.804	80.057	19.998	100.343	20.090	7.011	1.001	899.351
120.001	184.304	80.057	19.998	100.340	20.090	7.074	0.992	899.327
120.501	184.840	80.060	19.999	100.339	20.086	7.311	1.036	899.344
121.001	185.314	80.059	19.997	100.343	20.087	7.363	1.011	899.338
121.501	185.841	80.058	19.997	100.345	20.087	7.377	1.001	899.358
122.002	186.377	80.058	19.997	100.348	20.084	7.538	1.062	899.343
122.502	186.827	80.056	19.997	100.351	20.085	7.492	0.986	899.319
123.001	187.364	80.058	19.998	100.353	20.082	7.573	0.988	899.329
123.500	187.876	80.057	19.999	100.351	20.081	7.560	1.049	899.336
124.001	188.375	80.057	19.998	100.350	20.077	7.690	1.010	899.322
124.502	188.919	80.059	19.999	100.350	20.079	7.597	1.044	899.368
125.001	189.418	80.056	19.998	100.353	20.075	7.737	1.043	899.380
125.501	189.955	80.058	19.999	100.355	20.079	7.589	1.035	899.354
126.001	190.460	80.058	19.999	100.355	20.077	7.656	1.043	899.399
126.501	190.948	80.058	19.997	100.354	20.078	7.654	0.994	899.392
127.001	191.460	80.058	19.997	100.347	20.078	7.687	1.000	899.368
127.501	191.973	80.056	19.999	100.336	20.078	7.722	1.025	899.359
128.001	192.489	80.054	19.998	100.323	20.074	7.857	1.029	899.363
128.501	192.988	80.057	19.999	100.313	20.077	7.804	1.015	899.381
129.001	193.472	80.056	19.998	100.308	20.073	7.977	0.983	899.373
129.501	194.004	80.055	19.998	100.306	20.072	7.998	1.016	899.392
130.001	194.486	80.057	19.998	100.313	20.074	7.870	1.014	899.379
130.501	194.994	80.055	19.997	100.318	20.072	7.944	0.991	899.399
131.001	195.517	80.058	19.997	100.324	20.075	7.861	1.031	899.410
131.501	196.017	80.057	19.997	100.329	20.072	7.933	1.023	899.395
132.001	196.523	80.056	19.996	100.331	20.074	7.872	1.006	899.381
132.501	197.049	80.055	19.996	100.328	20.075	7.877	1.031	899.390
133.001	197.550	80.054	19.996	100.331	20.075	7.897	1.027	899.392
133.501	198.074	80.054	19.997	100.329	20.081	7.693	1.024	899.400
134.001	198.556	80.056	19.997	100.320	20.077	7.843	1.005	899.429
134.502	199.077	80.055	19.998	100.317	20.076	7.912	1.004	899.425
135.001	199.583	80.055	19.997	100.315	20.077	7.882	1.028	899.391
135.501	200.095	80.053	19.997	100.312	20.078	7.885	1.018	899.421
136.001	200.601	80.053	19.996	100.310	20.079	7.837	1.018	899.435
136.501	201.117	80.057	19.996	100.310	20.079	7.846	1.022	899.395
137.001	201.661	80.057	19.997	100.311	20.083	7.659	1.060	899.452
137.501	202.145	80.056	19.996	100.314	20.081	7.724	1.028	899.434
138.001	202.628	80.055	19.996	100.314	20.087	7.458	0.967	899.449
138.501	203.196	80.055	19.996	100.317	20.086	7.468	1.050	899.445
139.001	203.693	80.056	19.996	100.319	20.090	7.317	1.064	899.445
139.502	204.188	80.056	19.996	100.316	20.090	7.317	0.993	899.435
140.002	204.682	80.055	19.997	100.307	20.091	7.247	0.989	899.447
140.501	205.206	80.056	19.997	100.305	20.091	7.222	1.017	899.433
141.002	205.713	80.055	19.997	100.303	20.093	7.165	1.031	899.461
141.502	206.200	80.053	19.996	100.299	20.093	7.155	0.994	899.420
142.001	206.705	80.055	19.995	100.297	20.094	7.102	0.992	899.439
142.502	207.214	80.054	19.996	100.297	20.091	7.255	1.014	899.450
143.001	207.745	80.054	19.996	100.293	20.096	7.095	1.040	899.442
143.501	208.254	80.054	19.996	100.290	20.097	7.041	1.041	899.422
144.001	208.747	80.054	19.997	100.293	20.099	6.986	1.002	899.453
144.501	209.235	80.056	19.996	100.297	20.101	6.903	0.980	899.439
145.001	209.735	80.056	19.996	100.301	20.101	6.914	0.988	899.434
145.501	210.239	80.055	19.997	100.308	20.104	6.808	1.004	899.447
146.001	210.760	80.053	19.996	100.310	20.103	6.801	1.024	899.427
146.502	211.295	80.053	19.996	100.308	20.105	6.720	1.055	899.453
147.002	211.779	80.053	19.996	100.310	20.106	6.678	1.019	899.463
147.502	212.268	80.055	19.996	100.313	20.107	6.608	0.974	899.448
148.001	212.808	80.057	19.997	100.314	20.110	6.487	1.029	899.456
148.501	213.305	80.056	19.996	100.316	20.107	6.612	1.037	899.485
149.001	213.800	80.056	19.996	100.319	20.104	6.724	0.993	899.456
149.501	214.294	80.055	19.997	100.314	20.108	6.581	0.989	899.458
150.001	214.845	80.057	19.997	100.310	20.108	6.618	1.044	899.439
150.501	215.324	80.058	19.997	100.307	20.107	6.619	1.029	899.447
151.002	215.830	80.055	19.997	100.307	20.107	6.593	0.985	899.449
151.502	216.343	80.056	19.998	100.306	20.107	6.630	1.020	899.464
152.001	216.869	80.055	19.997	100.306	20.105	6.714	1.039	899.455
152.501	217.364	80.055	19.997	100.304	20.103	6.791	1.020	899.456
153.001	217.881	80.058	19.997	100.306	20.103	6.792	1.012	899.469
153.501	218.367	80.058	19.996	100.307	20.103	6.767	1.003	899.485
154.001	218.908	80.057	19.997	100.309	20.102	6.781	1.026	899.471
154.502	219.397	80.056	19.996	100.315	20.099	6.875	1.029	899.462
155.002	219.938	80.057	19.996	100.318	20.103	6.724	1.030	899.477
155.501	220.418	80.057	19.997	100.316	20.100	6.814	1.022	899.511
156.001	220.912	80.055	19.996	100.314	20.097	6.968	0.974	899.519
156.501	221.418	80.058	19.997	100.313	20.098	6.954	1.000	899.496
157.002	221.914	80.057	19.997	100.310	20.096	7.028	1.003	899.493
157.501	222.444	80.057	19.997	100.312	20.093	7.178	1.026	899.510
158.001	222.927	80.061	19.997	100.314	20.090	7.312	1.012	899.516
158.501	223.451	80.061	19.996	100.317	20.089	7.376	1.007	899.474
159.002	223.917	80.058	19.996	100.314	20.090	7.359	0.991	899.501
159.501	224.448	80.058	19.996	100.311	20.090	7.374	0.997	899.493
160.001	224.981	80.059	19.996	100.309	20.087	7.507	1.064	899.509
160.501	225.459	80.059	19.997	100.312	20.085	7.579	1.011	899.535
161.002	226.000	80.061	19.997	100.314	20.082	7.668	1.019	899.502
161.501	226.474	80.059	19.996	100.321	20.081	7.695	1.016	899.530
162.001	226.969	80.058	19.997	100.324	20.081	7.703	0.969	899.529
162.501	227.466	80.059	19.997	100.324	20.076	7.906	0.992	899.536
163.001	227.999	80.059	19.997	100.320	20.074	8.012	1.030	899.557
163.501	228.502	80.059	19.997	100.316	20.073	8.080	1.036	899.528
164.002	229.015	80.059	19.996	100.314	20.072	8.088	1.017	899.518
164.501	229.492	80.058	19.996	100.315	20.069	8.205	0.990	899.540
165.001	229.979	80.058	19.997	100.315	20.067	8.283	0.963	899.507
165.502	230.529	80.055	19.996	100.309	20.067	8.284	1.038	899.504
166.001	231.019	80.057	19.996	100.302	20.065	8.376	1.040	899.515
166.502	231.492	80.058	19.997	100.297	20.067	8.358	0.962	899.532
167.002	232.018	80.056	19.996	100.296	20.064	8.500	1.000	899.538
167.501	232.555	80.057	19.998	100.299	20.061	8.661	1.064	899.541
168.001	233.048	80.057	19.998	100.302	20.057	8.782	1.030	899.532
168.501	233.529	80.058	19.997	100.304	20.058	8.745	0.974	899.511
169.001	234.037	80.059	19.996	100.305	20.058	8.691	0.989	899.535
169.501	234.552	80.059	19.996	100.302	20.057	8.716	1.023	899.524
170.001	235.050	80.058	19.997	100.294	20.055	8.809	1.012	899.525
170.501	235.523	80.057	19.998	100.293	20.054	8.865	0.971	899.533
171.001	236.036	80.054	19.997	100.294	20.050	9.076	0.986	899.513
171.502	236.542	80.055	19.997	100.295	20.051	9.064	1.018	899.550
172.002	237.062	80.058	19.998	100.296	20.050	9.092	1.027	899.553
172.501	237.555	80.057	19.997	100.298	20.049	9.157	1.014	899.532
173.001	238.036	80.058	19.998	100.298	20.049	9.153	0.973	899.558
173.501	238.523	80.057	19.999	100.292	20.044	9.285	0.968	899.529
174.001	239.030	80.056	19.998	100.283	20.042	9.397	0.994	899.542
174.502	239.552	80.059	19.997	100.277	20.043	9.361	1.028	899.538
175.002	240.074	80.057	19.997	100.276	20.043	9.378	1.045	899.565
175.501	240.568	80.055	19.996	100.278	20.043	9.366	1.017	899.557
176.001	241.049	80.055	19.998	100.285	20.041	9.438	0.975	899.544
176.502	241.592	80.056	19.997	100.289	20.042	9.411	1.023	899.569
177.002	242.063	80.055	19.997	100.292	20.040	9.471	1.014	899.571
177.502	242.562	80.055	19.997	100.288	20.041	9.415	0.971	899.556
178.001	243.073	80.054	19.997	100.278	20.040	9.491	1.010	899.551
178.501	243.604	80.056	19.997	100.273	20.037	9.607	1.042	899.516
179.001	244.084	80.055	19.998	100.270	20.036	9.662	1.011	899.554
179.501	244.558	80.057	19.997	100.269	20.037	9.616	0.953	899.568
180.002	245.075	80.059	19.997	100.272	20.034	9.725	0.991	899.569
180.502	245.588	80.058	19.997	100.278	20.036	9.647	1.031	899.569
181.002	246.094	80.058	19.997	100.278	20.038	9.568	1.019	899.549
181.501	246.617	80.055	19.997	100.276	20.034	9.745	1.028	899.579
182.002	247.089	80.056	19.997	100.272	20.038	9.597	0.994	899.548
182.502	247.605	80.059	19.996	100.272	20.033	9.764	0.989	899.572
183.001	248.114	80.057	19.997	100.270	20.032	9.831	1.025	899.560
183.501	248.608	80.056	19.997	100.271	20.035	9.707	1.004	899.551
184.001	249.131	80.059	19.996	100.272	20.033	9.809	1.018	899.567
184.501	249.632	80.057	19.998	100.276	20.032	9.823	1.023	899.572
185.002	250.125	80.057	19.997	100.274	20.033	9.783	0.993	899.584
185.502	250.644	80.059	19.997	100.273	20.036	9.674	1.013	899.560
186.002	251.139	80.056	19.996	100.272	20.034	9.738	1.015	899.566
186.501	251.650	80.056	19.996	100.271	20.034	9.713	1.006	899.556
187.001	252.113	80.054	19.997	100.268	20.035	9.679	0.974	899.567
187.501	252.678	80.052	19.996	100.269	20.037	9.593	1.027	899.596
188.001	253.177	80.053	19.996	100.270	20.034	9.664	1.064	899.585
188.502	253.664	80.055	19.998	100.272	20.032	9.737	0.986	899.638
189.002	254.156	80.054	19.996	100.271	20.033	9.663	0.979	899.621
189.501	254.696	80.056	19.996	100.270	20.032	9.689	1.032	899.619
190.001	255.159	80.055	19.997	100.269	20.029	9.789	1.002	899.585
190.501	255.661	80.054	19.996	100.267	20.031	9.714	0.966	899.613
191.002	256.165	80.053	19.995	100.264	20.029	9.835	1.006	899.606
191.501	256.689	80.054	19.995	100.265	20.030	9.769	1.027	899.589
192.001	257.189	80.055	19.994	100.267	20.028	9.861	1.024	899.616
192.501	257.691	80.052	19.996	100.268	20.028	9.902	1.003	899.596
193.001	258.177	80.053	19.996	100.269	20.025	10.071	0.988	899.606
193.502	258.684	80.056	19.995	100.269	20.025	10.089	0.992	899.617
194.001	259.178	80.053	19.996	100.271	20.024	10.149	1.001	899.608
194.501	259.660	80.055	19.996	100.274	20.020	10.263	0.977	899.581
195.002	260.181	80.057	19.996	100.276	20.019	10.316	1.003	899.630
195.502	260.672	80.056	19.996	100.282	20.018	10.337	1.012	899.623
196.002	261.175	80.057	19.995	100.284	20.017	10.381	0.994	899.613
196.502	261.709	80.059	19.996	100.285	20.018	10.325	1.037	899.646
197.001	262.212	80.057	19.995	100.288	20.014	10.543	1.038	899.628
197.502	262.700	80.057	19.995	100.286	20.015	10.523	0.990	899.597
198.002	263.226	80.055	19.996	100.285	20.017	10.450	1.013	899.604
198.502	263.731	80.057	19.996	100.286	20.015	10.517	1.031	899.626
199.002	264.241	80.057	19.996	100.286	20.017	10.421	1.015	899.626
199.502	264.719	80.053	19.996	100.281	20.010	10.664	0.988	899.596
200.002	265.229	80.053	19.996	100.277	20.010	10.678	0.988	899.620
200.502	265.721	80.053	19.996	100.267	20.008	10.732	1.002	899.638
201.002	266.217	80.051	19.996	100.265	20.003	10.912	0.988	899.638
201.502	266.726	80.052	19.997	100.265	20.002	10.953	1.005	899.609
202.002	267.223	80.054	19.996	100.267	20.000	11.053	1.006	899.639
202.502	267.734	80.053	19.996	100.273	19.998	11.105	1.007	899.647
203.002	268.221	80.054	19.996	100.278	19.999	11.040	0.999	899.625
203.502	268.710	80.049	19.996	100.274	19.993	11.291	0.977	899.640
204.002	269.225	80.053	19.997	100.269	19.989	11.462	1.003	899.639
204.502	269.679	80.052	19.996	100.261	19.988	11.525	0.969	899.630
205.002	270.205	80.051	19.996	100.256	19.988	11.548	0.980	899.654
205.502	270.693	80.053	19.997	100.260	19.985	11.683	1.014	899.633
206.002	271.219	80.052	19.996	100.267	19.983	11.763	1.013	899.621
206.502	271.715	80.050	19.997	100.269	19.982	11.795	1.022	899.650
207.002	272.220	80.051	19.998	100.270	19.975	12.047	1.002	899.613
207.501	272.714	80.052	19.997	100.269	19.976	12.028	1.000	899.632
208.001	273.216	80.054	19.998	100.270	19.974	12.091	0.995	899.631
208.502	273.710	80.053	19.997	100.271	19.970	12.264	0.995	899.652
209.002	274.222	80.052	19.997	100.271	19.967	12.369	1.006	899.641
209.502	274.725	80.054	19.998	100.273	19.961	12.609	1.015	899.651
210.002	275.226	80.053	19.997	100.275	19.956	12.824	1.004	899.663
210.502	275.737	80.054	19.997	100.271	19.957	12.798	1.012	899.676
211.002	276.229	80.055	19.997	100.268	19.954	12.958	1.002	899.682
211.502	276.712	80.056	19.996	100.267	19.948	13.176	0.976	899.657
212.001	277.223	80.057	19.997	100.266	19.948	13.194	0.995	899.658
212.501	277.723	80.056	19.996	100.263	19.944	13.345	1.011	899.661
213.002	278.223	80.058	19.996	100.260	19.943	13.352	0.999	899.682
213.502	278.727	80.056	19.996	100.259	19.939	13.507	1.004	899.667
214.001	279.188	80.056	19.996	100.259	19.936	13.588	0.965	899.660
214.502	279.720	80.056	19.995	100.260	19.934	13.665	0.992	899.666
215.002	280.244	80.058	19.996	100.261	19.933	13.729	1.057	899.699
215.501	280.757	80.056	19.996	100.262	19.929	13.899	1.038	899.673
216.001	281.234	80.056	19.996	100.257	19.932	13.783	0.990	899.673
216.502	281.720	80.057	19.996	100.256	19.928	13.932	0.963	899.696
217.002	282.237	80.053	19.995	100.255	19.922	14.180	1.003	899.674
217.502	282.735	80.055	19.996	100.253	19.921	14.229	1.015	899.675
218.002	283.211	80.056	19.997	100.252	19.920	14.246	0.974	899.668
218.502	283.741	80.055	19.996	100.250	19.922	14.184	1.006	899.685
219.001	284.257	80.054	19.996	100.247	19.915	14.460	1.047	899.684
219.501	284.736	80.055	19.996	100.246	19.915	14.457	0.995	899.695
220.001	285.222	80.055	19.997	100.249	19.916	14.445	0.964	899.672
220.502	285.739	80.056	19.997	100.253	19.908	14.722	1.003	899.695
221.002	286.249	80.055	19.997	100.258	19.910	14.667	1.028	899.692
221.501	286.729	80.055	19.997	100.258	19.904	14.883	0.990	899.687
222.002	287.249	80.056	19.998	100.258	19.903	14.890	0.999	899.723
222.502	287.757	80.053	19.997	100.252	19.899	15.060	1.029	899.666
223.002	288.244	80.055	19.998	100.246	19.898	15.079	0.995	899.704
223.502	288.751	80.055	19.998	100.245	19.896	15.165	0.994	899.706
224.001	289.246	80.054	19.998	100.247	19.896	15.173	1.003	899.678
224.501	289.741	80.053	19.998	100.245	19.892	15.349	0.990	899.680
225.001	290.235	80.053	19.997	100.248	19.886	15.571	0.989	899.719
225.501	290.731	80.053	19.997	100.250	19.886	15.580	0.990	899.692
226.002	291.210	80.052	19.997	100.248	19.885	15.622	0.974	899.717
226.502	291.744	80.052	19.997	100.244	19.881	15.762	1.013	899.730
227.002	292.247	80.051	19.997	100.245	19.879	15.826	1.037	899.727
227.502	292.744	80.052	19.997	100.245	19.873	16.019	1.000	899.697
228.002	293.270	80.052	19.998	100.245	19.877	15.843	1.023	899.731
228.502	293.741	80.053	19.998	100.246	19.871	16.069	0.996	899.696
229.002	294.233	80.054	19.999	100.248	19.868	16.200	0.964	899.717
229.501	294.774	80.053	19.999	100.249	19.864	16.348	1.033	899.767
230.002	295.275	80.054	19.999	100.247	19.860	16.536	1.041	899.722
230.503	295.745	80.054	19.997	100.250	19.857	16.644	0.971	899.733
231.002	296.242	80.053	19.998	100.251	19.858	16.621	0.967	899.689
231.502	296.760	80.055	19.998	100.250	19.850	16.930	1.015	899.720
232.002	297.222	80.053	19.998	100.246	19.846	17.080	0.980	899.700
232.502	297.739	80.052	19.998	100.245	19.841	17.229	0.980	899.739
233.002	298.269	80.053	19.998	100.244	19.841	17.233	1.047	899.738
233.501	298.750	80.053	19.998	100.244	19.839	17.298	1.011	899.737
234.002	299.270	80.055	19.997	100.245	19.834	17.447	1.001	899.709
234.502	299.787	80.054	19.999	100.250	19.833	17.516	1.037	899.734
235.002	300.277	80.052	19.998	100.254	19.827	17.783	1.007	899.729
235.502	300.792	80.051	19.998	100.256	19.824	17.883	1.005	899.723
236.002	301.294	80.051	19.997	100.255	19.818	18.096	1.016	899.768
236.502	301.796	80.051	19.996	100.254	19.811	18.346	1.005	899.734
237.001	302.283	80.052	19.997	100.254	19.810	18.356	0.989	899.748
237.502	302.784	80.051	19.997	100.251	19.804	18.565	0.988	899.744
238.002	303.276	80.053	19.997	100.246	19.798	18.798	0.994	899.741
238.502	303.802	80.055	19.998	100.246	19.795	18.918	1.019	899.764
239.001	304.281	80.052	19.997	100.248	19.789	19.178	1.006	899.751
239.502	304.800	80.054	19.997	100.251	19.783	19.445	0.997	899.768
240.002	305.303	80.055	19.998	100.254	19.779	19.619	1.021	899.792
240.502	305.778	80.055	19.998	100.257	19.774	19.833	0.977	899.766
241.002	306.260	80.056	19.997	100.259	19.769	20.017	0.957	899.736
241.502	306.761	80.056	19.997	100.260	19.765	20.148	0.982	899.748
242.003	307.259	80.055	19.997	100.259	19.758	20.396	0.999	899.785
242.502	307.761	80.055	19.998	100.254	19.753	20.621	1.001	899.768
243.002	308.288	80.053	19.998	100.254	19.744	20.934	1.030	899.792
243.502	308.773	80.056	19.997	100.256	19.740	21.041	1.012	899.758
244.002	309.274	80.054	19.999	100.258	19.735	21.253	0.986	899.751
244.502	309.768	80.055	19.999	100.261	19.729	21.456	0.995	899.770
245.002	310.264	80.056	19.998	100.271	19.725	21.566	0.989	899.777
245.502	310.776	80.054	19.999	100.269	19.719	21.798	1.008	899.792
246.002	311.266	80.053	19.999	100.262	19.712	22.109	1.002	899.793
246.502	311.792	80.053	19.999	100.257	19.705	22.345	1.016	899.812
247.002	312.297	80.053	19.997	100.253	19.697	22.672	1.030	899.801
247.503	312.741	80.052	19.997	100.249	19.685	23.122	0.948	899.765
248.003	313.271	80.052	19.997	100.248	19.675	23.513	0.975	899.774
248.502	313.780	80.051	19.998	100.251	19.671	23.667	1.039	899.795
249.002	314.276	80.052	19.997	100.254	19.660	24.031	1.004	899.794
249.503	314.780	80.052	19.997	100.252	19.651	24.368	1.001	899.804
250.002	315.261	80.051	19.997	100.252	19.645	24.568	0.985	899.816
250.502	315.798	80.054	19.997	100.256	19.635	24.967	1.018	899.775
251.002	316.288	80.054	19.998	100.260	19.626	25.334	1.028	899.816
251.502	316.774	80.054	19.998	100.261	19.616	25.718	0.975	899.793
252.002	317.283	80.053	19.998	100.266	19.605	26.102	0.994	899.802
252.502	317.801	80.051	19.998	100.270	19.594	26.537	1.027	899.800
253.002	318.271	80.053	19.998	100.268	19.583	26.969	0.988	899.834
253.503	318.777	80.053	19.997	100.262	19.577	27.162	0.976	899.792
254.002	319.272	80.053	19.999	100.263	19.561	27.714	1.001	899.823
254.502	319.776	80.055	19.998	100.263	19.550	28.111	0.999	899.838
255.002	320.265	80.053	19.998	100.262	19.534	28.786	0.993	899.832
255.502	320.775	80.054	19.998	100.264	19.520	29.299	0.999	899.833
256.002	321.284	80.056	19.997	100.269	19.506	29.835	1.019	899.832
256.502	321.772	80.056	19.997	100.269	19.495	30.235	0.997	899.826
257.002	322.290	80.053	19.998	100.271	19.480	30.810	1.006	899.797
257.502	322.753	80.054	19.997	100.276	19.462	31.485	0.982	899.808
258.002	323.268	80.052	19.996	100.276	19.450	31.923	0.978	899.835
258.502	323.784	80.057	19.997	100.273	19.431	32.619	1.030	899.838
259.002	324.256	80.053	19.996	100.272	19.415	33.208	0.988	899.836
259.502	324.769	80.053	19.998	100.276	19.398	33.881	0.985	899.878
260.002	325.258	80.053	19.997	100.271	19.381	34.521	1.002	899.837
260.502	325.766	80.052	19.997	100.272	19.365	35.149	0.997	899.847
261.003	326.285	80.056	19.998	100.282	19.344	35.951	1.025	899.818
261.503	326.782	80.057	19.998	100.286	19.329	36.512	1.016	899.824
262.003	327.256	80.054	19.997	100.284	19.309	37.281	0.971	899.864
262.503	327.751	80.053	19.998	100.284	19.287	38.113	0.969	899.844
263.003	328.273	80.052	19.998	100.285	19.266	38.895	1.019	899.842
263.502	328.776	80.053	19.997	100.281	19.242	39.798	1.025	899.874
264.003	329.260	80.054	19.997	100.282	19.218	40.705	0.986	899.876
264.503	329.773	80.052	19.997	100.284	19.203	41.322	0.997	899.841
265.003	330.242	80.053	19.998	100.288	19.177	42.327	0.982	899.847
265.503	330.747	80.052	19.996	100.291	19.156	43.172	0.975	899.839
266.002	331.248	80.053	19.998	100.294	19.132	44.056	1.007	899.881
266.502	331.772	80.055	19.997	100.293	19.108	44.971	1.024	899.873
267.003	332.252	80.056	19.998	100.294	19.077	46.168	1.003	899.836
267.503	332.808	80.056	19.998	100.293	19.058	46.860	1.036	899.886
268.003	333.279	80.056	19.999	100.291	19.026	48.050	1.027	899.875
268.502	333.803	80.055	20.000	100.293	19.002	48.931	0.995	899.888
269.002	334.248	80.056	19.998	100.295	18.973	50.014	0.969	899.861
269.503	334.790	80.057	19.997	100.292	18.943	51.224	0.987	899.903
270.003	335.263	80.056	19.997	100.296	18.913	52.372	1.015	899.894
270.502	335.766	80.056	19.997	100.295	18.888	53.356	0.977	899.898
271.003	336.268	80.056	19.998	100.295	18.857	54.525	1.004	899.896
271.503	336.775	80.057	19.995	100.294	18.826	55.678	1.008	899.900
272.003	337.281	80.058	19.996	100.293	18.798	56.746	1.013	899.912
272.503	337.771	80.058	19.998	100.285	18.763	58.073	0.996	899.901
273.002	338.270	80.057	19.996	100.282	18.733	59.194	0.989	899.880
273.502	338.761	80.057	19.998	100.282	18.698	60.540	0.990	899.889
274.003	339.251	80.055	19.997	100.285	18.669	61.642	0.981	899.891
274.503	339.756	80.058	19.997	100.287	18.634	62.989	0.995	899.935
275.003	340.256	80.056	19.997	100.293	18.600	64.242	1.005	899.885
275.503	340.771	80.052	19.996	100.300	18.566	65.567	1.015	899.912
276.003	341.255	80.056	19.998	100.301	18.530	66.916	0.999	899.937
276.503	341.747	80.053	19.997	100.295	18.488	68.490	0.976	899.931
277.003	342.227	80.053	19.995	100.291	18.453	69.840	0.972	899.921
277.503	342.717	80.055	19.997	100.286	18.416	71.227	0.970	899.953
278.003	343.243	80.055	19.996	100.285	18.380	72.624	1.017	899.934
278.502	343.712	80.056	19.996	100.284	18.344	73.983	0.995	899.902
279.003	344.233	80.054	19.998	100.288	18.303	75.536	0.989	899.932
279.503	344.721	80.053	19.997	100.292	18.266	76.976	1.009	899.927
280.002	345.217	80.056	19.997	100.295	18.224	78.599	0.985	899.933
280.502	345.737	80.055	19.996	100.293	18.185	80.072	1.016	899.929
281.002	346.265	80.056	19.996	100.291	18.145	81.557	1.047	899.926
281.503	346.732	80.057	19.996	100.290	18.108	82.910	0.994	899.935
282.003	347.240	80.054	19.997	100.288	18.066	84.493	0.975	899.917
282.503	347.736	80.054	19.996	100.290	18.025	86.024	1.004	899.931
283.003	348.223	80.057	19.997	100.291	17.979	87.734	0.983	899.932
283.502	348.726	80.057	19.997	100.292	17.939	89.196	0.990	899.932
284.002	349.244	80.056	19.995	100.291	17.895	90.909	1.021	899.979
284.502	349.761	80.056	19.998	100.290	17.856	92.434	1.036	899.970
285.002	350.256	80.056	19.997	100.288	17.813	94.058	1.012	899.974
285.503	350.726	80.057	19.996	100.286	17.769	95.750	0.964	899.941
286.003	351.230	80.057	19.996	100.285	17.727	97.329	0.974	899.948
286.503	351.717	80.054	19.996	100.284	17.683	99.028	0.991	899.960
287.002	352.190	80.055	19.997	100.282	17.640	100.645	0.961	899.960
287.503	352.698	80.053	19.997	100.277	17.593	102.364	0.981	899.967
288.002	353.195	80.054	19.996	100.277	17.549	104.017	1.005	899.974
288.502	353.714	80.057	19.997	100.281	17.503	105.718	1.015	899.961
289.003	354.205	80.056	19.996	100.287	17.461	107.320	1.009	899.954
289.504	354.704	80.055	19.997	100.295	17.416	108.979	0.990	899.967
290.003	355.205	80.055	19.998	100.303	17.371	110.694	1.000	899.959
290.503	355.706	80.054	19.999	100.303	17.323	112.492	1.003	899.967
291.003	356.200	80.055	19.998	100.302	17.284	113.940	0.996	899.979
291.503	356.703	80.056	19.997	100.294	17.233	115.855	0.997	899.990
292.002	357.184	80.053	19.996	100.288	17.188	117.527	0.984	899.989
292.502	357.706	80.053	19.997	100.285	17.146	119.101	1.003	899.985
293.002	358.174	80.050	19.998	100.283	17.096	120.996	0.990	899.979
293.502	358.690	80.053	19.996	100.278	17.046	122.888	0.984	899.958
294.003	359.161	80.054	19.997	100.277	17.003	124.542	0.986	899.988
294.503	359.671	80.054	19.997	100.280	16.952	126.462	0.981	899.975
295.003	360.161	80.055	19.997	100.287	16.909	128.041	1.001	899.977
295.502	360.673	80.055	19.997	100.293	16.862	129.793	1.002	900.002
296.002	361.156	80.055	19.997	100.295	16.813	131.558	0.995	899.972
296.503	361.672	80.056	19.997	100.296	16.765	133.371	1.000	899.985
297.003	362.160	80.053	19.997	100.295	16.714	135.256	1.005	899.981
297.502	362.658	80.055	19.996	100.292	16.660	137.238	0.985	899.991
298.003	363.178	80.057	19.997	100.293	16.611	139.045	1.017	900.017
298.503	363.650	80.055	19.997	100.298	16.565	140.724	0.993	900.021
299.003	364.175	80.058	19.997	100.304	16.524	142.158	0.997	899.998
299.503	364.678	80.057	19.997	100.307	16.475	143.840	1.028	900.032
300.003	365.165	80.057	19.997	100.305	16.433	145.332	0.990	899.999
300.503	365.676	80.054	19.996	100.300	16.379	147.233	0.998	900.028
301.002	366.185	80.053	19.997	100.293	16.329	149.010	1.021	900.023
301.502	366.695	80.054	19.998	100.288	16.278	150.826	1.019	900.030
302.003	367.225	80.056	19.998	100.289	16.233	152.388	1.040	900.032
302.503	367.695	80.055	19.997	100.299	16.187	154.063	1.000	900.023
303.003	368.158	80.057	19.997	100.306	16.124	156.359	0.933	900.049
303.503	368.710	80.056	19.996	100.316	16.045	159.304	1.015	900.047
304.003	369.185	80.055	19.997	100.319	15.944	163.070	1.028	900.041
304.502	369.708	80.056	19.996	100.319	15.843	167.015	0.998	900.072
305.003	370.209	80.055	19.996	100.320	15.765	170.123	1.024	900.047
305.503	370.713	80.053	19.997	100.326	15.700	172.699	1.005	900.084
306.003	371.181	80.054	19.997	100.340	15.659	174.317	0.972	900.053
306.503	371.658	80.052	19.997	100.364	15.611	176.051	0.945	900.070
307.003	372.183	80.054	19.997	100.389	15.550	178.164	1.002	900.060
307.503	372.659	80.054	19.996	100.407	15.477	180.667	1.002	900.064
308.002	373.161	80.055	19.997	100.426	15.408	183.150	0.977	900.065
308.503	373.673	80.056	19.996	100.439	15.358	185.006	1.013	900.082
309.003	374.153	80.054	19.996	100.454	15.303	186.992	0.993	900.088
309.503	374.667	80.054	19.997	100.472	15.241	189.174	0.994	900.110
310.003	375.159	80.057	19.997	100.490	15.173	191.745	1.007	900.074
310.503	375.643	80.056	19.997	100.500	15.108	194.112	0.976	900.066
311.003	376.133	80.054	19.997	100.501	15.049	196.137	0.973	900.067
311.504	376.633	80.055	19.997	100.488	14.992	197.992	0.990	900.111
312.003	377.111	80.052	19.996	100.452	14.926	200.254	0.978	900.083
312.503	377.604	80.054	19.998	100.412	14.842	203.288	0.972	900.098
313.003	378.113	80.053	19.997	100.380	14.759	206.377	1.003	900.081
313.503	378.609	80.054	19.996	100.365	14.704	208.394	1.005	900.100
314.003	379.090	80.055	19.996	100.382	14.666	209.657	0.976	900.058
314.503	379.594	80.052	19.995	100.439	14.624	211.002	0.985	900.119
315.003	380.087	80.052	19.997	100.491	14.551	213.530	0.998	900.063
315.503	380.595	80.054	19.996	100.508	14.453	217.114	1.001	900.093
316.003	381.080	80.053	19.995	100.497	14.355	220.731	0.993	900.133
316.503	381.569	80.054	19.997	100.487	14.264	224.105	0.975	900.134
317.003	382.067	80.053	19.996	100.489	14.170	227.748	0.988	900.126
317.503	382.557	80.053	19.996	100.496	14.083	231.119	0.987	900.136
318.003	383.069	80.056	19.997	100.535	13.997	234.434	1.002	900.150
318.503	383.549	80.055	19.997	100.595	13.917	237.333	0.992	900.112
319.003	384.058	80.054	19.997	100.629	13.814	241.002	0.988	900.099
319.503	384.538	80.057	19.996	100.638	13.692	245.386	0.989	900.143
320.003	385.061	80.055	19.996	100.660	13.574	249.717	1.003	900.150
320.503	385.511	80.056	19.996	100.658	13.475	253.055	0.973	900.152
321.003	386.048	80.056	19.997	100.660	13.389	255.910	0.987	900.151
321.503	386.524	80.055	19.995	100.699	13.315	258.428	1.012	900.151
322.003	387.039	80.056	19.997	100.740	13.240	260.911	0.992	900.170
322.503	387.527	80.053	19.998	100.776	13.163	263.423	1.004	900.134
323.003	388.006	80.052	19.997	100.811	13.068	266.523	0.966	900.157
323.503	388.494	80.054	19.997	100.808	12.935	271.502	0.966	900.184
324.004	389.004	80.052	19.997	100.766	12.801	276.625	0.999	900.152
324.503	389.498	80.053	19.997	100.715	12.675	281.245	1.005	900.152
325.003	389.968	80.054	19.996	100.678	12.559	285.672	0.964	900.176
325.503	390.481	80.052	19.996	100.676	12.449	289.732	0.982	900.169
326.004	390.956	80.054	19.997	100.720	12.308	295.038	0.988	900.161
326.503	391.461	80.055	19.997	100.758	12.161	300.513	0.981	900.178
327.003	391.940	80.053	19.996	100.782	12.014	306.084	0.985	900.164
327.503	392.423	80.054	19.996	100.776	11.873	311.388	0.961	900.174
328.003	392.932	80.056	19.997	100.845	11.747	315.787	0.992	900.159
328.503	393.378	80.056	19.996	100.909	11.633	320.042	0.954	900.164
329.004	393.899	80.056	19.996	100.968	11.537	323.362	0.967	900.141
329.503	394.399	80.054	19.997	101.058	11.452	326.423	1.022	900.174
330.003	394.878	80.056	19.996	101.153	11.331	330.625	0.979	900.179
330.503	395.386	80.055	19.996	101.176	11.152	336.971	0.987	900.149
331.003	395.874	80.052	19.995	101.154	10.974	343.640	0.996	900.169
331.503	396.388	80.053	19.996	101.110	10.822	349.502	1.001	900.172
332.004	396.886	80.054	19.996	101.100	10.735	353.085	1.012	900.174
332.503	397.368	80.054	19.995	101.067	10.692	354.816	0.981	900.177
333.003	397.870	80.056	19.996	101.053	10.613	357.802	0.985	900.197
333.503	398.360	80.057	19.997	101.043	10.437	364.640	0.991	900.195
334.003	398.841	80.056	19.995	101.061	10.198	373.766	0.970	900.197
334.503	399.366	80.055	19.996	100.959	9.958	382.785	1.006	900.175
335.003	399.874	80.054	19.997	100.942	9.736	391.209	1.033	900.212
335.503	400.359	80.057	19.996	100.976	9.536	398.996	0.994	900.204
336.003	400.839	80.056	19.996	100.981	9.314	407.666	0.965	900.225
336.503	401.371	80.054	19.995	101.037	9.118	415.130	1.011	900.195
337.004	401.867	80.057	19.996	101.115	9.038	418.162	1.027	900.219
337.504	402.372	80.058	19.997	101.132	9.085	416.429	1.001	900.250
338.004	402.855	80.056	19.996	101.110	9.159	413.348	0.988	900.225
338.503	403.366	80.055	19.996	101.101	9.185	411.934	0.994	900.209
339.003	403.870	80.054	19.996	100.955	9.158	412.333	1.015	900.238
339.503	404.393	80.056	19.996	100.862	9.099	414.197	1.027	900.219
340.003	404.864	80.053	19.997	100.814	9.048	415.743	0.995	900.230
340.503	405.332	80.052	19.997	100.731	9.007	417.292	0.939	900.223
341.003	405.849	80.056	19.996	100.627	8.996	417.982	0.985	900.232
341.503	406.354	80.055	19.997	100.554	9.014	417.692	1.021	900.238
342.003	406.840	80.052	19.996	100.409	9.044	416.763	0.991	900.227
342.503	407.381	80.056	19.997	100.202	9.075	415.306	1.027	900.280
343.003	407.854	80.055	19.997	99.970	9.100	414.241	1.013	900.257
343.504	408.368	80.056	19.996	99.761	9.130	412.948	0.987	900.271
344.003	408.855	80.055	19.996	99.636	9.165	411.532	1.002	900.255
344.503	409.391	80.054	19.997	99.612	9.209	409.783	1.023	900.250
345.003	409.881	80.055	19.996	99.667	9.259	407.942	1.026	900.263
345.503	410.382	80.052	19.997	99.858	9.303	406.521	0.992	900.254
346.003	410.851	80.052	19.997	100.089	9.354	404.779	0.970	900.228
346.503	411.382	80.054	19.997	100.282	9.411	402.721	1.000	900.249
347.003	411.881	80.052	19.996	100.339	9.471	400.525	1.030	900.286
347.503	412.419	80.053	19.995	100.383	9.543	397.954	1.037	900.292
348.003	412.897	80.055	19.995	100.238	9.620	395.155	1.017	900.246
348.503	413.398	80.055	19.996	100.112	9.709	391.990	0.979	900.254
349.003	413.906	80.055	19.996	100.003	9.802	388.604	1.008	900.285
349.504	414.444	80.053	19.996	100.040	9.907	384.827	1.045	900.263
350.004	414.927	80.052	19.997	100.133	10.025	380.551	1.021	900.276
350.503	415.443	80.054	19.996	100.269	10.148	376.066	0.999	900.272
351.004	415.942	80.054	19.996	100.342	10.282	371.205	1.014	900.262
351.504	416.469	80.054	19.997	100.403	10.425	365.950	1.026	900.291
352.004	416.987	80.054	19.996	100.425	10.579	360.342	1.045	900.287
352.504	417.471	80.052	19.996	100.349	10.741	354.371	1.002	900.317
353.004	418.004	80.053	19.996	100.317	10.913	347.981	1.018	900.297
353.504	418.520	80.055	19.997	100.329	11.093	341.306	1.050	900.274
354.004	419.011	80.054	19.997	100.349	11.276	334.519	1.007	900.315
354.503	419.497	80.053	19.997	100.357	11.463	327.510	0.977	900.311
355.003	420.040	80.052	19.997	100.362	11.659	320.144	1.029	900.315
355.504	420.546	80.053	19.996	100.360	11.863	312.528	1.048	900.288
356.004	421.062	80.055	19.996	100.355	12.064	304.954	1.022	900.321
356.504	421.590	80.055	19.996	100.365	12.274	297.083	1.044	900.305
357.003	422.090	80.056	19.996	100.375	12.486	289.101	1.028	900.330
357.503	422.653	80.058	19.997	100.391	12.701	281.046	1.063	900.324
358.004	423.187	80.057	19.996	100.406	12.922	272.672	1.096	900.342
358.504	423.682	80.058	19.996	100.430	13.135	264.566	1.029	900.323
359.004	424.195	80.058	19.996	100.447	13.353	256.269	1.009	900.358
359.503	424.731	80.053	19.996	100.474	13.566	248.079	1.050	900.378
360.004	425.248	80.054	19.996	100.510	13.780	239.866	1.053	900.343
360.503	425.726	80.054	19.996	100.547	13.986	231.913	0.995	900.350
361.003	426.259	80.054	19.997	100.592	14.192	224.033	1.011	900.336
361.504	426.756	80.054	19.996	100.640	14.394	216.282	1.029	900.341
362.004	427.275	80.053	19.997	100.696	14.592	208.707	1.015	900.369
362.504	427.825	80.054	19.998	100.748	14.786	201.315	1.069	900.346
363.004	428.321	80.057	19.997	100.796	14.978	193.984	1.047	900.353
363.504	428.843	80.055	19.997	100.844	15.170	186.663	1.018	900.354
364.003	429.323	80.056	19.997	100.889	15.355	179.585	1.003	900.374
364.503	429.855	80.055	19.996	100.927	15.537	172.664	1.012	900.367
365.004	430.353	80.053	19.996	100.970	15.717	165.809	1.029	900.358
365.504	430.892	80.056	19.997	101.023	15.888	159.295	1.038	900.396
366.003	431.409	80.055	19.997	101.077	16.060	152.757	1.057	900.379
366.503	431.902	80.053	19.997	101.140	16.226	146.504	1.010	900.363
367.004	432.404	80.054	19.997	101.204	16.384	140.506	0.994	900.366
367.504	432.923	80.053	19.996	101.265	16.540	134.548	1.021	900.361
368.004	433.435	80.055	19.997	101.315	16.689	128.835	1.032	900.354
368.504	433.934	80.056	19.997	101.358	16.833	123.304	1.011	900.382
369.004	434.438	80.055	19.997	101.393	16.973	117.877	1.003	900.355
369.504	434.952	80.057	19.997	101.424	17.113	112.412	1.019	900.384
370.004	435.490	80.056	19.996	101.449	17.240	107.480	1.052	900.376
370.504	435.952	80.056	19.996	101.474	17.372	102.425	1.000	900.369
371.004	436.475	80.055	19.996	101.493	17.491	97.873	0.984	900.380
371.504	436.997	80.052	19.997	101.513	17.608	93.484	1.045	900.364
372.004	437.469	80.054	19.996	101.526	17.720	89.270	0.996	900.400
372.503	437.991	80.056	19.996	101.534	17.825	85.387	0.994	900.391
373.004	438.499	80.055	19.996	101.542	17.929	81.602	1.029	900.386
373.504	439.003	80.056	19.996	101.548	18.029	77.966	1.013	900.408
374.004	439.513	80.055	19.998	101.542	18.122	74.573	1.015	900.408
374.504	439.996	80.053	19.997	101.542	18.210	71.377	0.993	900.408
375.004	440.533	80.055	19.995	101.551	18.299	68.190	1.019	900.388
375.504	440.995	80.054	19.995	101.560	18.383	65.180	0.998	900.377
376.004	441.517	80.055	19.996	101.578	18.461	62.367	0.984	900.414
376.504	442.020	80.056	19.996	101.601	18.536	59.674	1.025	900.409
377.004	442.521	80.054	19.996	101.623	18.615	56.878	1.005	900.416
377.504	443.015	80.054	19.996	101.636	18.686	54.376	0.995	900.408
378.004	443.536	80.055	19.997	101.638	18.754	52.007	1.014	900.414
378.504	444.015	80.054	19.995	101.628	18.819	49.695	1.000	900.436
379.004	444.536	80.054	19.996	101.615	18.879	47.607	1.001	900.428
379.504	445.040	80.054	19.996	101.596	18.938	45.518	1.024	900.437
380.004	445.535	80.053	19.996	101.571	18.995	43.472	0.999	900.445
380.504	446.050	80.054	19.995	101.545	19.050	41.466	1.011	900.446
381.004	446.546	80.052	19.995	101.517	19.100	39.681	1.011	900.441
381.504	447.044	80.051	19.995	101.488	19.149	37.959	0.993	900.446
382.004	447.537	80.053	19.996	101.453	19.197	36.272	0.991	900.451
382.504	448.033	80.053	19.996	101.421	19.241	34.734	0.989	900.479
383.004	448.525	80.055	19.995	101.393	19.285	33.210	0.988	900.472
383.504	449.037	80.054	19.996	101.366	19.330	31.674	1.005	900.474
384.003	449.531	80.055	19.997	101.334	19.370	30.340	1.007	900.444
384.503	450.010	80.054	19.996	101.304	19.405	29.206	0.972	900.476
385.004	450.542	80.053	19.998	101.265	19.443	28.017	1.010	900.445
385.504	451.024	80.057	19.996	101.230	19.478	26.976	1.014	900.491
386.004	451.527	80.057	19.996	101.202	19.511	26.009	0.986	900.475
386.504	451.981	80.055	19.995	101.176	19.545	25.006	0.957	900.454
387.004	452.511	80.056	19.995	101.151	19.571	24.278	0.984	900.464
387.504	452.987	80.053	19.995	101.137	19.603	23.325	1.006	900.505
388.004	453.515	80.053	19.995	101.119	19.632	22.441	1.004	900.484
388.504	453.986	80.055	19.996	101.097	19.653	21.775	0.999	900.455
389.004	454.486	80.054	19.996	101.073	19.683	20.785	0.970	900.499
389.504	455.002	80.054	19.995	101.052	19.706	20.064	1.016	900.459
390.004	455.503	80.055	19.996	101.026	19.730	19.325	1.017	900.513
390.504	455.997	80.052	19.997	101.001	19.754	18.515	0.995	900.494
391.004	456.499	80.056	19.996	100.974	19.779	17.685	0.997	900.520
391.504	456.981	80.058	19.996	100.947	19.807	16.718	0.985	900.516
392.004	457.487	80.057	19.996	100.914	19.834	15.756	0.988	900.536
392.504	457.968	80.055	19.996	100.873	19.859	14.844	0.986	900.512
393.004	458.480	80.053	19.997	100.828	19.886	13.862	0.992	900.538
393.504	458.980	80.053	19.996	100.781	19.915	12.784	1.013	900.540
394.004	459.485	80.055	19.996	100.736	19.938	11.968	1.005	900.537
394.503	459.957	80.053	19.997	100.697	19.965	11.022	0.976	900.539
395.004	460.440	80.054	19.997	100.664	19.989	10.136	0.955	900.530
395.504	460.969	80.054	19.997	100.638	20.015	9.199	1.012	900.520
396.004	461.474	80.053	19.998	100.615	20.036	8.415	1.033	900.571
396.504	461.956	80.052	19.998	100.595	20.055	7.754	0.986	900.563
397.005	462.477	80.053	19.997	100.571	20.076	7.004	1.004	900.563
397.504	462.932	80.055	19.996	100.550	20.094	6.376	0.978	900.527
398.004	463.471	80.053	19.996	100.531	20.110	5.788	0.993	900.567
398.504	463.933	80.052	19.997	100.514	20.129	5.063	1.001	900.535
399.004	464.445	80.054	19.997	100.502	20.143	4.573	0.975	900.557
399.504	464.949	80.055	19.996	100.495	20.157	4.059	1.016	900.563
400.004	465.451	80.053	19.997	100.488	20.173	3.469	1.006	900.612
400.504	465.955	80.055	19.997	100.482	20.188	2.935	1.005	900.548
401.004	466.468	80.054	19.997	100.476	20.197	2.623	1.017	900.592
401.504	466.977	80.054	19.996	100.466	20.210	2.180	1.022	900.587
402.004	467.486	80.057	19.997	100.458	20.220	1.814	1.018	900.592
402.504	467.988	80.057	19.997	100.452	20.230	1.433	1.010	900.596
403.005	468.465	80.056	19.996	100.446	20.237	1.180	0.978	900.604
403.504	468.968	80.053	19.997	100.439	20.244	0.964	0.981	900.594
404.004	469.457	80.053	19.998	100.432	20.253	0.692	0.993	900.570
404.504	469.931	80.054	19.997	100.425	20.255	0.643	0.963	900.587
405.004	470.440	80.054	19.996	100.416	20.262	0.517	0.982	900.567
405.505	470.943	80.053	19.998	100.411	20.265	0.506	1.011	900.555
406.005	471.418	80.056	19.997	100.408	20.266	0.498	0.979	900.575
406.504	471.946	80.055	19.996	100.406	20.272	0.364	1.003	900.601
407.005	472.437	80.055	19.997	100.402	20.276	0.309	1.018	900.600
407.504	472.951	80.057	19.997	100.399	20.281	0.184	1.006	900.594
408.004	473.441	80.055	19.997	100.394	20.279	0.302	1.004	900.636
408.504	473.951	80.054	19.996	100.386	20.282	0.258	0.999	900.629
409.004	474.432	80.053	19.996	100.379	20.282	0.314	0.991	900.638
409.504	474.964	80.052	19.996	100.380	20.286	0.166	1.014	900.587
410.004	475.444	80.053	19.996	100.381	20.286	0.156	1.012	900.642
410.504	475.950	80.052	19.996	100.375	20.287	0.124	0.986	900.608
411.004	476.428	80.053	19.996	100.368	20.292	-0.031	0.985	900.620
411.504	476.930	80.054	19.996	100.360	20.293	-0.029	0.980	900.629
412.004	477.470	80.051	19.996	100.346	20.293	-0.024	1.042	900.648
412.504	477.952	80.052	19.997	100.330	20.292	0.052	1.021	900.626
413.004	478.462	80.055	19.997	100.318	20.295	0.004	0.991	900.649
413.504	478.952	80.055	19.997	100.311	20.297	-0.008	1.000	900.644
414.004	479.408	80.052	19.996	100.301	20.301	-0.157	0.947	900.613
414.504	479.924	80.051	19.996	100.287	20.297	0.043	0.972	900.633
415.004	480.410	80.050	19.997	100.278	20.298	0.037	1.002	900.650
415.504	480.947	80.049	19.996	100.271	20.298	0.068	1.022	900.613
416.005	481.451	80.049	19.996	100.261	20.297	0.142	1.041	900.611
416.504	481.924	80.052	19.996	100.255	20.299	0.099	0.977	900.614
417.004	482.435	80.052	19.996	100.256	20.301	0.038	0.985	900.642
417.504	482.934	80.052	19.995	100.257	20.299	0.141	1.010	900.633
418.004	483.422	80.052	19.996	100.256	20.303	-0.004	0.986	900.648
418.504	483.925	80.052	19.997	100.252	20.303	-0.005	0.992	900.662
419.004	484.435	80.051	19.995	100.249	20.300	0.079	1.013	900.651
419.504	484.926	80.052	19.995	100.244	20.302	0.009	1.000	900.661
420.004	485.408	80.053	19.994	100.235	20.303	0.011	0.973	900.665
420.504	485.895	80.055	19.995	100.229	20.305	-0.079	0.969	900.689
421.004	486.424	80.056	19.995	100.224	20.307	-0.132	1.015	900.667
421.505	486.928	80.052	19.995	100.218	20.308	-0.132	1.033	900.655
422.005	487.415	80.054	19.997	100.213	20.305	-0.005	0.992	900.665
422.505	487.924	80.053	19.997	100.209	20.306	-0.023	0.995	900.673
423.005	488.418	80.052	19.996	100.204	20.306	-0.056	1.004	900.658
423.504	488.927	80.052	19.996	100.199	20.307	-0.079	1.004	900.679
424.004	489.426	80.052	19.997	100.196	20.307	-0.090	1.008	900.682
424.504	489.931	80.051	19.997	100.195	20.306	-0.062	1.005	900.679
425.004	490.427	80.052	19.997	100.191	20.308	-0.141	1.001	900.693
425.504	490.936	80.050	19.996	100.189	20.305	-0.008	1.004	900.689
426.004	491.439	80.051	19.996	100.193	20.302	0.119	1.011	900.715
426.504	491.946	80.052	19.996	100.194	20.307	-0.040	1.009	900.689
427.005	492.433	80.050	19.996	100.192	20.306	0.009	0.994	900.685
427.504	492.930	80.052	19.996	100.192	20.305	0.046	0.986	900.713
428.004	493.448	80.051	19.996	100.194	20.306	-0.004	1.016	900.702
428.504	493.942	80.051	19.995	100.188	20.307	-0.045	1.011	900.728
429.005	494.425	80.054	19.996	100.180	20.308	-0.057	0.976	900.719
429.505	494.926	80.054	19.997	100.179	20.307	0.009	0.984	900.755
430.005	495.420	80.054	19.997	100.181	20.307	-0.022	0.995	900.744
430.505	495.927	80.053	19.996	100.180	20.307	0.017	1.002	900.723
431.004	496.397	80.052	19.995	100.183	20.307	0.026	0.978	900.695
431.504	496.900	80.055	19.995	100.185	20.307	0.005	0.972	900.727
432.004	497.405	80.056	19.996	100.183	20.305	0.092	1.008	900.727
432.504	497.935	80.054	19.995	100.180	20.310	-0.085	1.035	900.716
433.004	498.411	80.056	19.996	100.177	20.306	0.086	1.006	900.718
433.504	498.902	80.055	19.996	100.176	20.313	-0.133	0.966	900.743
434.005	499.424	80.054	19.995	100.175	20.308	0.050	1.013	900.695
434.504	499.896	80.059	19.995	100.176	20.311	-0.011	0.995	900.736
435.004	500.369	80.056	19.997	100.176	20.307	0.164	0.945	900.722
435.505	500.873	80.056	19.996	100.176	20.308	0.136	0.976	900.745
436.005	501.405	80.056	19.996	100.173	20.309	0.089	1.037	900.773
436.505	501.901	80.055	19.996	100.172	20.310	0.029	1.029	900.708
437.004	502.371	80.056	19.996	100.171	20.309	0.043	0.967	900.733
437.504	502.892	80.055	19.995	100.170	20.310	-0.015	0.991	900.695
438.004	503.385	80.053	19.995	100.167	20.311	-0.064	1.012	900.708
438.505	503.902	80.054	19.995	100.167	20.313	-0.167	1.009	900.752
439.005	504.416	80.053	19.996	100.169	20.312	-0.117	1.033	900.760
439.504	504.860	80.053	19.995	100.169	20.313	-0.118	0.960	900.774
440.004	505.408	80.054	19.995	100.166	20.312	-0.049	0.992	900.758
440.504	505.900	80.054	19.997	100.163	20.312	-0.032	1.039	900.726
441.004	506.402	80.053	19.995	100.158	20.313	-0.071	0.994	900.778
441.504	506.882	80.053	19.996	100.151	20.313	-0.086	0.982	900.783
442.004	507.364	80.053	19.995	100.150	20.310	0.035	0.962	900.798
442.504	507.833	80.056	19.995	100.145	20.312	-0.071	0.951	900.770
443.004	508.331	80.053	19.995	100.147	20.309	0.050	0.967	900.755
443.504	508.851	80.055	19.996	100.150	20.309	0.067	1.017	900.798
444.005	509.373	80.057	19.994	100.152	20.308	0.122	1.041	900.783
444.505	509.876	80.054	19.994	100.156	20.310	0.041	1.025	900.806
445.005	510.402	80.054	19.993	100.161	20.311	0.016	1.030	900.816
445.505	510.864	80.056	19.994	100.161	20.313	-0.045	0.988	900.796
446.004	511.371	80.056	19.996	100.163	20.318	-0.228	0.969	900.783
446.504	511.877	80.055	19.996	100.158	20.314	-0.087	1.012	900.801
447.005	512.375	80.053	19.996	100.149	20.317	-0.213	1.004	900.792
447.504	512.895	80.054	19.996	100.145	20.312	-0.005	1.019	900.814
448.004	513.381	80.054	19.996	100.144	20.316	-0.150	1.006	900.812
448.505	513.900	80.055	19.996	100.145	20.315	-0.140	1.004	900.794
449.005	514.372	80.056	19.996	100.150	0.000	0.000	0.991	900.783
449.505	514.823	80.057	19.994	100.154	0.000	0.000	0.924	900.838
450.004	515.370	80.057	19.996	100.153	0.000	0.000	0.998	900.822
450.505	515.870	80.057	19.995	100.153	0.000	0.000	1.047	900.840
451.005	516.376	80.058	19.996	100.149	0.000	0.000	1.007	900.805
451.504	516.869	80.058	19.997	100.147	0.000	0.000	0.999	900.833
452.004	517.413	80.056	19.996	100.148	0.000	0.000	1.035	900.837
452.505	517.878	80.055	19.995	100.146	0.000	0.000	1.008	900.857
453.005	518.393	80.057	19.996	100.143	0.000	0.000	0.982	900.872
453.504	518.868	80.057	19.996	100.144	0.000	0.000	0.989	900.883
454.005	519.348	80.055	19.997	100.142	0.000	0.000	0.955	900.844
454.505	519.858	80.056	19.996	100.143	0.000	0.000	0.990	900.844
455.005	520.359	80.057	19.995	100.146	0.000	0.000	1.011	900.845
455.505	520.886	80.057	19.996	100.148	0.000	0.000	1.029	900.873
456.004	521.354	80.059	19.996	100.149	0.000	0.000	0.995	900.858
456.504	521.896	80.058	19.996	100.153	0.000	0.000	1.010	900.874
457.004	522.359	80.057	19.997	100.155	0.000	0.000	1.004	900.877
457.505	522.876	80.056	19.997	100.156	0.000	0.000	0.979	900.888
458.005	523.376	80.056	19.996	100.159	0.000	0.000	1.018	900.896
458.505	523.865	80.056	19.996	100.158	0.000	0.000	0.990	900.914
