File Name:	PS_17.txt	Version: 8.3.7.3						
Date:	13 Aug 2024
Operator:	KH
Test ID:	PS_17
Sample ID:	PS_17
Sample Mass (mg):	3.0500
Sample Cup Mass (mg):	182.2900
End Total Mass (mg):
Heating Rate (C/s):	1.0000
Combuster Temperature (C):	900.0
N2 Flow Rate (cc/min):	80.0
O2 Flow Rate (cc/min):	20.0
Calibration File:	Coeff.txt
T Correction Coefficients:	0.308738730	0.013615500	0.000000000
Time Shift (s):	10.0
Pre-Test Comments:
Post-Test Comments:
Baseline Flow:	100.024
Baseline O2:	20.238
Instrument ID:	2700
@
Time (s)	Temperature (C)	N2 Flow (cc/min)	O2 Flow (cc/min)	Total Flow (cc/min)	Oxygen (%)	HRR (W/g)	Heating Rate (C/s)	Combustor Temp (C)
0.000	75.193	80.055	19.974	100.024	20.262	-18.536	0.019	899.024
0.500	75.182	80.057	19.975	100.023	20.243	-16.443	0.002	899.013
1.000	75.199	80.057	19.977	100.022	20.219	-13.893	0.007	899.011
1.500	75.209	80.056	19.976	100.028	20.196	-11.585	0.028	899.011
2.000	75.206	80.055	19.977	100.075	20.178	-9.711	0.007	898.999
2.500	75.239	80.056	19.977	100.161	20.163	-8.202	0.030	899.016
3.000	75.282	80.056	19.977	100.279	20.151	-7.007	0.075	898.979
3.500	75.305	80.057	19.976	100.429	20.141	-5.956	0.065	899.026
4.000	75.441	80.055	19.975	100.587	20.134	-5.138	0.159	898.984
4.501	75.435	80.055	19.976	100.709	20.129	-4.659	0.130	898.992
5.001	75.520	80.053	19.976	100.799	20.128	-5.102	0.079	898.999
5.500	75.590	80.052	19.975	100.852	20.123	-5.944	0.155	899.007
6.001	75.655	80.055	19.975	100.874	20.119	-7.600	0.135	898.998
6.501	75.749	80.057	19.976	100.875	20.121	-10.425	0.159	898.993
7.001	75.854	80.056	19.975	100.868	20.121	-13.181	0.199	898.990
7.501	75.975	80.054	19.976	100.864	20.117	-15.711	0.226	898.968
8.000	76.074	80.052	19.976	100.859	20.122	-18.683	0.220	898.973
8.500	76.176	80.054	19.976	100.859	20.118	-19.992	0.201	898.963
9.001	76.311	80.052	19.976	100.859	20.118	-20.739	0.237	898.967
9.501	76.437	80.051	19.976	100.862	20.115	-20.443	0.261	898.966
10.000	76.572	80.053	19.975	100.858	20.112	-19.902	0.261	898.956
10.500	76.733	80.053	19.976	100.859	20.097	-17.707	0.295	898.951
11.001	76.825	80.054	19.975	100.857	20.070	-14.128	0.253	898.943
11.502	76.971	80.057	19.975	100.854	20.046	-10.638	0.239	898.908
12.002	77.174	80.054	19.975	100.859	20.009	-5.983	0.350	898.935
12.501	77.328	80.055	19.975	100.894	19.989	-3.220	0.357	898.930
13.000	77.504	80.056	19.976	100.975	19.971	-0.717	0.329	898.904
13.501	77.738	80.055	19.977	101.106	19.960	1.188	0.410	898.944
14.001	78.004	80.057	19.975	101.268	19.956	2.258	0.500	898.912
14.501	78.239	80.053	19.976	101.438	19.958	2.679	0.501	898.923
15.001	78.553	80.052	19.975	101.590	19.960	3.304	0.549	898.898
15.501	78.803	80.054	19.975	101.700	19.966	3.398	0.564	898.932
16.001	79.135	80.053	19.976	101.759	19.971	3.623	0.581	898.920
16.501	79.451	80.054	19.976	101.777	19.975	3.881	0.647	898.929
17.002	79.811	80.057	19.976	101.766	19.983	3.416	0.676	898.952
17.502	80.148	80.055	19.976	101.735	19.990	3.193	0.698	898.960
18.001	80.506	80.054	19.975	101.694	19.998	2.701	0.696	898.947
18.501	80.857	80.054	19.975	101.641	20.004	2.495	0.710	898.899
19.001	81.227	80.055	19.977	101.587	20.010	2.414	0.721	898.912
19.501	81.640	80.055	19.976	101.551	20.013	2.563	0.783	898.924
20.001	82.056	80.055	19.976	101.514	20.019	2.403	0.828	898.945
20.501	82.451	80.057	19.975	101.476	20.029	1.906	0.810	898.937
21.001	82.828	80.057	19.974	101.443	20.033	1.882	0.771	898.908
21.501	83.286	80.055	19.975	101.410	20.040	1.399	0.836	898.903
22.001	83.709	80.056	19.975	101.368	20.044	1.103	0.882	898.880
22.501	84.144	80.057	19.975	101.328	20.049	0.788	0.858	898.912
23.001	84.617	80.055	19.976	101.285	20.055	0.520	0.908	898.902
23.501	85.025	80.057	19.975	101.246	20.059	0.190	0.881	898.879
24.001	85.505	80.056	19.975	101.220	20.062	0.106	0.887	898.888
24.501	85.962	80.057	19.976	101.200	20.067	0.073	0.937	898.888
25.001	86.410	80.057	19.976	101.177	20.074	-0.441	0.906	898.890
25.501	86.890	80.055	19.977	101.164	20.075	-0.360	0.927	898.903
26.002	87.368	80.056	19.975	101.143	20.076	-0.471	0.958	898.902
26.501	87.820	80.056	19.974	101.112	20.080	-0.707	0.931	898.874
27.001	88.317	80.056	19.976	101.084	20.082	-0.692	0.949	898.864
27.501	88.806	80.057	19.975	101.063	20.088	-1.408	0.986	898.905
28.001	89.330	80.057	19.974	101.032	20.090	-1.361	1.014	898.891
28.500	89.804	80.058	19.975	101.017	20.093	-1.510	0.998	898.873
29.000	90.306	80.057	19.975	101.015	20.101	-2.090	0.976	898.892
29.501	90.790	80.055	19.975	101.002	20.101	-1.805	0.986	898.885
30.001	91.282	80.056	19.976	100.992	20.103	-1.742	0.976	898.868
30.501	91.808	80.057	19.976	100.980	20.106	-1.779	1.017	898.862
31.001	92.289	80.054	19.976	100.972	20.109	-2.086	1.007	898.854
31.501	92.807	80.056	19.976	100.954	20.108	-1.776	0.999	898.852
32.001	93.310	80.056	19.976	100.932	20.111	-1.915	1.020	898.834
32.501	93.843	80.055	19.976	100.918	20.113	-2.073	1.036	898.827
33.001	94.335	80.057	19.975	100.919	20.115	-2.293	1.024	898.836
33.502	94.875	80.057	19.975	100.909	20.114	-2.009	1.032	898.850
34.002	95.346	80.055	19.975	100.905	20.120	-2.460	1.011	898.833
34.501	95.880	80.055	19.976	100.903	20.119	-2.410	1.005	898.854
35.002	96.417	80.055	19.975	100.903	20.120	-2.383	1.072	898.820
35.501	96.958	80.057	19.976	100.884	20.124	-2.756	1.079	898.816
36.001	97.450	80.056	19.976	100.874	20.124	-2.584	1.033	898.848
36.501	97.978	80.056	19.975	100.862	20.127	-3.155	1.020	898.824
37.001	98.531	80.057	19.975	100.854	20.128	-3.108	1.080	898.815
37.501	99.044	80.056	19.975	100.831	20.129	-3.143	1.066	898.833
38.001	99.571	80.057	19.976	100.828	20.130	-3.056	1.041	898.855
38.501	100.101	80.059	19.975	100.821	20.127	-2.732	1.058	898.835
39.000	100.634	80.059	19.975	100.809	20.129	-2.975	1.063	898.839
39.501	101.149	80.060	19.975	100.807	20.132	-3.078	1.047	898.829
40.001	101.679	80.058	19.975	100.807	20.132	-3.015	1.045	898.852
40.501	102.240	80.055	19.974	100.803	20.130	-2.665	1.091	898.829
41.001	102.724	80.057	19.975	100.788	20.132	-2.752	1.045	898.809
41.501	103.272	80.058	19.976	100.787	20.133	-2.795	1.031	898.812
42.002	103.818	80.057	19.974	100.787	20.135	-3.028	1.093	898.803
42.501	104.349	80.058	19.974	100.783	20.141	-3.540	1.079	898.815
43.001	104.884	80.058	19.974	100.782	20.141	-3.538	1.067	898.863
43.501	105.419	80.056	19.975	100.780	20.144	-3.988	1.069	898.819
44.001	105.894	80.059	19.976	100.785	20.141	-3.644	1.010	898.813
44.501	106.478	80.058	19.974	100.777	20.143	-3.762	1.059	898.774
45.001	106.995	80.057	19.974	100.774	20.141	-3.525	1.101	898.808
45.501	107.586	80.055	19.975	100.766	20.146	-3.873	1.108	898.815
46.001	108.060	80.055	19.975	100.767	20.149	-4.010	1.065	898.791
46.501	108.598	80.056	19.975	100.757	20.149	-4.053	1.011	898.769
47.001	109.129	80.055	19.976	100.758	20.147	-3.825	1.068	898.825
47.501	109.676	80.055	19.976	100.754	20.148	-3.874	1.079	898.826
48.001	110.203	80.057	19.975	100.746	20.148	-3.795	1.074	898.797
48.501	110.722	80.053	19.975	100.738	20.150	-3.967	1.045	898.759
49.001	111.276	80.056	19.976	100.732	20.152	-4.100	1.073	898.803
49.501	111.789	80.058	19.977	100.730	20.150	-3.634	1.068	898.821
50.001	112.327	80.056	19.975	100.731	20.148	-3.201	1.052	898.777
50.501	112.865	80.055	19.975	100.742	20.152	-3.471	1.076	898.823
51.001	113.385	80.056	19.976	100.746	20.149	-3.165	1.058	898.766
51.501	113.924	80.055	19.975	100.742	20.152	-3.393	1.058	898.794
52.001	114.459	80.055	19.975	100.731	20.151	-3.231	1.074	898.782
52.501	114.996	80.054	19.976	100.728	20.154	-3.859	1.072	898.804
53.001	115.543	80.056	19.976	100.718	20.155	-4.207	1.084	898.770
53.501	116.069	80.055	19.975	100.714	20.156	-4.401	1.073	898.786
54.001	116.608	80.054	19.976	100.716	20.157	-4.531	1.065	898.776
54.501	117.142	80.056	19.975	100.719	20.155	-4.379	1.073	898.802
55.001	117.696	80.058	19.976	100.712	20.157	-4.651	1.089	898.780
55.501	118.217	80.056	19.975	100.711	20.155	-4.324	1.075	898.775
56.001	118.788	80.055	19.975	100.705	20.158	-4.294	1.092	898.797
56.501	119.306	80.054	19.975	100.700	20.159	-4.333	1.090	898.786
57.001	119.867	80.052	19.975	100.685	20.159	-4.271	1.080	898.791
57.501	120.353	80.054	19.974	100.674	20.157	-4.055	1.047	898.784
58.001	120.901	80.054	19.976	100.666	20.159	-4.213	1.033	898.763
58.501	121.430	80.056	19.976	100.667	20.162	-4.582	1.076	898.770
59.001	121.982	80.057	19.975	100.662	20.161	-4.521	1.080	898.801
59.501	122.520	80.056	19.975	100.669	20.163	-4.718	1.090	898.769
60.001	123.052	80.059	19.975	100.686	20.161	-4.594	1.070	898.784
60.501	123.581	80.059	19.976	100.699	20.158	-4.343	1.061	898.790
61.001	124.104	80.057	19.975	100.700	20.161	-4.653	1.053	898.766
61.501	124.636	80.058	19.975	100.708	20.163	-4.744	1.055	898.779
62.001	125.162	80.055	19.976	100.710	20.159	-4.418	1.058	898.785
62.501	125.711	80.055	19.975	100.700	20.159	-4.424	1.075	898.771
63.002	126.224	80.056	19.976	100.690	20.160	-4.458	1.061	898.749
63.502	126.775	80.055	19.976	100.679	20.162	-4.458	1.063	898.799
64.001	127.318	80.057	19.975	100.674	20.160	-4.303	1.095	898.739
64.502	127.838	80.055	19.975	100.674	20.161	-4.337	1.063	898.775
65.002	128.347	80.054	19.974	100.672	20.165	-4.519	1.029	898.763
65.501	128.888	80.056	19.974	100.670	20.163	-4.323	1.051	898.763
66.001	129.446	80.057	19.975	100.680	20.164	-4.340	1.099	898.776
66.502	129.926	80.056	19.974	100.680	20.161	-3.988	1.037	898.750
67.001	130.477	80.055	19.974	100.678	20.161	-3.982	1.031	898.767
67.501	130.970	80.055	19.975	100.683	20.158	-3.713	1.045	898.757
68.001	131.512	80.057	19.975	100.689	20.161	-3.981	1.034	898.759
68.502	132.040	80.057	19.974	100.681	20.161	-3.921	1.070	898.763
69.002	132.566	80.055	19.975	100.680	20.162	-4.043	1.055	898.759
69.501	133.113	80.057	19.975	100.685	20.160	-3.890	1.073	898.756
70.001	133.615	80.053	19.975	100.679	20.164	-4.296	1.049	898.761
70.501	134.177	80.053	19.974	100.674	20.167	-4.521	1.064	898.774
71.002	134.716	80.055	19.974	100.676	20.169	-4.752	1.100	898.747
71.502	135.227	80.054	19.974	100.673	20.171	-4.945	1.049	898.746
72.002	135.778	80.054	19.973	100.659	20.166	-4.301	1.063	898.759
72.501	136.289	80.053	19.974	100.657	20.167	-4.529	1.062	898.774
73.002	136.793	80.052	19.975	100.655	20.169	-4.751	1.014	898.740
73.502	137.344	80.054	19.974	100.651	20.168	-4.657	1.054	898.764
74.002	137.859	80.054	19.974	100.649	20.165	-4.454	1.066	898.751
74.501	138.373	80.053	19.975	100.649	20.166	-4.612	1.030	898.776
75.001	138.898	80.054	19.974	100.647	20.170	-5.065	1.040	898.761
75.501	139.442	80.055	19.974	100.646	20.168	-4.687	1.069	898.776
76.001	139.967	80.056	19.974	100.647	20.169	-4.875	1.069	898.759
76.501	140.506	80.056	19.974	100.649	20.171	-5.105	1.064	898.776
77.001	140.990	80.054	19.974	100.653	20.170	-5.094	1.023	898.756
77.501	141.531	80.053	19.975	100.651	20.170	-4.885	1.024	898.767
78.002	142.020	80.053	19.973	100.647	20.168	-4.624	1.029	898.753
78.502	142.583	80.052	19.974	100.645	20.166	-4.504	1.053	898.757
79.001	143.074	80.056	19.974	100.643	20.171	-4.927	1.054	898.761
79.502	143.591	80.055	19.974	100.640	20.170	-4.805	1.007	898.782
80.002	144.125	80.056	19.975	100.645	20.173	-5.006	1.051	898.771
80.502	144.664	80.056	19.976	100.648	20.174	-5.117	1.073	898.799
81.002	145.140	80.055	19.975	100.651	20.173	-4.942	1.014	898.780
81.502	145.692	80.056	19.974	100.651	20.171	-4.738	1.028	898.764
82.002	146.202	80.059	19.974	100.659	20.172	-4.732	1.063	898.743
82.501	146.702	80.055	19.975	100.658	20.172	-4.798	1.010	898.773
83.002	147.264	80.057	19.975	100.652	20.170	-4.628	1.061	898.768
83.502	147.751	80.055	19.974	100.652	20.171	-4.782	1.050	898.744
84.001	148.251	80.056	19.974	100.658	20.172	-4.999	0.987	898.758
84.501	148.797	80.057	19.974	100.656	20.173	-5.035	1.045	898.776
85.002	149.319	80.054	19.974	100.649	20.174	-5.163	1.068	898.773
85.501	149.836	80.055	19.975	100.651	20.172	-4.889	1.040	898.755
86.001	150.369	80.056	19.976	100.648	20.171	-4.772	1.050	898.765
86.501	150.899	80.057	19.975	100.643	20.174	-4.969	1.062	898.773
87.002	151.398	80.057	19.975	100.638	20.176	-5.040	1.030	898.778
87.501	151.893	80.059	19.975	100.640	20.176	-5.251	0.993	898.783
88.002	152.420	80.057	19.975	100.642	20.177	-5.423	1.022	898.767
88.502	152.923	80.055	19.975	100.636	20.176	-5.367	1.030	898.769
89.002	153.444	80.052	19.975	100.631	20.173	-5.102	1.023	898.772
89.502	153.939	80.055	19.975	100.630	20.173	-5.012	1.016	898.766
90.002	154.485	80.056	19.976	100.632	20.173	-4.957	1.041	898.762
90.502	154.996	80.057	19.975	100.633	20.174	-4.955	1.057	898.769
91.002	155.538	80.058	19.975	100.641	20.174	-4.799	1.053	898.779
91.502	156.019	80.056	19.975	100.650	20.176	-5.009	1.023	898.777
92.002	156.543	80.057	19.975	100.644	20.177	-5.034	1.005	898.786
92.502	157.058	80.059	19.975	100.639	20.175	-4.985	1.039	898.767
93.002	157.550	80.059	19.975	100.636	20.175	-5.053	1.006	898.766
93.502	158.067	80.057	19.975	100.631	20.175	-5.120	1.009	898.752
94.002	158.576	80.059	19.975	100.623	20.172	-4.949	1.027	898.758
94.502	159.086	80.059	19.974	100.631	20.173	-5.119	1.019	898.755
95.002	159.595	80.059	19.975	100.638	20.176	-5.442	1.018	898.784
95.502	160.122	80.058	19.975	100.641	20.175	-5.204	1.037	898.772
96.002	160.630	80.057	19.975	100.645	20.174	-5.029	1.036	898.799
96.502	161.153	80.058	19.975	100.645	20.173	-4.956	1.031	898.799
97.002	161.684	80.058	19.976	100.641	20.178	-5.331	1.055	898.774
97.501	162.169	80.056	19.975	100.635	20.179	-5.334	1.017	898.778
98.002	162.701	80.059	19.975	100.628	20.176	-4.984	1.016	898.777
98.502	163.206	80.059	19.975	100.621	20.177	-5.102	1.037	898.749
99.002	163.705	80.059	19.976	100.619	20.179	-5.226	1.005	898.763
99.501	164.218	80.059	19.976	100.619	20.175	-4.792	1.011	898.750
100.002	164.734	80.057	19.976	100.625	20.177	-5.050	1.027	898.756
100.503	165.254	80.060	19.976	100.633	20.179	-5.180	1.037	898.749
101.002	165.774	80.058	19.975	100.640	20.179	-5.276	1.040	898.748
101.502	166.258	80.058	19.975	100.646	20.178	-5.164	1.003	898.765
102.002	166.811	80.058	19.975	100.649	20.181	-5.570	1.038	898.768
102.502	167.323	80.058	19.976	100.644	20.182	-5.753	1.065	898.776
103.002	167.829	80.058	19.975	100.638	20.182	-5.833	1.018	898.776
103.502	168.333	80.060	19.975	100.633	20.180	-5.612	1.010	898.781
104.002	168.860	80.060	19.975	100.631	20.180	-5.557	1.030	898.784
104.502	169.361	80.058	19.975	100.628	20.179	-5.560	1.028	898.785
105.002	169.853	80.055	19.975	100.624	20.179	-5.364	0.993	898.801
105.502	170.332	80.054	19.975	100.621	20.180	-5.364	0.971	898.773
106.002	170.852	80.058	19.975	100.621	20.178	-4.992	1.000	898.758
106.502	171.382	80.057	19.976	100.618	20.177	-4.995	1.050	898.764
107.002	171.866	80.057	19.975	100.616	20.179	-5.073	1.014	898.782
107.502	172.386	80.058	19.975	100.619	20.180	-5.113	1.004	898.791
108.002	172.862	80.058	19.976	100.622	20.180	-5.161	0.995	898.809
108.502	173.409	80.058	19.975	100.622	20.181	-5.090	1.023	898.770
109.003	173.916	80.058	19.975	100.619	20.181	-5.215	1.054	898.768
109.502	174.396	80.059	19.975	100.629	20.181	-5.031	0.987	898.779
110.002	174.935	80.059	19.974	100.631	20.183	-5.390	1.020	898.793
110.502	175.475	80.058	19.975	100.638	20.181	-5.250	1.079	898.798
111.002	175.952	80.059	19.975	100.635	20.184	-5.529	1.017	898.793
111.502	176.471	80.061	19.975	100.638	20.183	-5.380	0.997	898.791
112.001	176.983	80.059	19.975	100.629	20.185	-5.670	1.031	898.808
112.502	177.493	80.058	19.975	100.623	20.185	-5.609	1.021	898.778
113.002	178.035	80.059	19.975	100.615	20.183	-5.181	1.052	898.819
113.502	178.557	80.057	19.976	100.613	20.187	-5.412	1.064	898.832
114.002	179.048	80.058	19.975	100.613	20.186	-5.280	1.013	898.847
114.502	179.546	80.058	19.975	100.611	20.189	-5.470	0.989	898.832
115.003	180.034	80.058	19.975	100.607	20.185	-5.060	0.985	898.809
115.503	180.562	80.058	19.975	100.607	20.186	-5.359	1.016	898.810
116.002	181.077	80.057	19.975	100.605	20.184	-5.204	1.043	898.833
116.502	181.585	80.057	19.975	100.600	20.182	-4.969	1.023	898.848
117.003	182.109	80.059	19.974	100.598	20.183	-5.189	1.033	898.833
117.502	182.626	80.056	19.975	100.606	20.183	-5.225	1.042	898.835
118.002	183.151	80.057	19.975	100.608	20.187	-5.388	1.042	898.856
118.502	183.666	80.058	19.975	100.612	20.186	-5.240	1.039	898.840
119.002	184.176	80.057	19.975	100.609	20.186	-5.223	1.024	898.856
119.503	184.683	80.059	19.976	100.613	20.186	-5.144	1.017	898.828
120.003	185.212	80.059	19.974	100.598	20.184	-4.971	1.036	898.875
120.502	185.694	80.058	19.974	100.588	20.189	-5.445	1.011	898.843
121.002	186.208	80.059	19.974	100.584	20.187	-5.176	0.996	898.843
121.503	186.676	80.057	19.974	100.582	20.188	-5.242	0.982	898.850
122.003	187.195	80.056	19.975	100.572	20.188	-5.156	0.987	898.847
122.502	187.710	80.056	19.975	100.584	20.186	-4.998	1.034	898.835
123.002	188.217	80.054	19.975	100.591	20.188	-4.993	1.022	898.819
123.502	188.713	80.056	19.975	100.591	20.189	-5.129	1.003	898.841
124.002	189.264	80.056	19.974	100.595	20.190	-5.341	1.047	898.848
124.502	189.747	80.055	19.975	100.598	20.190	-5.379	1.034	898.843
125.002	190.272	80.057	19.975	100.592	20.191	-5.348	1.008	898.857
125.502	190.786	80.055	19.975	100.581	20.186	-4.837	1.040	898.856
126.002	191.298	80.055	19.975	100.582	20.189	-5.158	1.026	898.872
126.502	191.793	80.053	19.974	100.579	20.192	-5.382	1.007	898.865
127.002	192.306	80.052	19.975	100.575	20.194	-5.597	1.007	898.846
127.503	192.799	80.054	19.976	100.578	20.191	-5.271	1.005	898.860
128.002	193.297	80.054	19.975	100.579	20.191	-5.322	0.992	898.834
128.502	193.802	80.052	19.976	100.572	20.193	-5.571	1.004	898.875
129.002	194.306	80.054	19.975	100.571	20.198	-6.021	1.009	898.866
129.503	194.819	80.053	19.976	100.569	20.195	-5.822	1.016	898.853
130.002	195.324	80.053	19.976	100.563	20.193	-5.435	1.018	898.880
130.502	195.830	80.056	19.977	100.556	20.192	-5.298	1.011	898.849
131.002	196.334	80.054	19.976	100.561	20.197	-5.930	1.009	898.857
131.502	196.891	80.054	19.976	100.563	20.194	-5.668	1.062	898.860
132.002	197.413	80.051	19.975	100.567	20.194	-5.648	1.079	898.893
132.503	197.907	80.053	19.975	100.563	20.195	-5.648	1.015	898.896
133.003	198.404	80.055	19.976	100.564	20.194	-5.680	0.991	898.891
133.502	198.915	80.057	19.975	100.564	20.195	-5.813	1.009	898.877
134.002	199.460	80.056	19.975	100.555	20.195	-5.715	1.055	898.899
134.502	199.953	80.057	19.975	100.553	20.196	-5.829	1.038	898.861
135.002	200.494	80.055	19.975	100.561	20.199	-6.109	1.034	898.910
135.502	200.961	80.056	19.976	100.562	20.202	-6.514	1.008	898.888
136.002	201.444	80.059	19.976	100.564	20.196	-5.688	0.951	898.906
136.502	201.988	80.055	19.975	100.564	20.196	-5.471	1.026	898.900
137.003	202.443	80.054	19.975	100.559	20.198	-5.748	0.998	898.910
137.503	202.954	80.053	19.975	100.550	20.195	-5.402	0.967	898.866
138.002	203.498	80.053	19.975	100.559	20.197	-5.674	1.056	898.883
138.502	204.012	80.054	19.976	100.558	20.194	-5.338	1.058	898.912
139.002	204.489	80.053	19.975	100.563	20.195	-5.676	0.990	898.868
139.502	205.026	80.054	19.974	100.561	20.197	-5.856	1.014	898.904
140.002	205.544	80.054	19.975	100.562	20.195	-5.692	1.056	898.916
140.502	206.028	80.053	19.975	100.561	20.196	-5.965	1.003	898.912
141.002	206.587	80.053	19.975	100.562	20.195	-5.887	1.043	898.903
141.502	207.065	80.055	19.975	100.555	20.198	-6.135	1.037	898.898
142.002	207.553	80.053	19.974	100.561	20.196	-5.749	0.966	898.944
142.502	208.069	80.053	19.975	100.561	20.196	-5.864	1.004	898.910
143.002	208.571	80.052	19.975	100.560	20.198	-5.950	1.018	898.929
143.502	209.057	80.055	19.974	100.545	20.196	-5.577	0.988	898.897
144.002	209.575	80.058	19.975	100.544	20.196	-5.463	1.004	898.924
144.502	210.090	80.055	19.975	100.542	20.195	-5.414	1.033	898.944
145.002	210.579	80.056	19.974	100.543	20.196	-5.644	1.003	898.934
145.503	211.128	80.056	19.975	100.542	20.197	-5.812	1.037	898.902
146.003	211.641	80.052	19.974	100.554	20.202	-6.237	1.063	898.907
146.502	212.110	80.055	19.975	100.563	20.198	-5.759	0.983	898.974
147.002	212.611	80.056	19.976	100.555	20.196	-5.638	0.969	898.959
147.503	213.138	80.055	19.976	100.559	20.198	-5.769	1.027	898.961
148.002	213.647	80.054	19.976	100.565	20.199	-5.855	1.036	898.937
148.503	214.139	80.052	19.975	100.573	20.198	-5.736	1.000	898.939
149.003	214.640	80.055	19.974	100.565	20.199	-5.842	0.994	898.958
149.503	215.157	80.054	19.975	100.562	20.198	-5.731	1.018	898.961
150.003	215.661	80.055	19.975	100.559	20.197	-5.622	1.021	898.960
150.502	216.179	80.054	19.974	100.549	20.198	-5.624	1.023	898.980
151.002	216.647	80.055	19.975	100.539	20.197	-5.574	0.985	898.967
151.503	217.137	80.053	19.975	100.541	20.197	-5.456	0.957	898.935
152.002	217.674	80.054	19.975	100.553	20.199	-5.739	1.028	898.967
152.502	218.160	80.054	19.975	100.551	20.200	-5.880	1.023	898.933
153.002	218.704	80.053	19.975	100.553	20.201	-5.974	1.029	898.949
153.503	219.201	80.053	19.975	100.548	20.206	-6.525	1.041	898.952
154.003	219.733	80.051	19.975	100.547	20.203	-6.189	1.029	898.970
154.503	220.204	80.053	19.975	100.543	20.202	-5.988	1.003	898.941
155.003	220.728	80.052	19.976	100.544	20.205	-6.100	0.995	898.983
155.503	221.234	80.051	19.975	100.540	20.200	-5.525	1.030	898.983
156.002	221.743	80.052	19.975	100.547	20.200	-5.534	1.016	898.997
156.502	222.251	80.051	19.976	100.546	20.201	-5.647	1.017	899.038
157.003	222.735	80.050	19.975	100.544	20.201	-5.667	0.991	898.976
157.502	223.259	80.054	19.975	100.542	20.202	-5.772	1.009	899.004
158.002	223.724	80.055	19.976	100.537	20.200	-5.784	0.989	898.975
158.502	224.268	80.054	19.977	100.535	20.200	-5.887	1.008	898.968
159.003	224.770	80.053	19.975	100.536	20.204	-6.384	1.046	899.005
159.503	225.248	80.052	19.976	100.543	20.199	-5.799	0.979	899.006
160.003	225.789	80.054	19.975	100.541	20.203	-6.182	1.019	899.019
160.503	226.287	80.052	19.975	100.546	20.203	-6.346	1.040	898.967
161.002	226.762	80.051	19.976	100.544	20.201	-6.190	0.973	899.002
161.502	227.251	80.054	19.974	100.544	20.203	-6.313	0.964	898.998
162.003	227.806	80.052	19.975	100.532	20.206	-6.384	1.044	898.993
162.502	228.299	80.052	19.975	100.525	20.203	-5.912	1.047	899.027
163.003	228.782	80.055	19.975	100.523	20.202	-5.642	0.975	898.994
163.503	229.281	80.054	19.977	100.520	20.203	-5.742	0.982	899.017
164.003	229.810	80.053	19.977	100.521	20.204	-5.724	1.029	899.027
164.503	230.321	80.052	19.977	100.528	20.200	-5.159	1.040	899.051
165.003	230.850	80.053	19.975	100.533	20.204	-5.625	1.040	899.023
165.503	231.294	80.054	19.975	100.535	20.200	-5.411	0.973	899.037
166.003	231.817	80.053	19.975	100.541	20.203	-5.836	0.967	899.047
166.503	232.303	80.052	19.976	100.544	20.204	-5.848	1.009	899.005
167.003	232.856	80.054	19.975	100.542	20.201	-5.624	1.039	899.050
167.503	233.316	80.052	19.974	100.546	20.201	-5.671	1.014	899.039
168.003	233.819	80.053	19.975	100.551	20.205	-6.164	0.964	899.044
168.502	234.325	80.054	19.975	100.549	20.205	-6.050	1.008	899.037
169.003	234.827	80.052	19.976	100.546	20.205	-6.006	1.008	899.034
169.503	235.315	80.051	19.975	100.537	20.207	-6.187	0.990	899.068
170.003	235.862	80.050	19.975	100.527	20.204	-5.895	1.034	899.052
170.503	236.374	80.050	19.975	100.512	20.203	-5.777	1.059	899.053
171.003	236.874	80.052	19.975	100.509	20.206	-5.980	1.012	899.081
171.502	237.353	80.051	19.975	100.504	20.205	-5.878	0.979	899.044
172.003	237.890	80.052	19.975	100.508	20.206	-6.036	1.015	899.078
172.503	238.364	80.053	19.974	100.513	20.202	-5.675	1.012	899.092
173.003	238.842	80.052	19.974	100.521	20.203	-5.907	0.952	899.056
173.503	239.361	80.053	19.975	100.520	20.208	-6.380	0.995	899.059
174.004	239.892	80.055	19.974	100.521	20.205	-6.075	1.049	899.087
174.504	240.387	80.052	19.975	100.524	20.208	-6.314	1.027	899.057
175.003	240.860	80.051	19.976	100.527	20.206	-6.113	0.969	899.107
175.503	241.378	80.051	19.975	100.527	20.204	-5.870	0.991	899.101
176.003	241.867	80.052	19.975	100.524	20.206	-6.033	1.007	899.068
176.503	242.385	80.054	19.975	100.520	20.202	-5.482	1.006	899.078
177.004	242.907	80.053	19.975	100.518	20.203	-5.528	1.039	899.090
177.503	243.401	80.054	19.975	100.516	20.209	-6.118	1.017	899.095
178.003	243.934	80.054	19.975	100.517	20.203	-5.552	1.027	899.097
178.503	244.386	80.052	19.975	100.516	20.206	-5.772	0.985	899.103
179.003	244.909	80.054	19.976	100.520	20.210	-6.058	0.976	899.090
179.503	245.389	80.055	19.976	100.518	20.207	-5.793	1.004	899.118
180.002	245.916	80.053	19.976	100.520	20.207	-5.817	1.007	899.100
180.502	246.410	80.052	19.977	100.525	20.212	-6.277	1.020	899.095
181.003	246.916	80.052	19.977	100.528	20.209	-5.948	1.000	899.094
181.503	247.428	80.053	19.976	100.523	20.207	-5.682	1.018	899.110
182.002	247.905	80.053	19.975	100.526	20.209	-5.869	0.989	899.094
182.503	248.418	80.051	19.976	100.518	20.213	-6.231	0.990	899.109
183.003	248.927	80.053	19.975	100.510	20.212	-6.205	1.022	899.106
183.503	249.415	80.053	19.975	100.513	20.214	-6.469	0.997	899.124
184.003	249.935	80.051	19.975	100.510	20.213	-6.378	1.007	899.124
184.503	250.446	80.053	19.976	100.503	20.215	-6.592	1.031	899.120
185.003	250.908	80.052	19.976	100.509	20.207	-5.673	0.973	899.099
185.503	251.450	80.051	19.976	100.507	20.210	-6.116	1.004	899.115
186.003	251.945	80.050	19.976	100.497	20.209	-6.031	1.037	899.105
186.503	252.448	80.049	19.976	100.500	20.212	-6.210	0.998	899.104
187.003	252.938	80.051	19.977	100.502	20.209	-5.862	0.994	899.154
187.503	253.440	80.051	19.975	100.498	20.210	-5.978	0.991	899.164
188.004	253.933	80.050	19.976	100.497	20.212	-6.255	0.994	899.136
188.504	254.424	80.052	19.975	100.495	20.214	-6.498	0.985	899.140
189.003	254.984	80.051	19.975	100.494	20.211	-6.138	1.052	899.168
189.503	255.462	80.048	19.975	100.494	20.211	-6.074	1.038	899.162
190.004	255.955	80.050	19.976	100.492	20.212	-6.325	0.971	899.152
190.503	256.474	80.050	19.975	100.491	20.211	-6.186	1.013	899.154
191.003	256.988	80.050	19.975	100.500	20.214	-6.245	1.032	899.156
191.504	257.461	80.049	19.976	100.498	20.213	-5.917	0.986	899.187
192.004	258.035	80.048	19.975	100.497	20.213	-6.022	1.048	899.186
192.503	258.513	80.052	19.974	100.498	20.213	-6.195	1.053	899.208
193.003	259.018	80.051	19.975	100.500	20.214	-6.285	0.983	899.179
193.503	259.511	80.053	19.975	100.497	20.213	-6.275	0.998	899.182
194.003	260.026	80.054	19.975	100.497	20.213	-6.380	1.008	899.196
194.503	260.520	80.053	19.975	100.495	20.213	-6.431	1.009	899.193
195.003	261.036	80.053	19.975	100.493	20.215	-6.547	1.010	899.198
195.503	261.494	80.055	19.975	100.498	20.216	-6.725	0.974	899.216
196.003	262.004	80.053	19.974	100.499	20.212	-6.049	0.967	899.189
196.503	262.518	80.053	19.974	100.497	20.211	-5.776	1.024	899.221
197.003	263.004	80.052	19.975	100.498	20.209	-5.546	1.001	899.194
197.503	263.524	80.052	19.975	100.503	20.209	-5.580	1.007	899.204
198.003	264.017	80.053	19.975	100.494	20.212	-5.953	1.013	899.188
198.503	264.527	80.050	19.974	100.478	20.208	-5.345	1.002	899.207
199.003	265.039	80.051	19.974	100.477	20.210	-5.637	1.022	899.226
199.503	265.510	80.051	19.974	100.479	20.211	-5.967	0.983	899.213
200.003	265.991	80.051	19.974	100.483	20.212	-6.210	0.952	899.208
200.503	266.494	80.054	19.973	100.489	20.210	-5.962	0.983	899.205
201.004	267.049	80.055	19.975	100.503	20.212	-6.133	1.057	899.211
201.504	267.543	80.054	19.974	100.501	20.210	-6.156	1.049	899.216
202.004	268.014	80.053	19.974	100.499	20.213	-6.524	0.965	899.287
202.504	268.528	80.052	19.976	100.491	20.214	-6.501	0.986	899.253
203.003	269.027	80.053	19.975	100.497	20.212	-6.199	1.014	899.263
203.503	269.530	80.053	19.975	100.485	20.209	-5.870	1.001	899.250
204.003	270.018	80.052	19.974	100.480	20.211	-6.048	0.990	899.252
204.503	270.528	80.053	19.973	100.473	20.210	-5.911	0.997	899.251
205.004	271.007	80.054	19.974	100.477	20.209	-5.655	0.989	899.245
205.503	271.537	80.052	19.974	100.470	20.210	-5.644	1.010	899.259
206.003	272.031	80.054	19.973	100.473	20.212	-5.815	1.024	899.243
206.503	272.529	80.056	19.974	100.484	20.213	-6.059	0.991	899.255
207.004	273.025	80.056	19.974	100.493	20.212	-5.994	0.994	899.239
207.504	273.501	80.053	19.974	100.494	20.219	-6.741	0.973	899.285
208.004	274.023	80.055	19.975	100.490	20.215	-6.559	0.997	899.266
208.504	274.529	80.056	19.975	100.495	20.217	-6.923	1.027	899.264
209.004	275.045	80.057	19.975	100.502	20.215	-6.695	1.022	899.283
209.503	275.555	80.055	19.975	100.504	20.215	-6.646	1.027	899.296
210.003	276.029	80.057	19.975	100.498	20.216	-6.621	0.985	899.309
210.503	276.507	80.056	19.975	100.498	20.218	-6.659	0.951	899.280
211.004	277.038	80.055	19.976	100.493	20.217	-6.444	1.008	899.306
211.503	277.507	80.056	19.976	100.486	20.217	-6.307	1.001	899.291
212.003	278.035	80.054	19.976	100.483	20.216	-6.261	0.997	899.272
212.503	278.540	80.053	19.975	100.479	20.220	-6.685	1.033	899.310
213.003	279.005	80.054	19.975	100.474	20.213	-5.976	0.970	899.303
213.503	279.521	80.054	19.975	100.477	20.213	-6.001	0.981	899.295
214.003	280.009	80.057	19.976	100.478	20.215	-6.202	1.004	899.287
214.504	280.521	80.055	19.975	100.479	20.215	-6.062	1.000	899.300
215.003	281.026	80.055	19.975	100.491	20.213	-5.908	1.018	899.318
215.503	281.532	80.056	19.975	100.504	20.216	-6.109	1.011	899.319
216.003	282.023	80.055	19.975	100.510	20.219	-6.544	0.997	899.297
216.503	282.528	80.056	19.976	100.506	20.216	-6.154	0.996	899.331
217.003	283.043	80.055	19.975	100.500	20.217	-6.166	1.021	899.333
217.503	283.562	80.054	19.975	100.492	20.218	-6.278	1.034	899.305
218.003	284.065	80.057	19.976	100.481	20.217	-6.283	1.021	899.327
218.504	284.534	80.055	19.975	100.473	20.217	-6.312	0.972	899.341
219.003	285.038	80.055	19.975	100.475	20.217	-6.360	0.973	899.350
219.504	285.552	80.057	19.976	100.478	20.218	-6.331	1.017	899.356
220.004	286.064	80.056	19.976	100.479	20.217	-6.228	1.026	899.379
220.503	286.557	80.055	19.976	100.478	20.216	-6.278	1.005	899.358
221.003	287.061	80.056	19.975	100.477	20.218	-6.443	0.997	899.376
221.503	287.576	80.054	19.975	100.475	20.218	-6.442	1.020	899.377
222.003	288.052	80.055	19.976	100.471	20.220	-6.628	0.991	899.396
222.504	288.556	80.055	19.975	100.470	20.220	-6.669	0.980	899.354
223.003	289.072	80.054	19.975	100.471	20.218	-6.509	1.020	899.350
223.503	289.586	80.053	19.976	100.474	20.216	-6.129	1.029	899.385
224.003	290.055	80.053	19.975	100.470	20.218	-6.235	0.983	899.353
224.504	290.568	80.055	19.975	100.469	20.218	-6.198	0.983	899.378
225.003	291.083	80.055	19.976	100.466	20.216	-5.952	1.028	899.377
225.504	291.569	80.054	19.975	100.470	20.218	-6.223	1.000	899.375
226.003	292.048	80.056	19.976	100.470	20.217	-6.134	0.965	899.384
226.504	292.561	80.057	19.975	100.476	20.218	-6.251	0.992	899.403
227.004	293.069	80.055	19.975	100.473	20.217	-6.205	1.022	899.385
227.503	293.583	80.056	19.976	100.469	20.220	-6.456	1.023	899.426
228.003	294.061	80.058	19.976	100.473	20.219	-6.294	0.992	899.418
228.503	294.576	80.056	19.975	100.473	20.217	-6.248	0.993	899.401
229.003	295.079	80.053	19.975	100.474	20.217	-6.216	1.018	899.412
229.503	295.596	80.052	19.975	100.480	20.218	-6.344	1.020	899.416
230.004	296.092	80.055	19.975	100.483	20.218	-6.444	1.012	899.411
230.504	296.600	80.056	19.976	100.473	20.218	-6.419	1.003	899.439
231.004	297.081	80.053	19.975	100.470	20.219	-6.388	0.990	899.377
231.503	297.576	80.055	19.976	100.459	20.218	-6.089	0.977	899.448
232.003	298.095	80.055	19.975	100.461	20.216	-5.739	1.014	899.433
232.504	298.573	80.055	19.974	100.459	20.218	-5.890	0.997	899.442
233.003	299.039	80.055	19.975	100.463	20.217	-5.806	0.944	899.439
233.503	299.572	80.057	19.975	100.464	20.215	-5.637	0.999	899.420
234.003	300.079	80.055	19.975	100.469	20.215	-5.675	1.040	899.434
234.504	300.564	80.055	19.976	100.465	20.214	-5.720	0.991	899.446
235.004	301.075	80.056	19.975	100.466	20.216	-5.965	0.996	899.433
235.504	301.593	80.057	19.974	100.461	20.215	-5.992	1.030	899.456
236.003	302.090	80.058	19.976	100.470	20.216	-6.056	1.014	899.486
236.504	302.585	80.058	19.976	100.466	20.218	-6.196	0.991	899.428
237.004	303.091	80.058	19.976	100.470	20.220	-6.478	1.002	899.467
237.503	303.600	80.057	19.975	100.478	20.219	-6.273	1.016	899.442
238.003	304.059	80.056	19.975	100.475	20.217	-6.092	0.968	899.437
238.503	304.610	80.056	19.975	100.460	20.217	-6.022	1.011	899.456
239.003	305.120	80.056	19.975	100.456	20.216	-5.932	1.061	899.477
239.503	305.572	80.058	19.974	100.446	20.217	-5.998	0.962	899.492
240.003	306.095	80.056	19.976	100.438	20.216	-5.914	0.975	899.442
240.503	306.603	80.057	19.975	100.446	20.216	-6.051	1.031	899.423
241.004	307.075	80.055	19.975	100.453	20.216	-6.005	0.979	899.447
241.504	307.571	80.055	19.976	100.456	20.216	-5.948	0.968	899.455
242.004	308.094	80.055	19.975	100.462	20.218	-5.963	1.019	899.475
242.504	308.593	80.057	19.975	100.461	20.217	-6.000	1.023	899.472
243.003	309.073	80.056	19.975	100.463	20.215	-5.715	0.980	899.472
243.504	309.569	80.055	19.974	100.465	20.218	-5.852	0.975	899.494
244.004	310.103	80.058	19.975	100.469	20.217	-5.526	1.030	899.469
244.503	310.594	80.056	19.974	100.466	20.215	-5.247	1.025	899.484
245.004	311.099	80.056	19.973	100.463	20.214	-5.049	0.996	899.494
245.504	311.582	80.054	19.974	100.458	20.217	-5.393	0.988	899.507
246.004	312.091	80.054	19.974	100.456	20.217	-5.631	0.992	899.526
246.504	312.603	80.056	19.974	100.458	20.216	-5.787	1.021	899.492
247.004	313.088	80.055	19.976	100.460	20.217	-6.202	0.996	899.501
247.504	313.577	80.053	19.976	100.463	20.217	-6.315	0.974	899.522
248.004	314.100	80.056	19.975	100.464	20.218	-6.696	1.012	899.520
248.504	314.595	80.052	19.975	100.462	20.223	-6.970	1.019	899.517
249.004	315.110	80.054	19.975	100.457	20.219	-6.249	1.010	899.539
249.504	315.592	80.055	19.975	100.452	20.219	-6.016	0.997	899.544
250.004	316.073	80.053	19.976	100.457	20.218	-5.782	0.963	899.553
250.504	316.557	80.051	19.975	100.452	20.216	-5.506	0.964	899.553
251.004	317.081	80.051	19.975	100.442	20.214	-5.095	1.008	899.539
251.504	317.578	80.053	19.975	100.428	20.215	-5.189	1.022	899.544
252.004	318.092	80.054	19.975	100.427	20.218	-5.782	1.011	899.536
252.504	318.566	80.053	19.975	100.416	20.218	-5.782	0.988	899.527
253.004	319.061	80.053	19.976	100.424	20.217	-5.609	0.969	899.529
253.504	319.565	80.056	19.976	100.440	20.218	-5.745	0.999	899.534
254.004	320.107	80.055	19.975	100.465	20.215	-5.514	1.046	899.547
254.503	320.560	80.058	19.974	100.475	20.218	-5.762	0.996	899.556
255.003	321.042	80.060	19.975	100.484	20.216	-5.496	0.935	899.500
255.504	321.569	80.059	19.975	100.488	20.218	-5.668	1.007	899.538
256.005	322.085	80.058	19.974	100.474	20.216	-5.527	1.042	899.564
256.504	322.577	80.056	19.975	100.452	20.215	-5.483	1.009	899.559
257.004	323.091	80.056	19.975	100.443	20.215	-5.452	1.007	899.569
257.504	323.599	80.057	19.975	100.437	20.215	-5.491	1.022	899.599
258.004	324.093	80.055	19.976	100.424	20.221	-6.009	1.002	899.595
258.504	324.580	80.056	19.976	100.426	20.219	-5.783	0.981	899.602
259.004	325.079	80.057	19.975	100.434	20.220	-5.814	0.986	899.552
259.504	325.577	80.054	19.975	100.444	20.219	-5.673	0.998	899.572
260.004	326.093	80.057	19.975	100.442	20.215	-5.316	1.014	899.575
260.504	326.614	80.059	19.975	100.439	20.218	-5.635	1.037	899.587
261.004	327.066	80.059	19.976	100.440	20.220	-5.832	0.974	899.575
261.504	327.565	80.057	19.975	100.442	20.217	-5.568	0.951	899.607
262.004	328.049	80.056	19.975	100.435	20.216	-5.646	0.982	899.572
262.504	328.595	80.055	19.975	100.440	20.216	-5.745	1.029	899.593
263.005	329.075	80.056	19.975	100.441	20.218	-5.750	1.026	899.587
263.504	329.589	80.056	19.974	100.437	20.220	-5.756	0.995	899.584
264.004	330.090	80.057	19.975	100.437	20.217	-5.483	1.016	899.612
264.504	330.606	80.056	19.975	100.440	20.218	-5.617	1.016	899.615
265.005	331.118	80.055	19.975	100.437	20.222	-5.897	1.026	899.660
265.505	331.593	80.056	19.975	100.438	20.220	-5.703	0.988	899.597
266.004	332.090	80.056	19.975	100.435	20.221	-5.859	0.973	899.603
266.504	332.582	80.056	19.975	100.431	20.221	-5.879	0.988	899.613
267.004	333.086	80.055	19.975	100.424	20.219	-5.750	0.997	899.607
267.504	333.579	80.056	19.975	100.432	20.219	-5.752	0.998	899.628
268.004	334.098	80.056	19.975	100.437	20.220	-5.757	1.012	899.650
268.504	334.593	80.058	19.975	100.439	20.216	-5.352	1.013	899.677
269.004	335.127	80.057	19.975	100.436	20.216	-5.183	1.029	899.638
269.504	335.579	80.057	19.976	100.448	20.219	-5.597	0.986	899.638
270.004	336.103	80.057	19.975	100.442	20.217	-5.475	0.976	899.665
270.504	336.590	80.056	19.975	100.434	20.217	-5.424	1.012	899.660
271.004	337.105	80.059	19.974	100.430	20.218	-5.412	1.001	899.643
271.504	337.615	80.057	19.974	100.433	20.216	-5.127	1.024	899.645
272.004	338.074	80.058	19.975	100.423	20.215	-5.119	0.969	899.668
272.505	338.612	80.057	19.975	100.421	20.216	-5.285	0.996	899.649
273.005	339.093	80.058	19.975	100.426	20.215	-5.026	1.020	899.703
273.504	339.608	80.060	19.975	100.434	20.217	-5.210	0.996	899.673
274.004	340.099	80.058	19.974	100.431	20.214	-5.027	1.006	899.659
274.504	340.615	80.056	19.974	100.432	20.217	-5.490	1.008	899.673
275.004	341.077	80.057	19.975	100.432	20.215	-5.165	0.978	899.677
275.504	341.580	80.057	19.975	100.429	20.218	-5.465	0.965	899.690
276.004	342.106	80.058	19.975	100.426	20.216	-5.305	1.028	899.663
276.505	342.586	80.061	19.975	100.423	20.215	-5.254	1.005	899.664
277.005	343.107	80.059	19.974	100.425	20.216	-5.412	1.000	899.673
277.505	343.588	80.059	19.975	100.425	20.216	-5.302	1.002	899.683
278.005	344.087	80.058	19.975	100.425	20.216	-5.221	0.981	899.702
278.505	344.618	80.057	19.975	100.420	20.214	-4.865	1.031	899.726
279.004	345.139	80.059	19.975	100.419	20.216	-4.956	1.052	899.701
279.504	345.605	80.058	19.975	100.420	20.217	-4.997	0.987	899.705
280.005	346.091	80.058	19.974	100.418	20.218	-4.981	0.952	899.714
280.504	346.630	80.059	19.975	100.418	20.216	-4.764	1.026	899.729
281.004	347.095	80.058	19.975	100.421	20.216	-4.784	1.005	899.724
281.504	347.615	80.059	19.976	100.429	20.219	-5.202	0.985	899.706
282.004	348.106	80.060	19.976	100.427	20.219	-5.410	1.011	899.696
282.504	348.606	80.058	19.976	100.424	20.217	-5.142	0.991	899.715
283.004	349.108	80.058	19.976	100.426	20.217	-5.182	1.001	899.724
283.504	349.596	80.057	19.977	100.428	20.215	-5.201	0.990	899.704
284.004	350.123	80.056	19.977	100.427	20.212	-4.857	1.015	899.742
284.505	350.613	80.057	19.977	100.431	20.212	-4.838	1.016	899.726
285.005	351.112	80.056	19.976	100.425	20.212	-4.722	0.989	899.697
285.504	351.636	80.058	19.976	100.421	20.210	-4.678	1.024	899.738
286.004	352.090	80.059	19.976	100.411	20.209	-4.340	0.978	899.747
286.504	352.626	80.057	19.975	100.405	20.215	-4.983	0.989	899.745
287.005	353.120	80.058	19.975	100.396	20.212	-4.632	1.030	899.727
287.504	353.597	80.058	19.975	100.401	20.212	-4.665	0.972	899.763
288.004	354.131	80.057	19.975	100.395	20.209	-4.257	1.010	899.762
288.505	354.615	80.056	19.975	100.406	20.212	-4.660	1.017	899.752
289.005	355.121	80.056	19.975	100.410	20.210	-4.429	0.991	899.749
289.504	355.598	80.057	19.974	100.416	20.209	-4.188	0.984	899.743
290.004	356.109	80.058	19.975	100.411	20.210	-4.285	0.988	899.750
290.504	356.608	80.056	19.975	100.424	20.207	-3.935	1.010	899.771
291.004	357.113	80.057	19.975	100.425	20.209	-4.042	1.004	899.779
291.504	357.598	80.058	19.976	100.426	20.208	-3.806	0.989	899.778
292.005	358.113	80.058	19.976	100.418	20.205	-3.563	1.001	899.761
292.504	358.613	80.059	19.976	100.426	20.204	-3.654	1.016	899.786
293.004	359.122	80.057	19.975	100.418	20.205	-3.748	1.009	899.762
293.504	359.576	80.057	19.975	100.411	20.203	-3.615	0.963	899.746
294.005	360.106	80.057	19.975	100.412	20.204	-3.730	0.983	899.766
294.505	360.606	80.056	19.975	100.413	20.204	-3.885	1.030	899.754
295.004	361.121	80.057	19.975	100.409	20.204	-3.890	1.016	899.759
295.504	361.601	80.057	19.975	100.412	20.197	-3.047	0.994	899.780
296.005	362.076	80.055	19.975	100.414	20.200	-3.303	0.954	899.729
296.505	362.598	80.056	19.975	100.411	20.200	-3.324	0.998	899.759
297.004	363.113	80.056	19.975	100.407	20.200	-3.200	1.038	899.771
297.504	363.607	80.056	19.976	100.405	20.198	-2.945	1.009	899.785
298.004	364.133	80.058	19.975	100.400	20.205	-3.507	1.019	899.802
298.505	364.648	80.059	19.975	100.395	20.197	-2.697	1.040	899.793
299.005	365.129	80.056	19.975	100.387	20.201	-3.161	0.996	899.773
299.505	365.602	80.054	19.975	100.396	20.199	-2.900	0.955	899.802
300.005	366.136	80.053	19.975	100.404	20.198	-2.811	1.007	899.792
300.505	366.612	80.055	19.975	100.406	20.195	-2.431	1.009	899.790
301.004	367.121	80.054	19.975	100.410	20.194	-2.425	0.986	899.794
301.504	367.618	80.054	19.975	100.417	20.194	-2.531	1.006	899.771
302.004	368.106	80.056	19.974	100.416	20.194	-2.459	0.985	899.792
302.504	368.611	80.056	19.975	100.410	20.192	-2.233	0.994	899.805
303.004	369.093	80.055	19.975	100.408	20.189	-2.083	0.987	899.781
303.504	369.597	80.059	19.974	100.405	20.191	-2.291	0.986	899.827
304.004	370.123	80.057	19.974	100.405	20.191	-2.246	1.030	899.819
304.504	370.607	80.056	19.974	100.398	20.188	-1.841	1.009	899.799
305.005	371.103	80.056	19.975	100.395	20.188	-1.821	0.980	899.793
305.504	371.617	80.054	19.975	100.393	20.186	-1.541	1.010	899.813
306.005	372.104	80.055	19.974	100.394	20.186	-1.443	1.000	899.829
306.505	372.600	80.053	19.974	100.392	20.183	-1.150	0.982	899.818
307.005	373.138	80.050	19.975	100.393	20.182	-1.123	1.034	899.831
307.505	373.610	80.053	19.974	100.390	20.179	-0.830	1.010	899.806
308.005	374.110	80.055	19.975	100.390	20.179	-0.877	0.972	899.823
308.505	374.626	80.057	19.976	100.394	20.178	-0.877	1.017	899.842
309.004	375.128	80.057	19.975	100.400	20.174	-0.587	1.018	899.833
309.505	375.654	80.056	19.975	100.397	20.174	-0.578	1.027	899.818
310.005	376.120	80.054	19.975	100.399	20.173	-0.419	0.992	899.854
310.505	376.656	80.055	19.974	100.402	20.169	-0.146	1.003	899.830
311.004	377.139	80.052	19.976	100.397	20.163	0.473	1.019	899.884
311.505	377.623	80.055	19.975	100.392	20.165	0.308	0.967	899.846
312.005	378.131	80.054	19.974	100.395	20.161	0.720	0.992	899.831
312.505	378.606	80.055	19.975	100.394	20.159	0.857	0.983	899.875
313.004	379.098	80.055	19.974	100.387	20.156	1.223	0.967	899.863
313.504	379.649	80.055	19.975	100.382	20.150	1.890	1.043	899.857
314.005	380.119	80.055	19.975	100.379	20.146	2.255	1.020	899.852
314.505	380.604	80.057	19.974	100.386	20.144	2.483	0.955	899.844
315.005	381.109	80.055	19.974	100.389	20.141	2.625	0.991	899.860
315.505	381.592	80.055	19.974	100.399	20.134	3.308	0.987	899.868
316.005	382.096	80.056	19.975	100.408	20.129	4.128	0.986	899.883
316.505	382.614	80.057	19.974	100.407	20.125	4.423	1.022	899.847
317.005	383.124	80.058	19.974	100.395	20.123	4.722	1.029	899.851
317.505	383.604	80.057	19.974	100.399	20.120	5.044	0.991	899.823
318.004	384.059	80.057	19.975	100.403	20.111	6.048	0.935	899.867
318.504	384.596	80.058	19.974	100.406	20.108	6.280	0.992	899.858
319.004	385.119	80.057	19.974	100.407	20.100	6.874	1.059	899.867
319.505	385.610	80.058	19.974	100.410	20.093	7.595	1.014	899.872
320.005	386.127	80.058	19.975	100.405	20.086	8.312	1.008	899.862
320.505	386.600	80.057	19.974	100.399	20.082	8.704	0.989	899.854
321.005	387.121	80.056	19.974	100.397	20.074	9.296	0.995	899.861
321.505	387.618	80.055	19.974	100.402	20.067	9.958	1.018	899.877
322.005	388.102	80.056	19.975	100.408	20.057	10.875	0.981	899.923
322.505	388.609	80.056	19.975	100.414	20.048	11.860	0.991	899.894
323.005	389.124	80.054	19.975	100.410	20.040	12.624	1.021	899.946
323.505	389.626	80.057	19.975	100.396	20.032	13.434	1.017	899.922
324.005	390.121	80.057	19.975	100.395	20.018	14.851	0.998	899.936
324.504	390.622	80.055	19.975	100.394	20.004	16.319	0.996	899.945
325.005	391.123	80.058	19.975	100.392	19.992	17.554	1.001	899.945
325.505	391.626	80.057	19.975	100.394	19.973	19.315	1.004	899.903
326.005	392.084	80.056	19.974	100.407	19.956	20.981	0.962	899.942
326.504	392.637	80.056	19.974	100.406	19.932	23.393	1.012	899.912
327.005	393.116	80.055	19.974	100.405	19.912	25.367	1.031	899.951
327.505	393.656	80.057	19.974	100.406	19.885	28.070	1.018	899.934
328.005	394.130	80.057	19.974	100.411	19.857	31.057	1.014	899.950
328.505	394.648	80.055	19.973	100.418	19.827	34.222	0.992	899.942
329.005	395.108	80.058	19.973	100.425	19.794	37.779	0.978	899.938
329.505	395.622	80.056	19.974	100.429	19.755	42.049	0.974	899.959
330.005	396.127	80.055	19.973	100.426	19.710	47.065	1.019	899.950
330.505	396.611	80.059	19.974	100.428	19.663	52.286	0.989	899.938
331.005	397.114	80.059	19.974	100.424	19.618	57.531	0.988	899.954
331.505	397.610	80.058	19.974	100.419	19.580	62.371	1.000	899.959
332.004	398.121	80.058	19.974	100.421	19.540	67.084	1.007	899.943
332.505	398.629	80.057	19.974	100.429	19.510	70.691	1.018	899.974
333.005	399.136	80.059	19.975	100.432	19.481	74.006	1.016	900.007
333.505	399.621	80.057	19.975	100.438	19.448	77.497	0.992	899.982
334.005	400.120	80.056	19.975	100.440	19.408	81.559	0.983	899.974
334.505	400.654	80.058	19.975	100.442	19.369	85.298	1.032	900.000
335.005	401.131	80.057	19.975	100.438	19.328	89.339	1.011	899.989
335.505	401.626	80.057	19.975	100.432	19.300	91.958	0.973	900.014
336.005	402.136	80.057	19.975	100.424	19.291	92.778	1.004	900.003
336.505	402.654	80.057	19.976	100.409	19.307	91.077	1.027	899.975
337.005	403.148	80.056	19.975	100.392	19.340	87.607	1.013	899.987
337.504	403.624	80.056	19.975	100.367	19.376	83.516	0.970	899.985
338.005	404.124	80.056	19.974	100.336	19.406	79.890	0.975	899.987
338.505	404.631	80.060	19.974	100.290	19.421	77.858	1.007	900.003
339.005	405.158	80.058	19.975	100.240	19.418	77.461	1.034	900.013
339.505	405.622	80.057	19.974	100.200	19.402	78.327	0.991	900.017
340.005	406.139	80.059	19.975	100.175	19.369	80.858	0.982	899.994
340.505	406.642	80.058	19.975	100.154	19.319	85.426	1.020	900.024
341.005	407.131	80.060	19.974	100.157	19.250	92.271	0.990	899.997
341.505	407.652	80.062	19.975	100.172	19.167	101.027	1.010	900.028
342.005	408.126	80.061	19.975	100.178	19.093	108.836	0.997	900.053
342.505	408.609	80.060	19.974	100.183	19.030	115.729	0.957	900.059
343.005	409.106	80.059	19.975	100.194	18.986	120.672	0.979	900.050
343.505	409.621	80.057	19.974	100.194	18.958	123.609	1.011	900.045
344.005	410.099	80.057	19.974	100.201	18.921	127.114	0.993	900.051
344.505	410.630	80.054	19.975	100.214	18.884	130.302	1.010	900.072
345.005	411.108	80.054	19.974	100.238	18.817	136.499	1.008	900.052
345.506	411.592	80.054	19.974	100.270	18.729	145.027	0.962	900.071
346.005	412.092	80.054	19.975	100.313	18.627	155.222	0.984	900.055
346.506	412.610	80.056	19.974	100.354	18.534	164.991	1.017	900.050
347.006	413.108	80.056	19.975	100.396	18.472	171.812	1.016	900.095
347.505	413.624	80.055	19.975	100.435	18.440	175.592	1.015	900.095
348.005	414.122	80.055	19.975	100.455	18.413	178.595	1.015	900.079
348.505	414.609	80.056	19.975	100.454	18.365	183.517	0.985	900.103
349.005	415.115	80.057	19.974	100.434	18.277	192.274	0.993	900.081
349.505	415.598	80.057	19.974	100.399	18.163	203.737	0.989	900.090
350.006	416.108	80.056	19.975	100.354	18.045	215.596	0.992	900.088
350.506	416.598	80.057	19.974	100.327	17.949	225.502	1.000	900.102
351.006	417.089	80.058	19.974	100.335	17.876	233.214	0.982	900.099
351.506	417.584	80.056	19.976	100.369	17.804	240.832	0.987	900.105
352.005	418.080	80.058	19.975	100.413	17.722	249.477	0.992	900.094
352.505	418.605	80.059	19.976	100.447	17.623	259.516	1.022	900.116
353.005	419.079	80.058	19.976	100.460	17.507	271.272	0.999	900.120
353.505	419.582	80.056	19.975	100.444	17.389	282.902	0.977	900.108
354.005	420.069	80.055	19.975	100.412	17.277	293.892	0.989	900.138
354.506	420.560	80.055	19.974	100.370	17.167	304.709	0.978	900.095
355.005	421.071	80.055	19.975	100.339	17.061	315.230	1.002	900.107
355.505	421.567	80.055	19.975	100.328	16.950	326.385	1.006	900.152
356.006	422.075	80.057	19.975	100.327	16.825	338.713	1.004	900.099
356.506	422.570	80.057	19.975	100.342	16.695	351.667	1.004	900.146
357.005	423.064	80.057	19.975	100.346	16.562	364.959	0.989	900.131
357.505	423.539	80.059	19.974	100.341	16.436	377.530	0.969	900.156
358.005	424.058	80.059	19.975	100.315	16.305	390.592	0.994	900.128
358.505	424.526	80.058	19.977	100.281	16.157	405.190	0.987	900.151
359.005	425.019	80.059	19.976	100.243	15.992	421.639	0.961	900.131
359.505	425.532	80.057	19.976	100.230	15.822	438.718	1.006	900.161
360.006	426.034	80.058	19.975	100.229	15.662	454.861	1.015	900.169
360.505	426.516	80.060	19.976	100.230	15.500	471.018	0.984	900.180
361.005	427.036	80.056	19.976	100.246	15.336	487.430	1.002	900.171
361.505	427.511	80.060	19.976	100.255	15.163	504.825	0.994	900.180
362.006	428.035	80.059	19.976	100.258	14.986	522.609	0.998	900.206
362.506	428.541	80.059	19.976	100.255	14.797	541.206	1.031	900.184
363.006	429.006	80.059	19.976	100.259	14.614	559.366	0.971	900.196
363.506	429.492	80.058	19.976	100.257	14.424	578.322	0.951	900.192
364.005	429.975	80.058	19.977	100.254	14.238	596.657	0.970	900.189
364.505	430.464	80.057	19.977	100.251	14.052	615.031	0.972	900.163
365.006	430.957	80.057	19.976	100.246	13.859	634.232	0.982	900.163
365.505	431.459	80.058	19.976	100.242	13.657	654.217	0.995	900.200
366.005	431.959	80.058	19.975	100.239	13.450	674.633	1.002	900.197
366.505	432.421	80.057	19.976	100.233	13.242	695.035	0.962	900.196
367.005	432.915	80.058	19.975	100.208	13.032	715.627	0.956	900.196
367.505	433.382	80.056	19.975	100.187	12.830	735.497	0.961	900.209
368.005	433.900	80.057	19.976	100.169	12.622	755.802	0.985	900.221
368.505	434.369	80.059	19.976	100.142	12.421	775.439	0.987	900.227
369.005	434.888	80.059	19.975	100.115	12.214	795.503	0.988	900.210
369.505	435.355	80.059	19.977	100.106	12.010	815.371	0.986	900.245
370.006	435.855	80.058	19.976	100.096	11.797	835.972	0.967	900.189
370.506	436.340	80.057	19.976	100.073	11.586	856.514	0.985	900.217
371.005	436.852	80.060	19.976	100.043	11.373	877.118	0.997	900.228
371.505	437.337	80.058	19.976	100.030	11.163	897.468	0.997	900.224
372.005	437.808	80.058	19.976	100.009	10.953	917.754	0.956	900.273
372.505	438.307	80.059	19.976	99.976	10.752	937.201	0.970	900.263
373.005	438.800	80.057	19.975	99.958	10.555	956.166	0.991	900.269
373.506	439.291	80.058	19.976	99.934	10.362	974.668	0.982	900.264
374.006	439.744	80.060	19.976	99.904	10.172	992.975	0.944	900.254
374.506	440.281	80.058	19.976	99.876	9.978	1011.441	0.991	900.266
375.005	440.740	80.058	19.977	99.857	9.798	1028.676	0.997	900.254
375.505	441.229	80.058	19.977	99.830	9.620	1045.677	0.949	900.304
376.005	441.721	80.058	19.977	99.815	9.453	1061.596	0.981	900.270
376.506	442.159	80.057	19.977	99.796	9.293	1076.887	0.929	900.278
377.005	442.684	80.055	19.977	99.770	9.145	1090.957	0.963	900.288
377.505	443.149	80.056	19.977	99.746	9.003	1104.496	0.991	900.304
378.005	443.641	80.058	19.978	99.717	8.869	1117.257	0.957	900.272
378.505	444.142	80.056	19.976	99.694	8.742	1129.297	0.993	900.266
379.005	444.635	80.059	19.977	99.656	8.631	1139.822	0.995	900.281
379.505	445.121	80.060	19.976	99.634	8.533	1149.068	0.978	900.296
380.006	445.615	80.059	19.976	99.594	8.453	1156.578	0.979	900.299
380.506	446.104	80.058	19.976	99.572	8.383	1163.141	0.982	900.320
381.006	446.621	80.057	19.977	99.538	8.330	1168.123	1.007	900.303
381.506	447.090	80.058	19.976	99.517	8.295	1171.371	0.987	900.317
382.005	447.588	80.057	19.976	99.485	8.275	1173.186	0.968	900.311
382.505	448.077	80.058	19.975	99.471	8.267	1173.779	0.987	900.318
383.006	448.571	80.058	19.976	99.440	8.282	1172.244	0.982	900.325
383.506	449.063	80.058	19.977	99.420	8.313	1169.207	0.986	900.335
384.006	449.573	80.056	19.975	99.387	8.360	1164.574	1.002	900.310
384.506	450.046	80.059	19.976	99.362	8.425	1158.224	0.983	900.317
385.006	450.539	80.059	19.977	99.328	8.507	1150.258	0.966	900.324
385.506	451.028	80.058	19.976	99.301	8.616	1139.781	0.982	900.330
386.006	451.566	80.057	19.976	99.273	8.736	1128.136	1.027	900.336
386.506	452.068	80.056	19.977	99.266	8.879	1114.185	1.040	900.339
387.005	452.540	80.058	19.977	99.250	9.040	1098.410	0.973	900.338
387.506	453.056	80.057	19.976	99.244	9.220	1080.780	0.987	900.346
388.006	453.547	80.057	19.975	99.242	9.423	1060.758	1.007	900.367
388.506	454.048	80.058	19.975	99.239	9.646	1038.681	0.992	900.341
389.006	454.533	80.057	19.975	99.240	9.880	1015.616	0.987	900.371
389.506	455.036	80.057	19.975	99.249	10.138	990.308	0.988	900.367
390.006	455.551	80.059	19.976	99.276	10.412	963.430	1.018	900.351
390.505	456.057	80.058	19.977	99.298	10.702	935.113	1.021	900.378
391.006	456.572	80.056	19.976	99.328	11.007	905.401	1.021	900.364
391.506	457.067	80.056	19.976	99.356	11.327	874.121	1.009	900.353
392.006	457.576	80.056	19.977	99.397	11.661	841.154	1.005	900.358
392.506	458.080	80.057	19.975	99.431	12.003	806.863	1.014	900.351
393.006	458.581	80.057	19.975	99.479	12.356	771.092	1.005	900.377
393.506	459.082	80.054	19.975	99.540	12.715	734.365	1.002	900.336
394.006	459.574	80.057	19.974	99.616	13.083	696.523	0.993	900.336
394.506	460.104	80.055	19.975	99.698	13.454	658.244	1.022	900.347
395.006	460.599	80.057	19.974	99.791	13.822	620.165	1.025	900.376
395.506	461.141	80.057	19.975	99.910	14.193	581.781	1.038	900.373
396.005	461.642	80.056	19.976	100.020	14.556	544.166	1.044	900.404
396.505	462.176	80.056	19.976	100.123	14.914	506.818	1.035	900.401
397.005	462.673	80.055	19.976	100.213	15.262	470.077	1.031	900.390
397.505	463.202	80.055	19.976	100.284	15.601	433.880	1.025	900.389
398.006	463.713	80.056	19.975	100.331	15.936	398.141	1.039	900.402
398.506	464.219	80.056	19.975	100.381	16.261	363.578	1.018	900.410
399.005	464.734	80.057	19.975	100.439	16.568	330.779	1.021	900.419
399.506	465.289	80.057	19.975	100.525	16.865	299.164	1.069	900.400
400.006	465.771	80.056	19.976	100.652	17.146	269.259	1.036	900.395
400.507	466.312	80.056	19.976	100.817	17.417	240.468	1.023	900.391
401.007	466.806	80.057	19.974	100.990	17.665	213.751	1.035	900.430
401.507	467.341	80.054	19.975	101.158	17.903	188.134	1.028	900.454
402.007	467.844	80.055	19.975	101.306	18.121	164.819	1.037	900.437
402.507	468.386	80.055	19.975	101.437	18.323	143.329	1.046	900.428
403.006	468.868	80.055	19.976	101.552	18.514	123.391	1.025	900.423
403.506	469.379	80.056	19.975	101.672	18.690	105.352	0.993	900.412
404.006	469.892	80.054	19.975	101.809	18.845	89.758	1.025	900.443
404.506	470.376	80.056	19.974	101.968	18.989	75.506	0.998	900.429
405.005	470.926	80.059	19.974	102.121	19.120	62.749	1.033	900.435
405.506	471.423	80.057	19.975	102.256	19.235	51.661	1.047	900.449
406.006	471.942	80.058	19.975	102.372	19.339	41.782	1.016	900.446
406.506	472.450	80.059	19.974	102.473	19.436	32.776	1.026	900.456
407.007	472.934	80.057	19.975	102.547	19.521	25.128	0.991	900.472
407.507	473.447	80.057	19.975	102.618	19.594	18.759	0.998	900.459
408.006	473.962	80.057	19.975	102.693	19.664	12.842	1.028	900.437
408.506	474.473	80.057	19.976	102.776	19.724	7.898	1.026	900.489
409.006	474.966	80.057	19.977	102.847	19.777	3.818	1.004	900.487
409.506	475.485	80.055	19.977	102.900	19.824	0.579	1.012	900.482
410.007	475.977	80.058	19.976	102.927	19.868	-2.025	1.011	900.479
410.506	476.488	80.054	19.976	102.929	19.904	-3.791	1.004	900.472
411.005	476.969	80.056	19.976	102.906	19.936	-4.990	0.993	900.483
411.506	477.466	80.058	19.977	102.873	19.967	-6.121	0.977	900.510
412.006	477.996	80.059	19.976	102.835	19.992	-6.878	1.026	900.501
412.506	478.474	80.058	19.976	102.792	20.015	-7.537	1.009	900.476
413.006	478.976	80.058	19.976	102.745	20.038	-8.528	0.980	900.491
413.507	479.481	80.059	19.976	102.691	20.057	-9.246	1.007	900.460
414.007	479.998	80.059	19.977	102.629	20.070	-9.458	1.023	900.500
414.506	480.471	80.058	19.977	102.569	20.088	-10.181	0.991	900.518
415.006	480.999	80.057	19.976	102.500	20.102	-10.493	1.001	900.533
415.507	481.478	80.060	19.976	102.431	20.114	-10.514	1.006	900.494
416.007	481.964	80.058	19.976	102.359	20.127	-10.495	0.964	900.482
416.507	482.486	80.057	19.977	102.280	20.136	-10.050	1.009	900.528
417.006	482.937	80.060	19.977	102.188	20.146	-9.715	0.973	900.507
417.507	483.443	80.059	19.976	102.086	20.155	-9.247	0.957	900.483
418.007	483.950	80.056	19.977	101.975	20.161	-8.723	1.014	900.490
418.506	484.451	80.053	19.977	101.859	20.170	-8.697	1.009	900.528
419.006	484.939	80.053	19.977	101.749	20.175	-8.322	0.989	900.500
419.506	485.445	80.054	19.977	101.654	20.176	-8.010	0.993	900.511
420.006	485.984	80.052	19.977	101.578	20.183	-8.253	1.044	900.520
420.507	486.469	80.054	19.976	101.512	20.188	-8.237	1.024	900.544
421.006	486.939	80.055	19.977	101.453	20.194	-8.340	0.956	900.517
421.506	487.428	80.054	19.976	101.396	20.194	-7.791	0.959	900.539
422.006	487.931	80.055	19.976	101.337	20.200	-7.817	0.992	900.554
422.506	488.433	80.057	19.976	101.276	20.200	-7.252	1.006	900.541
423.006	488.944	80.056	19.976	101.210	20.202	-7.067	1.013	900.542
423.506	489.434	80.057	19.977	101.144	20.206	-7.095	1.000	900.563
424.006	489.928	80.054	19.977	101.068	20.209	-7.080	0.984	900.533
424.506	490.411	80.055	19.975	100.990	20.209	-6.864	0.978	900.569
425.006	490.925	80.057	19.976	100.919	20.209	-6.789	0.997	900.566
425.506	491.420	80.056	19.976	100.864	20.214	-7.175	1.008	900.576
426.007	491.929	80.055	19.976	100.818	20.215	-7.165	1.003	900.550
426.507	492.421	80.057	19.976	100.786	20.219	-7.388	1.001	900.577
427.007	492.925	80.055	19.975	100.766	20.222	-7.661	0.997	900.582
427.506	493.419	80.056	19.976	100.745	20.222	-7.522	0.998	900.584
428.006	493.907	80.056	19.977	100.718	20.225	-7.749	0.981	900.591
428.507	494.414	80.055	19.976	100.688	20.227	-7.660	0.994	900.579
429.007	494.910	80.055	19.977	100.659	20.224	-7.166	1.003	900.598
429.506	495.443	80.053	19.977	100.624	20.230	-7.548	1.030	900.575
430.006	495.905	80.055	19.976	100.599	20.225	-7.013	0.996	900.596
430.507	496.412	80.056	19.977	100.581	20.232	-7.531	0.968	900.597
431.007	496.924	80.052	19.977	100.565	20.230	-7.150	1.018	900.601
431.507	497.391	80.054	19.977	100.553	20.232	-7.297	0.979	900.609
432.007	497.947	80.054	19.978	100.542	20.236	-7.639	1.023	900.621
432.507	498.437	80.052	19.977	100.535	20.238	-7.695	1.046	900.602
433.006	498.924	80.054	19.977	100.527	20.236	-7.431	0.978	900.604
433.506	499.435	80.054	19.978	100.523	20.235	-7.351	0.998	900.619
434.006	499.917	80.053	19.977	100.521	20.239	-7.670	0.993	900.639
434.506	500.403	80.053	19.977	100.517	20.239	-7.570	0.969	900.621
435.007	500.903	80.053	19.976	100.508	20.239	-7.449	0.986	900.594
435.507	501.389	80.053	19.977	100.499	20.240	-7.563	0.985	900.629
436.007	501.915	80.053	19.977	100.487	20.240	-7.403	1.012	900.604
436.506	502.409	80.052	19.978	100.473	20.242	-7.505	1.021	900.663
437.006	502.893	80.054	19.977	100.467	20.243	-7.618	0.978	900.626
437.507	503.386	80.055	19.978	100.463	20.242	-7.390	0.977	900.647
438.007	503.896	80.053	19.977	100.454	20.244	-7.448	1.003	900.638
438.507	504.410	80.052	19.977	100.448	20.246	-7.429	1.024	900.674
439.007	504.914	80.053	19.978	100.445	20.244	-7.209	1.018	900.642
439.506	505.405	80.054	19.977	100.440	20.244	-7.079	0.996	900.691
440.006	505.865	80.053	19.977	100.431	20.243	-6.968	0.951	900.655
440.506	506.393	80.054	19.976	100.431	20.243	-7.111	0.987	900.656
441.007	506.882	80.057	19.976	100.430	20.245	-7.432	1.017	900.651
441.507	507.363	80.057	19.976	100.427	20.248	-7.798	0.970	900.649
442.006	507.851	80.055	19.977	100.420	20.248	-7.726	0.970	900.670
442.506	508.360	80.056	19.977	100.417	20.250	-7.820	0.997	900.643
443.006	508.855	80.054	19.976	100.412	20.255	-8.213	1.004	900.661
443.506	509.375	80.054	19.976	100.406	20.251	-7.729	1.015	900.672
444.007	509.879	80.056	19.976	100.402	20.252	-7.731	1.023	900.668
444.506	510.405	80.054	19.976	100.402	20.253	-7.742	1.029	900.693
445.006	510.869	80.054	19.976	100.396	20.256	-8.148	0.989	900.681
445.507	511.363	80.054	19.975	100.387	20.254	-7.931	0.958	900.686
446.007	511.914	80.055	19.977	100.377	20.256	-8.202	1.046	900.691
446.506	512.403	80.057	19.977	100.371	20.254	-7.959	1.040	900.678
447.007	512.898	80.057	19.976	100.365	20.255	-8.043	0.984	900.685
447.507	513.409	80.055	19.977	100.369	20.255	-8.056	1.007	900.661
448.006	513.893	80.056	19.977	100.378	20.259	-8.575	0.995	900.671
448.507	514.388	80.056	19.976	100.389	20.256	-8.202	0.978	900.708
449.007	514.878	80.056	19.976	100.389	20.256	-8.099	0.985	900.704
449.507	515.412	80.058	19.975	100.383	20.255	-7.805	1.024	900.710
450.007	515.880	80.058	19.976	100.373	20.258	-8.098	1.002	900.678
450.507	516.399	80.057	19.976	100.364	20.256	-7.826	0.987	900.720
451.007	516.869	80.055	19.975	100.359	20.257	-7.811	0.989	900.722
451.507	517.389	80.056	19.976	100.361	20.257	-7.764	0.990	900.698
452.007	517.899	80.058	19.976	100.362	20.258	-7.878	1.030	900.709
452.507	518.403	80.056	19.976	100.363	20.258	-7.961	1.014	900.744
453.006	518.898	80.055	19.977	100.363	20.261	-8.325	0.999	900.705
453.507	519.390	80.054	19.977	100.365	20.261	-8.433	0.987	900.720
454.006	519.915	80.054	19.976	100.362	20.261	-8.454	1.018	900.725
454.506	520.387	80.056	19.976	100.364	20.258	-8.420	0.998	900.728
455.006	520.896	80.058	19.976	100.366	20.263	-8.944	0.982	900.749
455.506	521.396	80.057	19.976	100.369	20.261	-8.754	1.009	900.745
456.007	521.931	80.056	19.976	100.364	20.260	-8.559	1.035	900.738
456.507	522.419	80.053	19.976	100.359	20.262	-8.858	1.022	900.749
457.007	522.875	80.056	19.975	100.351	20.260	-8.675	0.944	900.742
457.507	523.385	80.057	19.977	100.349	20.264	-8.908	0.967	900.745
458.006	523.908	80.053	19.975	100.341	20.267	-9.211	1.033	900.748
458.506	524.392	80.054	19.977	100.336	20.265	-9.019	1.006	900.743
459.007	524.918	80.054	19.978	100.335	20.264	-8.958	1.009	900.777
459.507	525.408	80.054	19.977	100.341	20.263	-8.634	1.016	900.738
460.007	525.892	80.057	19.977	100.343	20.262	-8.575	0.973	900.746
460.507	526.416	80.059	19.976	100.349	20.261	-8.448	1.008	900.771
461.007	526.885	80.057	19.976	100.351	20.262	-8.483	0.994	900.745
461.507	527.390	80.056	19.976	100.359	20.264	-8.637	0.975	900.726
462.007	527.873	80.055	19.975	100.369	20.262	-8.296	0.988	900.778
462.507	528.376	80.054	19.976	100.370	20.266	-8.643	0.986	900.738
463.007	528.887	80.057	19.976	100.367	20.265	-8.471	1.014	900.748
463.507	529.406	80.054	19.976	100.367	20.262	-8.076	1.030	900.763
464.006	529.891	80.056	19.977	100.368	20.265	-8.372	1.004	900.782
464.507	530.402	80.057	19.976	100.364	20.267	-8.504	0.995	900.778
465.007	530.899	80.055	19.976	100.360	20.266	-8.472	1.007	900.772
465.507	531.386	80.057	19.976	100.361	20.267	-8.677	0.985	900.766
466.007	531.934	80.058	19.976	100.359	20.269	-8.787	1.036	900.792
466.507	532.423	80.057	19.976	100.357	20.268	-8.560	1.037	900.776
467.007	532.902	80.057	19.977	100.350	20.267	-8.460	0.968	900.806
467.507	533.408	80.055	19.976	100.350	20.266	-8.421	0.985	900.804
468.007	533.938	80.056	19.978	100.349	20.268	-8.584	1.035	900.812
468.507	534.432	80.056	19.977	100.346	20.264	-8.095	1.024	900.832
469.007	534.917	80.054	19.976	100.340	20.267	-8.344	0.980	900.782
469.507	535.429	80.056	19.977	100.340	20.269	-8.629	0.997	900.789
470.007	535.911	80.055	19.977	100.333	20.268	-8.539	0.994	900.843
470.507	536.402	80.055	19.976	100.327	20.268	-8.546	0.972	900.818
471.007	536.935	80.057	19.976	100.329	20.267	-8.450	1.024	900.806
471.507	537.433	80.057	19.976	100.328	20.268	-8.558	1.032	900.835
472.006	537.921	80.055	19.976	100.325	20.267	-8.448	0.986	900.843
472.507	538.402	80.053	19.976	100.327	20.265	-8.244	0.969	900.824
473.007	538.897	80.052	19.976	100.331	20.265	-8.319	0.977	900.865
473.507	539.390	80.053	19.976	100.326	20.268	-8.585	0.988	900.855
474.007	539.902	80.053	19.976	100.322	20.266	-8.345	1.005	900.861
474.507	540.427	80.052	19.975	100.324	20.269	-8.664	1.037	900.828
475.007	540.894	80.054	19.976	100.320	20.270	-8.653	0.992	900.856
475.507	541.396	80.054	19.976	100.317	20.268	-8.262	0.970	900.838
476.007	541.882	80.056	19.975	100.316	20.266	-8.013	0.988	900.844
476.507	542.409	80.057	19.975	100.318	20.270	-8.330	1.012	900.831
477.007	542.905	80.057	19.976	100.319	20.269	-8.126	1.022	900.851
477.507	543.376	80.053	19.976	100.319	20.270	-8.196	0.967	900.867
478.007	543.899	80.052	19.977	100.321	20.270	-8.185	0.994	900.881
478.507	544.399	80.053	19.976	100.320	20.273	-8.574	1.022	900.890
479.007	544.878	80.055	19.976	100.321	20.273	-8.537	0.979	900.883
479.507	545.423	80.053	19.977	100.318	20.271	-8.314	1.025	900.878
480.007	545.889	80.052	19.976	100.322	20.271	-8.406	1.010	900.910
480.508	546.407	80.054	19.976	100.320	20.271	-8.486	0.983	900.886
481.007	546.884	80.053	19.976	100.323	20.270	-8.505	0.996	900.869
481.507	547.398	80.053	19.976	100.323	20.269	-8.220	0.992	900.880
482.007	547.933	80.054	19.976	100.318	20.269	-8.245	1.049	900.901
482.507	548.387	80.052	19.976	100.311	20.269	-8.165	0.989	900.905
483.007	548.867	80.052	19.975	100.303	20.271	-8.297	0.934	900.882
483.507	549.390	80.053	19.975	100.297	20.270	-8.191	1.003	900.844
484.007	549.904	80.052	19.974	100.294	20.269	-7.940	1.037	900.897
484.507	550.388	80.054	19.975	100.294	20.270	-8.150	0.998	900.891
485.007	550.886	80.053	19.975	100.290	20.271	-8.360	0.981	900.910
485.508	551.398	80.052	19.975	100.290	20.271	-8.458	1.010	900.880
486.007	551.888	80.052	19.975	100.295	20.270	-8.272	1.003	900.920
486.507	552.417	80.052	19.976	100.290	20.276	-8.982	1.019	900.885
487.007	552.882	80.054	19.975	100.292	20.273	-8.685	0.994	900.908
487.507	553.385	80.055	19.976	100.303	20.274	-8.861	0.968	900.919
488.008	553.913	80.054	19.975	100.306	20.276	-8.921	1.031	900.906
488.507	554.376	80.052	19.974	100.302	20.271	-8.415	0.991	900.942
489.007	554.909	80.051	19.977	100.302	20.273	-8.640	0.995	900.940
489.507	555.392	80.053	19.975	100.296	20.274	-8.786	1.016	900.895
490.007	555.893	80.054	19.975	100.287	20.272	-8.657	0.984	900.920
490.507	556.376	80.052	19.976	100.288	20.274	-8.813	0.983	900.908
491.007	556.880	80.053	19.976	100.287	20.273	-8.638	0.987	900.923
491.507	557.372	80.054	19.976	100.287	20.274	-8.687	0.997	900.919
492.007	557.863	80.053	19.977	100.290	20.277	-9.011	0.983	900.958
492.507	558.363	80.054	19.976	100.295	20.275	-8.695	0.990	900.949
493.008	558.869	80.054	19.976	100.298	20.276	-8.838	1.006	900.932
493.507	559.375	80.051	19.976	100.299	20.276	-8.772	1.013	900.928
494.007	559.894	80.052	19.976	100.303	20.275	-8.707	1.025	900.946
494.507	560.394	80.051	19.976	100.303	20.271	-8.318	1.018	900.943
495.007	560.877	80.051	19.976	100.300	20.270	-8.170	0.983	900.976
495.507	561.377	80.054	19.977	100.296	20.272	-8.527	0.984	900.930
496.007	561.867	80.052	19.977	100.297	20.275	-8.934	0.990	900.937
496.507	562.383	80.054	19.977	100.300	20.279	-9.411	1.005	900.947
497.008	562.870	80.054	19.977	100.303	20.275	-8.939	1.003	900.956
497.507	563.408	80.053	19.978	100.304	20.279	-9.288	1.026	900.972
498.007	563.874	80.055	19.978	100.303	20.277	-9.059	1.004	900.956
498.507	564.373	80.053	19.977	100.298	20.275	-8.695	0.965	900.976
499.007	564.878	80.052	19.977	100.295	20.279	-9.018	1.005	900.995
499.507	565.347	80.054	19.977	100.295	20.280	-9.122	0.973	900.975
500.007	565.859	80.051	19.977	100.291	20.279	-9.055	0.981	900.982
500.507	566.383	80.052	19.978	100.291	20.276	-8.837	1.036	900.934
501.007	566.860	80.052	19.978	100.290	20.278	-9.266	1.001	901.009
501.507	567.383	80.051	19.977	100.291	20.278	-9.321	1.000	900.987
502.007	567.869	80.054	19.978	100.289	20.280	-9.522	1.009	900.983
502.507	568.400	80.053	19.977	100.289	20.280	-9.508	1.017	901.020
503.007	568.883	80.053	19.979	100.297	20.278	-9.384	1.014	901.013
503.507	569.394	80.055	19.978	100.306	20.279	-9.395	0.994	901.003
504.007	569.872	80.054	19.978	100.308	20.275	-8.883	0.989	901.001
504.507	570.379	80.054	19.977	100.305	20.280	-9.419	0.985	900.972
505.007	570.877	80.053	19.976	100.306	20.276	-9.051	1.005	900.975
505.508	571.353	80.055	19.977	100.296	20.279	-9.394	0.974	901.023
506.007	571.883	80.055	19.977	100.287	20.273	-8.701	1.006	901.032
506.508	572.402	80.055	19.976	100.283	20.273	-8.679	1.049	901.018
507.008	572.860	80.055	19.976	100.286	20.274	-8.701	0.977	901.013
507.507	573.363	80.056	19.977	100.290	20.275	-8.806	0.961	901.001
508.007	573.861	80.055	19.976	100.298	20.273	-8.562	1.001	901.005
508.507	574.350	80.056	19.977	100.308	20.278	-8.968	0.988	901.001
509.007	574.873	80.058	19.977	100.308	20.275	-8.644	1.012	901.017
509.507	575.357	80.055	19.976	100.309	20.276	-8.745	1.006	901.022
510.008	575.868	80.056	19.976	100.308	20.277	-8.858	0.995	901.027
510.507	576.357	80.055	19.976	100.306	20.275	-8.713	1.001	900.996
511.007	576.875	80.055	19.976	100.303	20.277	-8.834	1.007	901.000
511.507	577.367	80.055	19.977	100.304	20.275	-8.802	1.010	901.038
512.007	577.883	80.053	19.976	100.304	20.276	-8.814	1.009	901.040
512.507	578.381	80.052	19.977	100.305	20.277	-8.927	1.015	901.018
513.007	578.876	80.056	19.976	100.305	20.277	-8.940	0.992	901.023
513.508	579.377	80.053	19.976	100.302	20.276	-8.818	0.995	901.031
514.008	579.861	80.054	19.977	100.299	20.276	-8.874	0.985	901.060
514.507	580.371	80.055	19.977	100.296	20.278	-9.001	0.995	901.037
515.007	580.837	80.053	19.976	100.294	20.278	-9.022	0.976	901.077
515.508	581.367	80.053	19.977	100.290	20.280	-9.155	0.995	901.044
516.008	581.861	80.053	19.977	100.286	20.278	-8.936	1.024	901.031
516.507	582.386	80.053	19.976	100.286	20.280	-9.016	1.020	901.043
517.007	582.898	80.052	19.978	100.287	20.277	-8.637	1.037	901.083
517.507	583.385	80.052	19.976	100.287	20.277	-8.667	0.999	901.048
518.007	583.893	80.053	19.976	100.290	20.278	-8.724	0.995	901.081
518.507	584.377	80.054	19.978	100.292	20.278	-8.804	0.992	901.065
519.008	584.896	80.053	19.977	100.296	20.279	-8.841	1.002	901.053
519.507	585.380	80.054	19.977	100.294	20.281	-9.075	1.003	901.082
520.008	585.868	80.055	19.978	100.291	20.279	-8.956	0.972	901.096
520.508	586.356	80.055	19.977	100.292	20.279	-8.960	0.975	901.099
521.008	586.882	80.054	19.977	100.293	20.282	-9.165	1.014	901.084
521.508	587.375	80.053	19.976	100.291	20.277	-8.635	1.020	901.107
522.008	587.901	80.053	19.977	100.293	20.278	-8.898	1.019	901.103
522.508	588.382	80.052	19.977	100.292	20.280	-9.113	1.007	901.086
523.008	588.887	80.052	19.976	100.288	20.274	-8.479	0.986	901.061
523.508	589.394	80.054	19.976	100.286	20.279	-9.065	1.013	901.119
524.007	589.874	80.054	19.977	100.279	20.280	-9.307	0.988	901.107
524.507	590.389	80.054	19.976	100.278	20.275	-8.838	0.995	901.111
525.007	590.856	80.055	19.976	100.275	20.278	-8.985	0.982	901.122
525.507	591.389	80.058	19.977	100.277	20.280	-9.121	0.999	901.099
526.008	591.892	80.056	19.977	100.276	20.275	-8.571	1.035	901.094
526.508	592.355	80.054	19.975	100.278	20.280	-9.124	0.966	901.091
527.008	592.872	80.053	19.976	100.281	20.281	-9.184	0.981	901.119
527.508	593.369	80.054	19.976	100.288	20.279	-8.983	1.015	901.103
528.008	593.869	80.054	19.977	100.282	20.280	-9.146	0.997	901.081
528.508	594.375	80.053	19.976	100.279	20.278	-9.063	1.006	901.125
529.008	594.863	80.056	19.977	100.279	20.283	-9.569	0.993	901.133
529.508	595.366	80.056	19.977	100.284	20.280	-9.183	0.991	901.142
530.008	595.876	80.055	19.976	100.284	20.279	-8.980	1.014	901.122
530.508	596.406	80.055	19.977	100.289	20.283	-9.237	1.040	901.099
531.008	596.893	80.055	19.978	100.292	20.282	-9.014	1.016	901.122
531.508	597.343	80.053	19.978	100.299	20.283	-9.045	0.937	901.130
532.008	597.881	80.053	19.978	100.294	20.285	-9.222	0.989	901.202
532.507	598.405	80.052	19.978	100.287	20.284	-9.166	1.063	901.160
533.007	598.864	80.053	19.977	100.283	20.283	-9.000	0.982	901.111
533.508	599.346	80.053	19.978	100.284	20.283	-9.025	0.940	901.175
534.008	599.871	80.054	19.978	100.282	20.284	-9.295	1.007	901.172
534.508	600.352	80.055	19.977	100.283	20.280	-8.849	1.007	901.151
535.008	600.856	80.053	19.978	100.288	20.284	-9.251	0.985	901.134
535.508	601.338	80.054	19.976	100.294	20.277	-8.538	0.985	901.193
536.008	601.841	80.056	19.976	100.296	20.281	-8.941	0.985	901.108
536.507	602.355	80.053	19.977	100.292	20.283	-9.055	1.018	901.147
537.007	602.882	80.053	19.976	100.287	20.282	-9.002	1.040	901.157
537.508	603.347	80.051	19.976	100.282	20.284	-9.159	0.991	901.171
538.008	603.826	80.052	19.976	100.275	20.280	-8.775	0.945	901.170
538.508	604.374	80.053	19.976	100.264	20.282	-9.053	1.027	901.166
539.007	604.852	80.052	19.977	100.266	20.284	-9.188	1.026	901.168
539.508	605.339	80.053	19.976	100.266	20.285	-9.320	0.965	901.135
540.008	605.839	80.052	19.976	100.265	20.282	-9.020	0.987	901.133
540.508	606.345	80.050	19.977	100.267	20.281	-8.883	1.006	901.143
541.008	606.877	80.052	19.977	100.271	20.283	-8.983	1.037	901.177
541.509	607.367	80.054	19.976	100.272	20.281	-8.837	1.021	901.141
542.009	607.872	80.052	19.977	100.274	20.282	-8.977	0.994	901.175
542.509	608.362	80.053	19.977	100.275	20.282	-8.898	0.995	901.165
543.008	608.891	80.052	19.977	100.272	20.281	-8.809	1.021	901.132
543.508	609.391	80.053	19.976	100.269	20.281	-8.950	1.029	901.191
544.008	609.887	80.054	19.975	100.266	20.282	-9.100	0.995	901.163
544.508	610.355	80.052	19.976	100.265	20.284	-9.283	0.964	901.186
545.008	610.883	80.053	19.977	100.268	20.284	-9.320	0.996	901.196
545.508	611.365	80.054	19.975	100.271	20.286	-9.642	1.010	901.170
546.008	611.854	80.052	19.976	100.273	20.289	-9.890	0.971	901.184
546.508	612.348	80.054	19.977	100.270	20.285	-9.382	0.983	901.221
547.008	612.872	80.054	19.976	100.269	20.285	-9.363	1.018	901.149
547.508	613.334	80.052	19.977	100.267	20.284	-9.197	0.986	901.204
548.008	613.873	80.051	19.977	100.268	20.284	-9.181	1.000	901.201
548.508	614.342	80.052	19.976	100.265	20.282	-8.944	1.008	901.192
549.008	614.824	80.054	19.976	100.265	20.281	-8.754	0.952	901.222
549.508	615.362	80.053	19.977	100.266	20.283	-8.976	1.020	901.194
550.008	615.853	80.052	19.976	100.263	20.287	-9.434	1.029	901.177
550.508	616.345	80.054	19.977	100.264	20.283	-9.092	0.982	901.165
551.009	616.839	80.056	19.976	100.273	20.285	-9.288	0.986	901.196
551.508	617.391	80.055	19.976	100.277	20.286	-9.286	1.047	901.164
552.008	617.844	80.055	19.976	100.275	20.286	-9.183	1.005	901.197
552.508	618.357	80.055	19.976	100.279	20.284	-9.045	0.967	901.151
553.008	618.859	80.054	19.977	100.279	20.285	-9.116	1.015	901.178
553.508	619.347	80.052	19.979	100.275	20.287	-9.308	0.990	901.189
554.008	619.893	80.050	19.978	100.274	20.286	-9.080	1.035	901.229
554.508	620.354	80.053	19.977	100.272	20.285	-9.094	1.006	901.222
555.008	620.835	80.052	19.976	100.267	20.287	-9.393	0.942	901.203
555.509	621.368	80.052	19.976	100.267	20.286	-9.311	1.015	901.242
556.008	621.856	80.052	19.977	100.264	20.285	-9.247	1.021	901.219
556.508	622.366	80.052	19.975	100.263	20.283	-9.082	0.998	901.235
557.008	622.870	80.051	19.975	100.264	20.286	-9.414	1.014	901.214
557.508	623.368	80.054	19.977	100.269	20.285	-9.290	1.002	901.236
558.008	623.840	80.053	19.976	100.268	20.288	-9.538	0.970	901.228
558.508	624.348	80.050	19.977	100.266	20.287	-9.381	0.979	901.224
559.008	624.881	80.052	19.978	100.263	20.287	-9.336	1.041	901.269
559.508	625.367	80.050	19.977	100.260	20.287	-9.398	1.019	901.232
560.008	625.849	80.053	19.977	100.257	20.287	-9.485	0.968	901.245
560.507	626.357	80.054	19.976	100.256	20.289	-9.683	0.990	901.215
561.008	626.877	80.052	19.976	100.257	20.286	-9.388	1.027	901.241
561.509	627.362	80.053	19.978	100.257	20.285	-9.255	1.004	901.210
562.009	627.844	80.051	19.977	100.261	20.287	-9.463	0.968	901.257
562.508	628.358	80.053	19.978	100.263	20.285	-9.085	0.997	901.201
563.008	628.840	80.055	19.978	100.265	20.288	-9.286	0.996	901.214
563.508	629.336	80.054	19.978	100.267	20.284	-8.817	0.977	901.246
564.009	629.870	80.053	19.978	100.272	20.288	-9.189	1.029	901.276
564.508	630.358	80.052	19.978	100.271	20.286	-9.072	1.023	901.252
565.008	630.840	80.053	19.977	100.265	20.288	-9.357	0.970	901.250
565.508	631.356	80.054	19.977	100.262	20.287	-9.391	0.999	901.243
566.008	631.834	80.052	19.977	100.261	20.288	-9.555	0.994	901.222
566.508	632.352	80.052	19.977	100.261	20.286	-9.441	0.995	901.265
567.008	632.836	80.054	19.979	100.265	20.285	-9.436	1.002	901.234
567.509	633.366	80.052	19.977	100.270	20.286	-9.494	1.015	901.261
568.008	633.869	80.055	19.978	100.271	20.284	-9.196	1.033	901.273
568.508	634.403	80.058	19.978	100.270	20.286	-9.297	1.036	901.250
569.008	634.868	80.056	19.977	100.266	20.287	-9.321	0.999	901.288
569.508	635.374	80.054	19.978	100.262	20.291	-9.661	0.971	901.276
570.008	635.874	80.052	19.979	100.257	20.290	-9.644	1.006	901.253
570.508	636.374	80.052	19.978	100.251	20.288	-9.441	1.000	901.261
571.009	636.862	80.053	19.978	100.246	20.287	-9.411	0.987	901.252
571.510	637.359	80.051	19.978	100.247	20.290	-9.737	0.984	901.279
572.009	637.832	80.051	19.977	100.250	20.287	-9.413	0.971	901.234
572.508	638.373	80.052	19.977	100.258	20.285	-9.195	1.015	901.250
573.008	638.863	80.048	19.976	100.266	20.285	-9.070	1.030	901.249
573.509	639.350	80.053	19.976	100.274	20.286	-9.064	0.977	901.280
574.009	639.870	80.053	19.976	100.276	20.285	-9.017	1.008	901.279
574.508	640.374	80.051	19.976	100.277	20.284	-8.978	1.025	901.283
575.008	640.868	80.053	19.976	100.270	20.287	-9.285	0.998	901.301
575.508	641.356	80.051	19.976	100.264	20.289	-9.447	0.981	901.275
576.008	641.849	80.051	19.977	100.259	20.288	-9.350	0.980	901.265
576.508	642.369	80.052	19.977	100.255	20.290	-9.592	1.012	901.273
577.009	642.884	80.050	19.977	100.256	20.290	-9.527	1.034	901.265
577.510	643.365	80.052	19.977	100.261	20.289	-9.473	0.997	901.284
578.009	643.845	80.052	19.978	100.265	20.290	-9.561	0.962	901.268
578.509	644.348	80.051	19.978	100.267	20.292	-9.739	0.983	901.300
579.009	644.867	80.050	19.977	100.269	20.289	-9.496	1.021	901.292
579.509	645.365	80.051	19.978	100.263	20.288	-9.399	1.018	901.313
580.008	645.897	80.049	19.977	100.259	20.287	-9.199	1.031	901.319
580.508	646.373	80.050	19.977	100.255	20.291	-9.482	1.008	901.312
581.008	646.868	80.051	19.978	100.252	20.288	-9.210	0.970	901.307
581.509	647.386	80.052	19.977	100.256	20.288	-9.147	1.012	901.314
582.009	647.902	80.053	19.977	100.258	20.289	-9.215	1.034	901.313
582.509	648.394	80.051	19.977	100.256	20.290	-9.311	1.009	901.360
583.008	648.888	80.052	19.976	100.258	20.291	-9.502	0.987	901.341
583.508	649.378	80.052	19.977	100.258	20.288	-9.311	0.983	901.336
584.009	649.867	80.053	19.978	100.254	20.287	-9.285	0.978	901.333
584.509	650.375	80.055	19.977	100.254	20.291	-9.582	0.998	901.332
585.009	650.881	80.054	19.978	100.258	20.290	-9.526	1.014	901.306
585.509	651.378	80.052	19.977	100.258	20.291	-9.678	1.003	901.324
586.008	651.879	80.051	19.977	100.259	20.291	-9.584	0.998	901.323
586.509	652.344	80.050	19.978	100.258	20.292	-9.759	0.965	901.354
587.009	652.882	80.053	19.978	100.259	20.290	-9.431	1.003	901.315
587.509	653.386	80.051	19.978	100.252	20.291	-9.634	1.042	901.326
588.009	653.879	80.050	19.977	100.245	20.291	-9.615	0.997	901.347
588.508	654.380	80.052	19.977	100.246	20.289	-9.278	0.993	901.336
589.009	654.861	80.051	19.977	100.246	20.293	-9.755	0.981	901.332
589.509	655.382	80.051	19.977	100.242	20.289	-9.264	1.003	901.341
590.008	655.866	80.054	19.977	100.246	20.288	-9.074	1.007	901.331
590.508	656.394	80.054	19.977	100.255	20.289	-9.228	1.012	901.372
591.009	656.897	80.055	19.978	100.256	20.287	-9.065	1.029	901.351
591.509	657.360	80.053	19.977	100.257	20.289	-9.308	0.966	901.344
592.008	657.871	80.053	19.978	100.255	20.290	-9.476	0.976	901.339
592.508	658.401	80.054	19.978	100.256	20.290	-9.513	1.041	901.381
593.008	658.897	80.054	19.978	100.252	20.289	-9.464	1.026	901.348
593.508	659.393	80.052	19.977	100.250	20.286	-9.058	0.991	901.331
594.009	659.885	80.054	19.977	100.253	20.289	-9.275	0.986	901.347
594.510	660.380	80.051	19.977	100.254	20.290	-9.354	0.987	901.311
595.009	660.857	80.052	19.978	100.254	20.290	-9.336	0.973	901.343
595.508	661.401	80.054	19.977	100.254	20.289	-9.178	1.022	901.327
596.008	661.877	80.052	19.977	100.250	20.292	-9.512	1.020	901.339
596.508	662.376	80.050	19.977	100.244	20.292	-9.531	0.975	901.365
597.008	662.892	80.049	19.976	100.243	20.288	-9.148	1.014	901.329
597.508	663.405	80.051	19.977	100.242	20.290	-9.364	1.028	901.337
598.009	663.892	80.053	19.978	100.244	20.292	-9.569	1.000	901.335
598.509	664.377	80.051	19.978	100.247	20.289	-9.166	0.972	901.334
599.009	664.900	80.051	19.977	100.251	20.287	-8.898	1.008	901.339
599.509	665.399	80.053	19.977	100.253	20.289	-9.068	1.022	901.365
600.009	665.906	80.053	19.976	100.257	20.289	-9.088	1.006	901.313
600.509	666.363	80.054	19.977	100.257	20.288	-8.996	0.965	901.313
601.008	666.866	80.054	19.976	100.252	20.291	-9.242	0.961	901.353
601.508	667.358	80.052	19.976	100.244	20.290	-9.191	0.994	901.301
602.009	667.881	80.052	19.977	100.241	20.292	-9.522	1.014	901.359
602.509	668.388	80.051	19.977	100.239	20.287	-9.014	1.030	901.338
603.009	668.926	80.051	19.978	100.240	20.291	-9.484	1.045	901.342
603.510	669.418	80.052	19.978	100.246	20.291	-9.524	1.030	901.352
604.009	669.922	80.051	19.977	100.249	20.290	-9.516	0.996	901.308
604.509	670.400	80.053	19.977	100.248	20.291	-9.628	0.983	901.326
605.009	670.907	80.052	19.976	100.246	20.293	-9.943	0.986	901.359
605.509	671.400	80.051	19.976	100.243	20.296	-10.258	1.000	901.352
606.008	671.931	80.053	19.977	100.240	20.291	-9.743	1.024	901.342
606.508	672.377	80.054	19.976	100.235	20.292	-9.828	0.977	901.329
607.008	672.920	80.053	19.976	100.235	20.290	-9.605	0.989	901.361
607.509	673.432	80.052	19.977	100.234	20.291	-9.693	1.054	901.347
608.009	673.941	80.050	19.976	100.233	20.293	-9.859	1.021	901.345
608.508	674.389	80.052	19.977	100.237	20.293	-9.885	0.957	901.364
609.009	674.918	80.052	19.978	100.242	20.289	-9.531	0.977	901.358
609.509	675.433	80.052	19.977	100.243	20.291	-9.671	1.045	901.330
610.008	675.915	80.052	19.976	100.242	20.289	-9.465	0.997	901.361
610.509	676.413	80.050	19.976	100.247	20.292	-9.703	0.979	901.350
611.009	676.907	80.050	19.976	100.250	20.291	-9.604	0.992	901.377
611.509	677.419	80.054	19.977	100.255	20.293	-9.857	1.006	901.356
612.009	677.915	80.053	19.976	100.258	20.290	-9.518	1.008	901.352
612.509	678.406	80.052	19.976	100.263	20.292	-9.796	0.988	901.350
613.009	678.910	80.052	19.977	100.262	20.294	-9.908	0.995	901.354
613.509	679.434	80.051	19.976	100.258	20.295	-9.977	1.027	901.360
614.010	679.926	80.052	19.976	100.256	20.293	-9.969	1.016	901.357
614.510	680.413	80.052	19.977	100.256	20.288	-9.412	0.979	901.357
615.009	680.935	80.052	19.977	100.258	20.289	-9.451	1.009	901.361
615.509	681.433	80.055	19.977	100.257	20.291	-9.649	1.020	901.381
616.009	681.917	80.053	19.976	100.260	20.290	-9.558	0.982	901.357
616.509	682.434	80.051	19.975	100.258	20.293	-9.885	1.001	901.348
617.009	682.925	80.053	19.975	100.256	20.291	-9.591	1.007	901.361
617.509	683.430	80.052	19.976	100.251	20.294	-9.874	0.996	901.363
618.009	683.897	80.052	19.976	100.254	20.291	-9.515	0.972	901.350
618.509	684.419	80.051	19.976	100.252	20.292	-9.714	0.989	901.337
619.009	684.903	80.050	19.976	100.254	20.289	-9.486	1.006	901.338
619.509	685.380	80.053	19.976	100.257	20.295	-10.109	0.961	901.340
620.009	685.924	80.050	19.976	100.257	20.291	-9.776	1.021	901.353
620.509	686.431	80.049	19.976	100.254	20.290	-9.663	1.050	901.373
621.009	686.909	80.051	19.977	100.255	20.291	-9.878	0.984	901.370
621.510	687.442	80.051	19.976	100.260	20.289	-9.735	1.011	901.360
622.009	687.922	80.052	19.975	100.260	20.286	-9.406	1.014	901.371
622.508	688.473	80.054	19.975	100.261	20.294	-10.180	1.031	901.353
623.009	688.916	80.052	19.975	100.259	20.289	-9.642	0.993	901.332
623.509	689.438	80.052	19.974	100.257	20.295	-10.236	0.964	901.338
624.010	689.937	80.051	19.975	100.253	20.293	-9.948	1.021	901.340
624.510	690.439	80.050	19.976	100.250	20.293	-9.914	1.002	901.382
625.009	690.951	80.054	19.976	100.249	20.295	-10.137	1.014	901.373
625.509	691.464	80.051	19.977	100.253	20.295	-10.053	1.025	901.349
626.009	691.934	80.052	19.977	100.256	20.291	-9.762	0.983	901.339
626.509	692.424	80.051	19.976	100.256	20.291	-9.765	0.960	901.362
627.010	692.944	80.050	19.976	100.261	20.292	-9.895	1.010	901.375
627.510	693.444	80.053	19.975	100.264	20.293	-9.938	1.019	901.373
628.010	693.945	80.055	19.976	100.264	20.293	-9.861	1.001	901.366
628.510	694.427	80.054	19.976	100.267	20.290	-9.691	0.983	901.314
629.010	694.919	80.053	19.976	100.271	20.292	-9.766	0.974	901.343
629.510	695.454	80.052	19.977	100.269	20.291	-9.619	1.027	901.342
630.009	695.946	80.052	19.976	100.267	20.293	-9.696	1.027	901.355
630.509	696.444	80.054	19.976	100.266	20.291	-9.452	0.990	901.381
631.010	696.947	80.053	19.977	100.264	20.292	-9.686	1.001	901.344
631.509	697.437	80.053	19.976	100.258	20.294	-9.827	0.994	901.349
632.009	697.943	80.054	19.976	100.260	20.294	-9.762	0.996	901.370
632.510	698.470	80.053	19.976	100.262	20.295	-9.866	1.032	901.371
633.009	698.994	80.054	19.976	100.260	20.289	-9.286	1.051	901.358
633.509	699.469	80.055	19.977	100.261	20.294	-9.814	1.000	901.373
634.009	699.959	80.054	19.977	100.265	20.288	-9.163	0.965	901.340
634.509	700.484	80.054	19.976	100.263	20.289	-9.299	1.015	901.354
635.009	700.969	80.053	19.976	100.261	20.292	-9.572	1.011	901.358
635.509	701.499	80.054	19.975	100.261	20.289	-9.396	1.015	901.379
636.009	701.958	80.053	19.975	100.259	20.292	-9.699	0.988	901.335
636.509	702.481	80.052	19.976	100.254	20.291	-9.616	0.981	901.372
637.010	702.971	80.054	19.975	100.251	20.289	-9.393	1.013	901.309
637.509	703.486	80.057	19.975	100.248	20.291	-9.523	1.005	901.349
638.009	703.975	80.055	19.975	100.249	20.290	-9.468	1.003	901.375
638.510	704.496	80.056	19.974	100.249	20.292	-9.632	1.010	901.372
639.010	704.975	80.055	19.975	100.247	20.292	-9.661	1.001	901.342
639.509	705.497	80.054	19.975	100.247	20.293	-9.740	1.002	901.326
640.009	705.987	80.054	19.975	100.247	20.292	-9.644	1.013	901.360
640.509	706.469	80.054	19.975	100.247	20.294	-9.796	0.972	901.333
641.009	707.012	80.055	19.976	100.245	20.294	-9.754	1.025	901.372
641.509	707.499	80.055	19.976	100.246	20.294	-9.789	1.030	901.344
642.009	707.989	80.054	19.976	100.247	20.293	-9.645	0.976	901.369
642.510	708.497	80.055	19.976	100.249	20.292	-9.473	0.998	901.335
643.010	708.985	80.054	19.975	100.252	20.294	-9.674	0.996	901.364
643.510	709.518	80.054	19.975	100.255	20.293	-9.555	1.020	901.330
644.010	710.024	80.057	19.975	100.255	20.291	-9.423	1.039	901.344
644.509	710.518	80.054	19.975	100.251	20.297	-9.897	1.001	901.341
645.010	711.008	80.054	19.976	100.249	20.298	-10.055	0.983	901.343
645.510	711.512	80.054	19.975	100.248	20.299	-10.186	0.994	901.326
646.009	712.020	80.053	19.976	100.247	20.298	-10.184	1.013	901.334
646.509	712.504	80.051	19.976	100.249	20.297	-10.142	0.992	901.317
647.009	712.975	80.049	19.975	100.252	20.296	-10.052	0.955	901.364
647.509	713.536	80.049	19.977	100.252	20.295	-10.018	1.031	901.370
648.010	714.009	80.052	19.977	100.246	20.297	-10.216	1.033	901.338
648.510	714.520	80.052	19.976	100.244	20.295	-10.006	0.984	901.325
649.010	714.989	80.052	19.976	100.243	20.298	-10.336	0.981	901.345
649.510	715.491	80.054	19.976	100.242	20.295	-9.962	0.972	901.336
650.009	716.015	80.052	19.976	100.239	20.298	-10.347	1.026	901.325
650.509	716.514	80.052	19.977	100.241	20.296	-10.117	1.022	901.322
651.010	717.035	80.050	19.976	100.242	20.298	-10.248	1.019	901.311
651.510	717.533	80.050	19.976	100.239	20.298	-10.294	1.020	901.335
652.010	718.031	80.051	19.977	100.238	20.298	-10.327	0.996	901.326
652.510	718.531	80.052	19.977	100.243	20.298	-10.250	0.998	901.355
653.009	719.039	80.052	19.977	100.245	20.296	-10.082	1.009	901.359
653.509	719.522	80.053	19.978	100.246	20.297	-10.121	0.991	901.320
654.009	720.038	80.051	19.978	100.251	20.296	-10.056	0.998	901.318
654.509	720.523	80.053	19.978	100.253	20.298	-10.247	1.001	901.343
655.010	721.072	80.054	19.977	100.255	20.296	-10.020	1.034	901.344
655.510	721.523	80.052	19.977	100.255	20.300	-10.354	1.000	901.369
656.010	722.068	80.052	19.977	100.251	20.298	-10.217	0.996	901.343
656.510	722.527	80.052	19.977	100.249	20.295	-10.055	1.004	901.329
657.009	723.010	80.051	19.976	100.253	20.299	-10.375	0.943	901.331
657.509	723.528	80.055	19.977	100.252	20.298	-10.355	1.000	901.338
658.010	724.045	80.051	19.976	100.253	20.299	-10.383	1.034	901.352
658.510	724.535	80.052	19.976	100.251	20.296	-10.080	1.008	901.318
659.010	725.060	80.054	19.977	100.249	20.296	-10.050	1.016	901.353
659.510	725.525	80.053	19.976	100.248	20.298	-10.319	0.991	901.357
660.010	726.030	80.057	19.977	100.250	20.293	-9.875	0.970	901.354
660.509	726.571	80.059	19.976	100.250	20.295	-9.973	1.047	901.339
661.009	727.040	80.055	19.975	100.251	20.297	-10.112	1.010	901.347
661.509	727.520	80.054	19.975	100.252	20.295	-9.931	0.949	901.367
662.009	728.047	80.053	19.976	100.247	20.297	-10.072	1.006	901.318
662.510	728.522	80.054	19.975	100.245	20.293	-9.569	1.002	901.338
663.009	729.030	80.057	19.977	100.247	20.295	-9.715	0.983	901.342
663.509	729.574	80.055	19.976	100.252	20.292	-9.435	1.052	901.340
664.010	730.014	80.055	19.976	100.253	20.292	-9.446	0.985	901.326
664.510	730.556	80.056	19.977	100.254	20.291	-9.373	0.982	901.307
665.010	731.069	80.055	19.977	100.255	20.295	-9.766	1.054	901.336
665.510	731.539	80.058	19.976	100.254	20.293	-9.600	0.984	901.326
666.009	732.056	80.058	19.976	100.250	20.292	-9.539	0.987	901.294
666.510	732.536	80.058	19.976	100.248	20.291	-9.498	0.996	901.303
667.010	733.038	80.056	19.976	100.254	20.293	-9.734	0.982	901.310
667.510	733.586	80.054	19.975	100.255	20.292	-9.636	1.050	901.342
668.010	734.066	80.055	19.975	100.249	20.296	-10.021	1.028	901.335
668.510	734.575	80.054	19.975	100.248	20.298	-10.319	0.990	901.296
669.009	735.072	80.053	19.975	100.246	20.296	-10.077	1.006	901.342
669.510	735.571	80.055	19.975	100.238	20.295	-10.005	0.995	901.306
670.010	736.062	80.054	19.976	100.235	20.299	-10.438	0.990	901.344
670.510	736.590	80.054	19.975	100.240	20.298	-10.437	1.020	901.305
671.010	737.056	80.055	19.976	100.241	20.297	-10.271	0.994	901.305
671.509	737.553	80.054	19.976	100.239	20.299	-10.518	0.963	901.316
672.010	738.061	80.053	19.975	100.241	20.297	-10.112	1.005	901.294
672.510	738.548	80.054	19.976	100.242	20.295	-9.874	0.995	901.308
673.010	739.058	80.053	19.976	100.242	20.296	-9.929	0.997	901.285
673.510	739.564	80.055	19.975	100.247	20.296	-9.803	1.016	901.316
674.009	740.050	80.054	19.976	100.253	20.292	-9.353	0.993	901.297
674.509	740.539	80.053	19.976	100.252	20.293	-9.371	0.975	901.314
675.010	741.073	80.055	19.976	100.251	20.295	-9.656	1.022	901.281
675.510	741.559	80.054	19.977	100.251	20.295	-9.695	1.020	901.312
676.010	742.047	80.054	19.976	100.251	20.295	-9.689	0.974	901.267
676.510	742.583	80.056	19.976	100.251	20.297	-9.909	1.024	901.302
677.010	743.075	80.054	19.976	100.256	20.298	-10.064	1.029	901.312
677.509	743.574	80.055	19.976	100.258	20.297	-9.964	0.991	901.288
678.010	744.093	80.054	19.976	100.258	0.000	0.000	1.018	901.261
678.510	744.583	80.054	19.976	100.257	0.000	0.000	1.009	901.308
679.010	745.080	80.055	19.976	100.255	0.000	0.000	0.987	901.294
679.510	745.608	80.054	19.976	100.248	0.000	0.000	1.025	901.298
680.010	746.084	80.052	19.976	100.243	0.000	0.000	1.004	901.331
680.510	746.604	80.054	19.976	100.241	0.000	0.000	0.996	901.322
681.010	747.090	80.053	19.977	100.235	0.000	0.000	1.006	901.314
681.510	747.593	80.055	19.977	100.229	0.000	0.000	0.990	901.334
682.010	748.111	80.056	19.976	100.231	0.000	0.000	1.021	901.301
682.510	748.655	80.053	19.976	100.234	0.000	0.000	1.061	901.287
683.010	749.131	80.052	19.976	100.236	0.000	0.000	1.019	901.320
683.510	749.639	80.049	19.976	100.236	0.000	0.000	0.985	901.267
684.010	750.081	80.052	19.977	100.240	0.000	0.000	0.951	901.296
684.510	750.595	80.052	19.976	100.239	0.000	0.000	0.956	901.309
685.010	751.121	80.050	19.976	100.235	0.000	0.000	1.039	901.301
685.510	751.600	80.053	19.977	100.235	0.000	0.000	1.005	901.284
686.010	752.136	80.053	19.976	100.231	0.000	0.000	1.015	901.278
686.510	752.634	80.051	19.976	100.234	0.000	0.000	1.034	901.276
687.010	753.136	80.052	19.977	100.241	0.000	0.000	1.001	901.269
687.509	753.690	80.052	19.976	100.246	0.000	0.000	1.056	901.286
