File Name:	PMMA_CN_10mm_60Kmin_8mg_R3.txt	Version: 8.3.7.3
Date:	05 Sep 2024
Operator:	KH
Test ID:	PMMA_CN_10mm_8mg_60K_R3
Sample ID:	PMMA_CN_10mm_8mg
Sample Mass (mg):	8.0000
Sample Cup Mass (mg):	182.3100
End Total Mass (mg):	0.0600
Heating Rate (C/s):	1.0000
Combuster Temperature (C):	900.0
N2 Flow Rate (cc/min):	80.0
O2 Flow Rate (cc/min):	20.0
Calibration File:	Coeff.txt
T Correction Coefficients:	0.308738730	0.013615500	0.000000000
Time Shift (s):	10.0
Pre-Test Comments:
Post-Test Comments:
Baseline Flow:	100.352
Baseline O2:	20.246
Instrument ID:	2700
@
Time (s)	Temperature (C)	N2 Flow (cc/min)	O2 Flow (cc/min)	Total Flow (cc/min)	Oxygen (%)	HRR (W/g)	Heating Rate (C/s)	Combustor Temp (C)
0.000	74.862	80.014	19.977	100.352	20.194	-3.224	0.032	899.785
0.500	74.851	80.015	19.978	100.346	20.181	-2.614	0.005	899.787
0.999	74.857	80.014	19.978	100.348	20.160	-1.672	-0.005	899.798
1.500	74.868	80.015	19.977	100.358	20.140	-0.808	0.017	899.780
2.001	74.879	80.017	19.977	100.391	20.126	-0.228	0.022	899.797
2.500	74.898	80.017	19.978	100.465	20.114	0.270	0.030	899.760
3.000	74.944	80.015	19.978	100.569	20.108	0.547	0.065	899.788
3.500	74.983	80.014	19.979	100.688	20.099	0.898	0.085	899.777
4.000	75.019	80.015	19.978	100.807	20.093	1.106	0.075	899.805
4.500	75.113	80.014	19.978	100.911	20.093	1.108	0.129	899.763
5.000	75.178	80.014	19.977	100.981	20.090	0.973	0.159	899.789
5.500	75.247	80.017	19.977	101.026	20.091	0.464	0.134	899.768
6.000	75.316	80.015	19.978	101.049	20.091	-0.285	0.138	899.753
6.500	75.407	80.015	19.977	101.057	20.090	-1.151	0.160	899.751
6.999	75.498	80.016	19.977	101.050	20.091	-2.201	0.182	899.724
7.499	75.635	80.016	19.978	101.037	20.090	-3.245	0.228	899.745
8.000	75.708	80.014	19.978	101.022	20.089	-4.165	0.210	899.751
8.500	75.830	80.013	19.977	101.005	20.092	-4.946	0.196	899.757
9.000	75.937	80.014	19.978	100.996	20.090	-5.215	0.229	899.747
9.500	76.087	80.016	19.978	100.990	20.087	-5.225	0.257	899.723
10.000	76.177	80.016	19.978	100.989	20.085	-5.105	0.240	899.700
10.499	76.328	80.017	19.978	100.985	20.070	-4.322	0.241	899.693
11.000	76.481	80.017	19.978	100.987	20.051	-3.239	0.304	899.736
11.500	76.646	80.015	19.978	100.987	20.021	-1.708	0.318	899.687
12.000	76.788	80.017	19.979	100.993	19.992	-0.195	0.307	899.697
12.500	76.995	80.018	19.978	101.031	19.966	1.156	0.349	899.690
12.999	77.131	80.017	19.979	101.111	19.947	2.240	0.343	899.696
13.500	77.370	80.017	19.978	101.231	19.936	3.016	0.375	899.661
14.000	77.615	80.016	19.978	101.384	19.928	3.650	0.484	899.718
14.500	77.867	80.017	19.979	101.545	19.929	3.868	0.497	899.688
15.000	78.159	80.019	19.979	101.691	19.929	4.153	0.544	899.661
15.500	78.399	80.017	19.979	101.806	19.935	4.150	0.531	899.712
16.000	78.747	80.018	19.979	101.873	19.940	4.151	0.588	899.655
16.500	79.069	80.019	19.978	101.905	19.946	4.115	0.670	899.696
17.000	79.375	80.016	19.978	101.908	19.954	4.045	0.628	899.693
17.499	79.740	80.017	19.979	101.884	19.960	4.050	0.672	899.652
18.000	80.111	80.017	19.978	101.844	19.969	3.945	0.736	899.660
18.500	80.470	80.017	19.978	101.794	19.976	3.998	0.729	899.669
19.000	80.855	80.016	19.979	101.739	19.980	4.090	0.744	899.646
19.500	81.224	80.016	19.978	101.691	19.987	4.003	0.754	899.613
20.000	81.615	80.014	19.978	101.647	19.992	3.927	0.759	899.647
20.501	82.015	80.014	19.978	101.596	19.998	3.753	0.792	899.641
21.000	82.416	80.014	19.978	101.550	20.002	3.682	0.802	899.640
21.500	82.824	80.015	19.978	101.508	20.007	3.548	0.809	899.636
22.000	83.278	80.017	19.977	101.468	20.013	3.342	0.862	899.633
22.500	83.720	80.015	19.977	101.430	20.016	3.298	0.897	899.628
23.000	84.143	80.019	19.978	101.405	20.024	3.018	0.865	899.624
23.500	84.614	80.018	19.977	101.382	20.031	2.799	0.893	899.622
24.000	85.083	80.019	19.978	101.354	20.035	2.703	0.941	899.628
24.500	85.520	80.016	19.978	101.322	20.040	2.590	0.907	899.600
25.000	85.981	80.014	19.977	101.287	20.045	2.491	0.897	899.589
25.500	86.453	80.013	19.978	101.242	20.046	2.627	0.933	899.574
26.000	86.907	80.013	19.978	101.200	20.048	2.663	0.926	899.611
26.500	87.412	80.014	19.977	101.168	20.054	2.554	0.959	899.604
27.000	87.873	80.017	19.977	101.147	20.056	2.563	0.966	899.577
27.500	88.356	80.015	19.977	101.135	20.058	2.494	0.944	899.563
28.000	88.823	80.013	19.977	101.131	20.060	2.414	0.949	899.572
28.500	89.300	80.016	19.978	101.123	20.060	2.439	0.943	899.558
29.000	89.793	80.017	19.977	101.112	20.062	2.397	0.970	899.544
29.500	90.340	80.019	19.977	101.104	20.064	2.312	1.041	899.549
30.000	90.833	80.018	19.977	101.095	20.072	2.013	1.042	899.537
30.500	91.321	80.017	19.977	101.090	20.076	1.913	0.980	899.546
31.000	91.832	80.017	19.977	101.092	20.077	1.912	0.998	899.558
31.500	92.345	80.016	19.977	101.087	20.079	1.881	1.024	899.529
32.000	92.829	80.013	19.977	101.068	20.082	1.797	0.997	899.533
32.500	93.366	80.017	19.977	101.047	20.083	1.787	1.021	899.550
33.000	93.844	80.017	19.976	101.021	20.084	1.773	1.015	899.518
33.500	94.385	80.016	19.976	101.003	20.087	1.708	1.019	899.518
34.000	94.895	80.019	19.978	100.992	20.091	1.536	1.051	899.516
34.500	95.373	80.018	19.977	100.988	20.093	1.514	0.988	899.500
35.000	95.921	80.017	19.977	100.987	20.091	1.661	1.027	899.525
35.500	96.444	80.018	19.978	100.987	20.094	1.614	1.072	899.522
36.000	96.974	80.017	19.977	100.980	20.093	1.711	1.052	899.527
36.500	97.505	80.016	19.977	100.979	20.098	1.549	1.060	899.502
37.000	97.998	80.018	19.978	100.979	20.098	1.628	1.024	899.489
37.500	98.514	80.017	19.979	100.974	20.100	1.577	1.009	899.499
38.000	99.080	80.018	19.978	100.969	20.101	1.489	1.081	899.513
38.500	99.571	80.018	19.977	100.963	20.100	1.501	1.058	899.479
39.000	100.095	80.019	19.978	100.956	20.099	1.527	1.015	899.504
39.501	100.614	80.020	19.977	100.950	20.104	1.355	1.041	899.465
40.001	101.156	80.018	19.977	100.946	20.106	1.298	1.062	899.487
40.500	101.712	80.017	19.976	100.942	20.107	1.293	1.099	899.465
41.000	102.229	80.016	19.978	100.939	20.110	1.240	1.072	899.456
41.500	102.775	80.015	19.978	100.938	20.112	1.212	1.063	899.461
42.001	103.273	80.017	19.978	100.933	20.115	1.166	1.045	899.449
42.500	103.837	80.017	19.979	100.924	20.117	1.095	1.062	899.449
43.000	104.341	80.017	19.979	100.912	20.115	1.224	1.069	899.435
43.500	104.858	80.016	19.979	100.903	20.115	1.259	1.021	899.464
44.000	105.417	80.014	19.978	100.895	20.111	1.428	1.075	899.452
44.500	105.920	80.015	19.978	100.887	20.114	1.302	1.061	899.457
45.001	106.482	80.018	19.979	100.888	20.117	1.187	1.064	899.427
45.501	107.005	80.018	19.979	100.896	20.116	1.222	1.085	899.435
46.000	107.528	80.017	19.977	100.900	20.117	1.169	1.047	899.447
46.500	108.062	80.017	19.978	100.900	20.115	1.215	1.056	899.411
47.001	108.594	80.017	19.978	100.896	20.117	1.169	1.065	899.429
47.501	109.170	80.018	19.977	100.893	20.119	1.105	1.110	899.459
48.000	109.692	80.018	19.979	100.884	20.120	1.067	1.099	899.429
48.500	110.208	80.015	19.978	100.878	20.119	1.108	1.037	899.403
49.000	110.742	80.018	19.977	100.869	20.123	0.960	1.050	899.422
49.501	111.275	80.017	19.977	100.866	20.123	0.983	1.066	899.382
50.001	111.849	80.018	19.977	100.858	20.120	1.129	1.108	899.455
50.500	112.336	80.020	19.977	100.853	20.123	1.025	1.061	899.414
51.000	112.885	80.019	19.977	100.847	20.122	1.086	1.036	899.403
51.501	113.424	80.020	19.977	100.848	20.123	1.080	1.088	899.378
52.000	113.962	80.019	19.977	100.851	20.121	1.164	1.076	899.394
52.501	114.466	80.018	19.977	100.853	20.121	1.185	1.042	899.415
53.001	115.019	80.018	19.978	100.851	20.121	1.194	1.058	899.424
53.500	115.562	80.017	19.978	100.853	20.126	1.042	1.096	899.365
54.001	116.137	80.017	19.979	100.854	20.124	1.146	1.117	899.410
54.501	116.634	80.017	19.978	100.853	20.125	1.092	1.072	899.392
55.000	117.168	80.016	19.978	100.851	20.127	1.073	1.032	899.388
55.500	117.701	80.018	19.977	100.851	20.127	1.072	1.067	899.379
56.000	118.255	80.019	19.977	100.848	20.125	1.126	1.086	899.391
56.500	118.751	80.018	19.978	100.846	20.127	1.026	1.049	899.337
57.001	119.330	80.017	19.977	100.841	20.130	0.900	1.076	899.367
57.500	119.862	80.016	19.977	100.840	20.126	1.013	1.112	899.349
58.000	120.388	80.018	19.979	100.840	20.126	0.982	1.057	899.375
58.500	120.932	80.019	19.978	100.836	20.127	0.923	1.070	899.411
59.000	121.466	80.016	19.978	100.828	20.121	1.199	1.079	899.377
59.500	121.964	80.018	19.979	100.829	20.126	0.984	1.032	899.373
60.001	122.491	80.018	19.978	100.828	20.125	1.057	1.024	899.349
60.501	123.028	80.018	19.978	100.824	20.122	1.221	1.064	899.367
61.001	123.545	80.020	19.978	100.820	20.120	1.333	1.054	899.363
61.500	124.057	80.019	19.978	100.818	20.120	1.311	1.030	899.365
62.000	124.614	80.016	19.978	100.815	20.118	1.426	1.070	899.282
62.500	125.134	80.017	19.977	100.811	20.119	1.366	1.076	899.293
63.000	125.628	80.016	19.977	100.810	20.120	1.366	1.014	899.337
63.500	126.181	80.019	19.978	100.816	20.115	1.538	1.048	899.336
64.000	126.685	80.020	19.977	100.821	20.116	1.500	1.056	899.314
64.500	127.241	80.018	19.977	100.821	20.117	1.496	1.060	899.290
65.000	127.776	80.018	19.978	100.827	20.120	1.403	1.091	899.318
65.501	128.288	80.018	19.978	100.833	20.115	1.620	1.046	899.330
66.001	128.832	80.015	19.978	100.831	20.119	1.450	1.055	899.316
66.501	129.358	80.016	19.977	100.829	20.115	1.624	1.070	899.334
67.001	129.916	80.016	19.976	100.829	20.113	1.674	1.084	899.333
67.500	130.406	80.013	19.978	100.822	20.114	1.670	1.048	899.292
68.001	130.961	80.013	19.977	100.815	20.114	1.616	1.046	899.323
68.500	131.474	80.016	19.977	100.813	20.113	1.624	1.069	899.301
69.000	132.004	80.017	19.978	100.814	20.112	1.668	1.042	899.314
69.500	132.517	80.018	19.977	100.813	20.108	1.822	1.042	899.307
70.001	133.056	80.017	19.978	100.813	20.111	1.685	1.052	899.313
70.501	133.598	80.021	19.979	100.811	20.109	1.789	1.081	899.302
71.001	134.097	80.019	19.978	100.809	20.108	1.850	1.041	899.308
71.500	134.614	80.016	19.977	100.808	20.105	1.975	1.016	899.274
72.000	135.117	80.020	19.976	100.807	20.107	1.911	1.020	899.271
72.500	135.692	80.018	19.976	100.805	20.102	2.164	1.078	899.255
73.001	136.166	80.019	19.978	100.804	20.102	2.169	1.048	899.268
73.501	136.711	80.017	19.978	100.804	20.100	2.255	1.019	899.268
74.001	137.225	80.017	19.977	100.799	20.101	2.224	1.059	899.239
74.500	137.758	80.020	19.979	100.802	20.100	2.305	1.047	899.271
75.001	138.284	80.019	19.977	100.803	20.098	2.397	1.059	899.248
75.501	138.795	80.017	19.977	100.810	20.098	2.395	1.038	899.227
76.000	139.325	80.017	19.978	100.810	20.094	2.537	1.041	899.210
76.500	139.847	80.017	19.978	100.813	20.092	2.580	1.051	899.235
77.001	140.379	80.019	19.978	100.812	20.088	2.732	1.054	899.230
77.501	140.897	80.021	19.978	100.813	20.087	2.770	1.051	899.203
78.001	141.418	80.020	19.977	100.808	20.086	2.772	1.040	899.200
78.501	141.953	80.018	19.977	100.805	20.088	2.716	1.056	899.242
79.001	142.478	80.018	19.977	100.804	20.086	2.827	1.059	899.230
79.501	142.987	80.018	19.976	100.802	20.083	2.953	1.034	899.236
80.001	143.528	80.020	19.977	100.797	20.082	3.015	1.050	899.218
80.501	144.031	80.019	19.977	100.792	20.080	3.089	1.044	899.255
81.001	144.547	80.018	19.976	100.793	20.077	3.180	1.019	899.220
81.501	145.091	80.019	19.978	100.788	20.078	3.131	1.060	899.213
82.001	145.580	80.019	19.977	100.785	20.075	3.250	1.034	899.229
82.500	146.122	80.019	19.977	100.785	20.078	3.165	1.031	899.238
83.001	146.639	80.021	19.976	100.786	20.071	3.465	1.058	899.208
83.501	147.132	80.020	19.977	100.789	20.076	3.297	1.008	899.205
84.002	147.667	80.019	19.978	100.792	20.073	3.467	1.028	899.222
84.501	148.155	80.019	19.978	100.795	20.070	3.618	1.024	899.215
85.001	148.711	80.018	19.977	100.796	20.072	3.528	1.044	899.199
85.501	149.212	80.020	19.978	100.798	20.067	3.699	1.057	899.192
86.001	149.721	80.018	19.977	100.794	20.067	3.675	1.010	899.179
86.501	150.235	80.017	19.976	100.789	20.067	3.679	1.024	899.200
87.000	150.753	80.019	19.977	100.785	20.063	3.834	1.032	899.216
87.501	151.266	80.018	19.977	100.786	20.063	3.809	1.030	899.215
88.001	151.813	80.018	19.977	100.785	20.063	3.850	1.059	899.184
88.501	152.308	80.020	19.977	100.790	20.061	3.916	1.042	899.167
89.000	152.828	80.019	19.977	100.792	20.062	3.865	1.015	899.182
89.501	153.358	80.018	19.977	100.791	20.061	3.906	1.050	899.181
90.001	153.844	80.017	19.977	100.787	20.058	4.062	1.017	899.199
90.500	154.366	80.018	19.976	100.782	20.060	3.976	1.007	899.159
91.001	154.869	80.020	19.977	100.775	20.058	4.076	1.024	899.168
91.501	155.383	80.020	19.979	100.771	20.058	4.073	1.018	899.170
92.001	155.877	80.020	19.978	100.767	20.054	4.249	1.007	899.178
92.502	156.423	80.019	19.978	100.771	20.053	4.287	1.040	899.161
93.001	156.919	80.017	19.977	100.773	20.055	4.222	1.044	899.157
93.500	157.450	80.018	19.977	100.774	20.053	4.274	1.028	899.156
94.000	157.931	80.021	19.976	100.775	20.053	4.326	1.011	899.183
94.501	158.473	80.018	19.976	100.778	20.051	4.397	1.023	899.159
95.001	158.988	80.016	19.977	100.775	20.052	4.367	1.057	899.141
95.501	159.482	80.017	19.977	100.775	20.048	4.492	1.009	899.104
96.001	160.032	80.019	19.977	100.774	20.049	4.413	1.044	899.139
96.501	160.505	80.019	19.978	100.777	20.047	4.505	1.021	899.157
97.001	161.047	80.018	19.978	100.774	20.052	4.292	1.015	899.140
97.500	161.548	80.018	19.977	100.770	20.045	4.577	1.044	899.155
98.001	162.086	80.018	19.978	100.768	20.043	4.691	1.040	899.151
98.501	162.581	80.016	19.978	100.765	20.042	4.751	1.033	899.136
99.001	163.116	80.018	19.978	100.764	20.042	4.739	1.030	899.157
99.501	163.638	80.019	19.978	100.766	20.036	4.946	1.058	899.147
100.000	164.096	80.018	19.977	100.769	20.037	4.913	0.980	899.105
100.500	164.647	80.020	19.977	100.766	20.036	4.915	1.008	899.140
101.001	165.152	80.019	19.978	100.767	20.036	4.915	1.055	899.119
101.501	165.663	80.018	19.977	100.759	20.037	4.883	1.016	899.134
102.001	166.175	80.019	19.976	100.757	20.032	5.105	1.023	899.147
102.501	166.681	80.018	19.978	100.760	20.034	5.050	1.018	899.148
103.000	167.204	80.021	19.977	100.767	20.032	5.115	1.029	899.105
103.501	167.690	80.021	19.977	100.771	20.031	5.161	1.009	899.083
104.001	168.219	80.018	19.979	100.775	20.030	5.207	1.015	899.117
104.501	168.720	80.020	19.978	100.775	20.027	5.331	1.029	899.112
105.001	169.246	80.020	19.978	100.769	20.023	5.481	1.027	899.125
105.501	169.732	80.019	19.977	100.760	20.021	5.592	1.013	899.121
106.000	170.205	80.021	19.978	100.758	20.018	5.726	0.960	899.086
106.500	170.793	80.021	19.978	100.762	20.019	5.710	1.060	899.134
107.001	171.259	80.019	19.977	100.765	20.017	5.862	1.053	899.105
107.501	171.774	80.020	19.977	100.769	20.018	5.840	0.981	899.130
108.001	172.286	80.018	19.978	100.772	20.013	6.047	1.027	899.110
108.501	172.799	80.022	19.977	100.773	20.009	6.221	1.024	899.114
109.002	173.306	80.022	19.978	100.768	20.011	6.135	1.019	899.105
109.502	173.844	80.019	19.979	100.763	20.005	6.353	1.045	899.107
110.001	174.335	80.021	19.979	100.761	20.005	6.306	1.030	899.116
110.501	174.836	80.023	19.978	100.762	20.003	6.332	0.992	899.118
111.001	175.337	80.020	19.978	100.761	20.000	6.453	1.002	899.113
111.501	175.893	80.019	19.977	100.764	20.002	6.354	1.058	899.109
112.000	176.394	80.017	19.978	100.763	19.999	6.509	1.057	899.100
112.501	176.916	80.019	19.977	100.759	19.996	6.698	1.022	899.074
113.001	177.410	80.019	19.976	100.754	19.999	6.630	1.016	899.083
113.501	177.930	80.018	19.977	100.752	19.998	6.676	1.014	899.062
114.001	178.417	80.020	19.977	100.748	19.997	6.771	1.007	899.079
114.501	178.950	80.016	19.977	100.742	19.993	6.972	1.020	899.084
115.000	179.433	80.015	19.978	100.738	19.988	7.112	1.017	899.069
115.500	179.931	80.019	19.978	100.736	19.989	7.036	0.981	899.057
116.001	180.449	80.019	19.978	100.733	19.986	7.130	1.016	899.100
116.500	180.959	80.020	19.978	100.734	19.984	7.215	1.028	899.064
117.001	181.487	80.018	19.976	100.744	19.985	7.153	1.037	899.066
117.501	181.985	80.018	19.978	100.751	19.986	7.110	1.026	899.078
118.001	182.500	80.019	19.978	100.752	19.983	7.264	1.013	899.054
118.501	182.989	80.016	19.978	100.755	19.980	7.406	1.004	899.074
119.001	183.511	80.016	19.978	100.753	19.980	7.406	1.011	899.079
119.501	184.009	80.018	19.977	100.746	19.976	7.583	1.020	899.070
120.001	184.548	80.018	19.977	100.737	19.977	7.573	1.037	899.114
120.501	185.025	80.019	19.978	100.731	19.979	7.546	1.016	899.069
121.002	185.583	80.020	19.979	100.725	19.974	7.759	1.035	899.077
121.501	186.091	80.018	19.978	100.719	19.973	7.814	1.067	899.064
122.001	186.601	80.017	19.978	100.718	19.971	7.886	1.018	899.009
122.501	187.068	80.017	19.977	100.724	19.968	7.983	0.977	899.071
123.001	187.589	80.015	19.977	100.735	19.965	8.064	0.988	899.040
123.501	188.105	80.020	19.977	100.736	19.966	7.984	1.036	899.063
124.001	188.643	80.018	19.976	100.737	19.967	7.931	1.053	899.063
124.501	189.133	80.018	19.976	100.735	19.964	8.029	1.029	899.030
125.001	189.664	80.020	19.977	100.732	19.966	7.966	1.022	899.061
125.501	190.171	80.019	19.976	100.727	19.968	7.924	1.037	899.061
126.002	190.664	80.019	19.978	100.730	19.967	7.939	0.999	899.043
126.501	191.192	80.021	19.978	100.726	19.966	8.028	1.021	899.047
127.001	191.684	80.019	19.978	100.725	19.967	8.074	1.020	899.036
127.501	192.188	80.017	19.977	100.718	19.967	8.112	0.996	899.076
128.001	192.697	80.016	19.977	100.712	19.964	8.256	1.013	899.034
128.501	193.188	80.017	19.978	100.705	19.965	8.195	1.000	899.043
129.001	193.691	80.019	19.978	100.705	19.966	8.206	0.994	899.053
129.501	194.210	80.018	19.977	100.709	19.967	8.170	1.022	899.042
130.001	194.719	80.018	19.978	100.716	19.965	8.260	1.028	899.036
130.502	195.238	80.020	19.979	100.718	19.964	8.312	1.027	899.044
131.001	195.730	80.018	19.978	100.724	19.964	8.280	1.012	899.034
131.501	196.239	80.019	19.978	100.730	19.965	8.235	1.002	899.044
132.001	196.754	80.021	19.978	100.728	19.970	8.053	1.024	899.030
132.501	197.281	80.018	19.978	100.726	19.971	8.020	1.041	899.024
133.001	197.783	80.018	19.978	100.724	19.970	8.004	1.029	899.055
133.501	198.316	80.017	19.978	100.718	19.972	7.872	1.036	899.046
134.001	198.789	80.017	19.978	100.711	19.976	7.723	1.006	899.048
134.501	199.295	80.018	19.978	100.703	19.980	7.621	0.978	899.019
135.001	199.819	80.016	19.978	100.696	19.980	7.620	1.030	899.046
135.501	200.328	80.015	19.977	100.694	19.982	7.517	1.034	899.025
136.001	200.851	80.015	19.979	100.694	19.983	7.514	1.032	899.010
136.502	201.325	80.012	19.978	100.691	19.981	7.632	0.997	899.003
137.001	201.845	80.015	19.979	100.691	19.978	7.770	0.994	899.040
137.501	202.371	80.015	19.979	100.687	19.979	7.772	1.046	899.018
138.001	202.864	80.016	19.979	100.686	19.988	7.389	1.019	899.024
138.501	203.387	80.015	19.979	100.688	19.985	7.490	1.016	898.991
139.001	203.861	80.013	19.978	100.696	19.985	7.474	0.997	899.044
139.501	204.368	80.016	19.977	100.695	19.984	7.498	0.981	898.988
140.001	204.886	80.016	19.978	100.697	19.990	7.284	1.025	899.008
140.501	205.411	80.016	19.978	100.699	19.987	7.348	1.043	898.998
141.001	205.906	80.017	19.977	100.700	19.989	7.241	1.019	899.001
141.502	206.421	80.017	19.978	100.698	19.995	7.001	1.010	899.020
142.001	206.903	80.015	19.977	100.704	19.995	6.971	0.999	899.011
142.501	207.420	80.017	19.977	100.704	20.001	6.774	0.999	899.035
143.001	207.951	80.016	19.978	100.699	19.993	7.088	1.048	899.028
143.501	208.450	80.013	19.978	100.693	19.997	6.971	1.030	899.030
144.001	208.957	80.013	19.978	100.689	19.999	6.906	1.005	899.024
144.501	209.468	80.013	19.978	100.685	20.000	6.888	1.018	899.030
145.001	209.976	80.015	19.977	100.684	20.000	6.909	1.019	899.026
145.502	210.498	80.016	19.977	100.689	20.002	6.854	1.029	899.044
146.002	210.970	80.015	19.978	100.690	20.001	6.841	0.995	898.993
146.501	211.500	80.015	19.977	100.689	20.003	6.724	1.003	899.021
147.001	212.013	80.017	19.978	100.690	20.002	6.734	1.043	899.039
147.501	212.499	80.016	19.977	100.697	20.001	6.747	0.998	899.028
148.002	212.989	80.017	19.977	100.698	20.001	6.781	0.976	898.990
148.502	213.535	80.016	19.979	100.700	20.000	6.801	1.036	899.037
149.001	214.034	80.016	19.979	100.704	19.999	6.931	1.046	899.032
149.501	214.541	80.015	19.978	100.708	20.000	6.906	1.007	899.022
150.001	215.063	80.015	19.977	100.703	19.998	7.019	1.029	899.010
150.501	215.539	80.017	19.976	100.701	20.001	6.922	0.997	899.004
151.002	216.042	80.014	19.978	100.696	20.000	6.906	0.979	899.024
151.501	216.552	80.012	19.978	100.692	20.001	6.884	1.014	899.009
152.001	217.034	80.014	19.976	100.686	20.003	6.729	0.991	899.006
152.501	217.548	80.013	19.976	100.688	20.000	6.822	0.995	899.009
153.001	218.066	80.014	19.977	100.687	19.999	6.812	1.032	898.923
153.501	218.575	80.016	19.978	100.695	19.996	6.923	1.027	898.952
154.002	219.077	80.017	19.978	100.698	19.997	6.909	1.011	899.051
154.502	219.597	80.016	19.978	100.703	19.995	7.000	1.021	898.981
155.002	220.071	80.015	19.978	100.707	19.994	7.064	0.994	899.000
155.502	220.603	80.012	19.977	100.706	19.992	7.202	1.007	899.022
156.002	221.097	80.015	19.976	100.697	19.991	7.288	1.027	898.991
156.501	221.609	80.014	19.977	100.689	19.993	7.190	1.006	899.042
157.001	222.100	80.012	19.978	100.684	19.989	7.391	1.004	899.019
157.501	222.634	80.014	19.977	100.681	19.988	7.388	1.025	899.012
158.001	223.119	80.013	19.977	100.684	19.984	7.570	1.018	899.022
158.501	223.652	80.013	19.976	100.688	19.985	7.543	1.018	898.999
159.001	224.142	80.018	19.977	100.692	19.981	7.757	1.024	898.995
159.501	224.654	80.015	19.978	100.698	19.983	7.727	1.002	899.008
160.001	225.140	80.015	19.978	100.706	19.979	7.857	0.998	899.012
160.501	225.649	80.014	19.978	100.710	19.983	7.714	0.995	899.039
161.002	226.178	80.014	19.978	100.708	19.978	7.910	1.037	899.024
161.502	226.675	80.017	19.978	100.709	19.968	8.288	1.026	899.002
162.001	227.175	80.016	19.978	100.700	19.969	8.248	0.997	899.053
162.502	227.674	80.016	19.978	100.691	19.969	8.203	0.999	899.054
163.001	228.215	80.017	19.977	100.685	19.968	8.285	1.040	899.027
163.501	228.677	80.015	19.978	100.684	19.967	8.366	1.003	898.991
164.002	229.194	80.016	19.977	100.685	19.962	8.600	0.979	899.001
164.502	229.671	80.017	19.977	100.685	19.958	8.748	0.993	898.956
165.002	230.155	80.016	19.978	100.685	19.957	8.829	0.960	898.999
165.502	230.709	80.015	19.978	100.682	19.953	9.014	1.039	899.034
166.001	231.187	80.015	19.978	100.677	19.954	8.994	1.032	899.027
166.502	231.721	80.015	19.977	100.669	19.952	9.053	1.011	899.047
167.002	232.169	80.017	19.977	100.665	19.952	8.996	0.982	898.975
167.502	232.711	80.015	19.978	100.664	19.951	9.028	0.990	899.008
168.002	233.248	80.013	19.978	100.668	19.949	9.103	1.079	899.029
168.501	233.715	80.016	19.977	100.670	19.950	9.026	1.005	899.022
169.001	234.249	80.015	19.978	100.672	19.945	9.225	1.001	899.025
169.501	234.714	80.017	19.978	100.676	19.944	9.309	0.999	899.036
170.001	235.230	80.016	19.976	100.674	19.944	9.340	0.981	899.019
170.501	235.726	80.015	19.978	100.669	19.941	9.510	1.012	899.014
171.001	236.251	80.015	19.978	100.662	19.935	9.783	1.020	899.022
171.502	236.728	80.014	19.977	100.656	19.934	9.837	1.001	899.013
172.002	237.204	80.014	19.976	100.655	19.933	9.855	0.954	899.011
172.502	237.749	80.014	19.976	100.652	19.930	9.990	1.022	899.000
173.001	238.231	80.012	19.976	100.649	19.930	10.025	1.028	899.010
173.501	238.750	80.015	19.977	100.649	19.929	10.051	1.001	899.025
174.001	239.235	80.016	19.976	100.655	19.927	10.149	1.003	898.994
174.501	239.715	80.013	19.976	100.657	19.928	10.147	0.963	898.962
175.002	240.231	80.014	19.977	100.661	19.929	10.161	0.995	898.973
175.502	240.725	80.015	19.976	100.663	19.926	10.310	1.010	898.995
176.002	241.229	80.014	19.976	100.668	19.927	10.253	0.998	898.992
176.502	241.752	80.014	19.978	100.664	19.928	10.170	1.028	899.000
177.001	242.240	80.013	19.977	100.655	19.924	10.264	1.011	898.997
177.502	242.746	80.014	19.977	100.649	19.921	10.301	0.993	899.007
178.002	243.280	80.015	19.976	100.645	19.921	10.272	1.039	899.023
178.502	243.780	80.012	19.976	100.637	19.925	10.060	1.035	899.032
179.002	244.276	80.013	19.977	100.638	19.924	10.057	0.996	899.012
179.502	244.806	80.012	19.978	100.642	19.926	9.988	1.026	899.027
180.002	245.279	80.013	19.978	100.636	19.925	10.085	1.003	899.014
180.502	245.784	80.015	19.979	100.635	19.920	10.320	0.978	899.004
181.002	246.281	80.015	19.977	100.636	19.920	10.323	1.002	899.014
181.501	246.762	80.014	19.976	100.630	19.917	10.473	0.978	899.029
182.002	247.249	80.012	19.977	100.621	19.914	10.659	0.968	898.957
182.502	247.784	80.014	19.976	100.617	19.917	10.587	1.022	899.009
183.002	248.263	80.015	19.976	100.614	19.916	10.604	1.014	899.006
183.502	248.790	80.018	19.976	100.615	19.917	10.569	1.006	898.985
184.002	249.298	80.017	19.977	100.625	19.916	10.598	1.036	899.034
184.501	249.812	80.018	19.977	100.639	19.919	10.442	1.023	899.009
185.001	250.305	80.018	19.976	100.650	19.919	10.395	1.006	899.004
185.502	250.818	80.017	19.976	100.657	19.919	10.383	1.006	899.031
186.002	251.317	80.020	19.978	100.661	19.918	10.416	1.012	899.005
186.502	251.802	80.020	19.976	100.662	19.920	10.365	0.983	898.984
187.002	252.353	80.019	19.975	100.656	19.918	10.458	1.036	899.009
187.502	252.823	80.016	19.977	100.649	19.917	10.521	1.023	899.031
188.001	253.309	80.015	19.978	100.647	19.919	10.484	0.957	898.986
188.501	253.825	80.016	19.976	100.644	19.918	10.572	1.001	899.013
189.002	254.306	80.017	19.976	100.634	19.916	10.669	0.996	898.997
189.502	254.824	80.015	19.976	100.626	19.915	10.711	0.999	898.999
190.002	255.317	80.017	19.977	100.625	19.914	10.712	1.011	898.978
190.502	255.804	80.016	19.977	100.628	19.912	10.785	0.981	898.992
191.002	256.332	80.018	19.976	100.625	19.913	10.697	1.015	898.989
191.501	256.837	80.020	19.977	100.629	19.914	10.612	1.033	898.989
192.001	257.325	80.019	19.976	100.640	19.915	10.593	0.993	898.991
192.501	257.849	80.017	19.976	100.644	19.914	10.592	1.012	899.023
193.001	258.348	80.015	19.979	100.643	19.914	10.584	1.023	899.014
193.501	258.843	80.013	19.978	100.648	19.914	10.575	0.993	898.999
194.001	259.376	80.013	19.977	100.642	19.913	10.621	1.027	899.029
194.502	259.865	80.013	19.977	100.634	19.914	10.632	1.021	899.026
195.002	260.370	80.013	19.977	100.630	19.914	10.576	0.993	899.027
195.502	260.876	80.015	19.977	100.626	19.912	10.610	1.012	899.009
196.002	261.383	80.014	19.978	100.618	19.909	10.709	1.014	899.023
196.501	261.890	80.014	19.977	100.620	19.910	10.723	1.015	898.988
197.001	262.384	80.015	19.977	100.621	19.908	10.766	1.001	899.019
197.501	262.881	80.015	19.978	100.622	19.908	10.791	0.990	899.008
198.002	263.388	80.015	19.978	100.626	19.907	10.871	1.002	899.041
198.503	263.878	80.014	19.979	100.634	19.902	11.072	0.995	899.033
199.003	264.389	80.014	19.979	100.640	19.901	11.153	1.002	899.009
199.502	264.871	80.013	19.977	100.640	19.903	11.058	0.995	899.038
200.002	265.401	80.015	19.977	100.640	19.899	11.178	1.012	899.013
200.502	265.904	80.012	19.977	100.642	19.897	11.250	1.032	899.047
201.002	266.400	80.014	19.978	100.642	19.898	11.213	0.998	899.045
201.503	266.882	80.013	19.978	100.637	19.895	11.294	0.978	899.033
202.002	267.404	80.015	19.977	100.640	19.890	11.519	1.005	899.036
202.502	267.922	80.017	19.978	100.647	19.889	11.557	1.041	899.035
203.001	268.424	80.017	19.978	100.648	19.890	11.535	1.019	899.019
203.502	268.915	80.017	19.977	100.650	19.886	11.682	0.992	899.047
204.002	269.382	80.017	19.978	100.650	19.882	11.831	0.958	899.047
204.502	269.899	80.016	19.979	100.650	19.881	11.848	0.983	899.022
205.002	270.409	80.015	19.978	100.642	19.881	11.866	1.027	899.043
205.501	270.889	80.013	19.977	100.637	19.877	12.047	0.990	899.039
206.002	271.364	80.013	19.977	100.632	19.874	12.137	0.954	899.024
206.503	271.868	80.015	19.978	100.635	19.873	12.221	0.978	899.024
207.003	272.373	80.014	19.979	100.636	19.868	12.397	1.009	899.044
207.502	272.896	80.016	19.978	100.641	19.867	12.437	1.028	899.040
208.003	273.401	80.017	19.978	100.640	19.863	12.545	1.028	899.045
208.503	273.894	80.015	19.978	100.643	19.861	12.577	0.999	899.031
209.002	274.417	80.015	19.978	100.643	19.862	12.540	1.016	899.054
209.502	274.901	80.014	19.978	100.643	19.858	12.659	1.007	899.031
210.002	275.422	80.013	19.978	100.639	19.857	12.734	1.005	899.052
210.502	275.907	80.015	19.978	100.640	19.854	12.864	1.006	899.055
211.002	276.397	80.015	19.978	100.641	19.852	13.003	0.974	899.010
211.502	276.914	80.015	19.977	100.642	19.848	13.166	1.006	899.052
212.003	277.406	80.018	19.978	100.642	19.842	13.406	1.009	899.081
212.503	277.912	80.016	19.978	100.640	19.841	13.452	0.998	899.042
213.002	278.386	80.019	19.977	100.637	19.840	13.474	0.980	899.032
213.502	278.873	80.018	19.978	100.637	19.840	13.448	0.962	899.027
214.002	279.377	80.017	19.978	100.636	19.838	13.492	0.991	899.064
214.502	279.902	80.016	19.978	100.635	19.834	13.633	1.028	899.071
215.003	280.404	80.016	19.979	100.641	19.831	13.796	1.027	899.048
215.503	280.875	80.015	19.979	100.649	19.830	13.841	0.974	899.052
216.002	281.400	80.016	19.979	100.651	19.826	14.032	0.996	899.063
216.502	281.906	80.014	19.978	100.654	19.825	14.070	1.030	899.082
217.003	282.404	80.015	19.978	100.657	19.822	14.192	1.003	899.072
217.503	282.910	80.015	19.977	100.652	19.823	14.190	1.004	899.057
218.003	283.390	80.013	19.979	100.644	19.816	14.435	0.986	899.068
218.503	283.907	80.015	19.978	100.638	19.814	14.515	0.997	899.065
219.002	284.410	80.017	19.977	100.632	19.814	14.541	1.021	899.048
219.502	284.914	80.018	19.979	100.633	19.812	14.659	1.007	899.081
220.002	285.418	80.015	19.978	100.639	19.811	14.713	1.007	899.057
220.502	285.900	80.014	19.978	100.644	19.805	14.965	0.985	899.060
221.002	286.422	80.018	19.978	100.647	19.805	14.960	1.004	899.060
221.502	286.887	80.018	19.978	100.651	19.799	15.193	0.987	899.011
222.003	287.391	80.015	19.978	100.647	19.802	15.099	0.970	899.017
222.502	287.896	80.017	19.978	100.639	19.797	15.284	1.010	899.045
223.001	288.402	80.017	19.978	100.637	19.796	15.333	1.010	899.095
223.502	288.922	80.016	19.979	100.637	19.793	15.469	1.026	899.055
224.002	289.421	80.018	19.978	100.634	19.793	15.501	1.020	899.052
224.502	289.900	80.017	19.978	100.633	19.788	15.697	0.978	899.085
225.002	290.407	80.017	19.978	100.637	19.785	15.825	0.985	899.042
225.502	290.933	80.017	19.978	100.633	19.784	15.897	1.034	899.070
226.002	291.394	80.013	19.977	100.633	19.781	15.969	0.987	899.085
226.502	291.918	80.013	19.978	100.629	19.777	16.119	0.984	899.086
227.002	292.425	80.011	19.978	100.624	19.775	16.190	1.031	899.100
227.502	292.924	80.011	19.978	100.619	19.770	16.314	1.006	899.078
228.002	293.440	80.014	19.978	100.618	19.768	16.350	1.014	899.084
228.502	293.933	80.014	19.977	100.617	19.764	16.471	1.009	899.074
229.002	294.430	80.012	19.977	100.619	19.765	16.445	0.990	899.112
229.503	294.934	80.016	19.977	100.621	19.760	16.649	1.001	899.095
230.002	295.468	80.015	19.977	100.623	19.755	16.875	1.039	899.092
230.502	295.922	80.012	19.977	100.619	19.757	16.800	0.988	899.070
231.002	296.426	80.014	19.977	100.611	19.753	16.981	0.958	899.080
231.502	296.930	80.011	19.976	100.610	19.749	17.156	1.008	899.085
232.002	297.424	80.014	19.977	100.610	19.745	17.310	0.996	899.064
232.503	297.930	80.015	19.977	100.608	19.744	17.335	0.999	899.094
233.003	298.406	80.012	19.977	100.607	19.737	17.610	0.984	899.103
233.502	298.925	80.014	19.977	100.610	19.735	17.704	0.996	899.115
234.002	299.438	80.015	19.976	100.608	19.733	17.758	1.032	899.083
234.502	299.966	80.013	19.977	100.613	19.729	17.923	1.041	899.094
235.002	300.429	80.014	19.978	100.622	19.727	17.987	0.991	899.090
235.502	300.964	80.016	19.977	100.631	19.723	18.136	0.997	899.123
236.002	301.455	80.015	19.976	100.635	19.720	18.218	1.026	899.113
236.502	301.961	80.012	19.978	100.635	19.716	18.331	0.997	899.116
237.003	302.457	80.013	19.977	100.628	19.711	18.488	1.001	899.118
237.503	302.988	80.015	19.978	100.620	19.704	18.780	1.027	899.116
238.003	303.461	80.014	19.978	100.617	19.707	18.696	1.003	899.111
238.503	303.974	80.015	19.978	100.619	19.698	19.072	0.986	899.115
239.002	304.492	80.015	19.977	100.617	19.692	19.319	1.032	899.150
239.502	304.957	80.013	19.976	100.619	19.690	19.420	0.983	899.107
240.002	305.468	80.013	19.976	100.621	19.682	19.702	0.976	899.141
240.502	305.958	80.017	19.976	100.618	19.679	19.786	1.000	899.121
241.003	306.456	80.014	19.975	100.617	19.676	19.869	0.987	899.123
241.503	306.955	80.015	19.976	100.619	19.673	19.943	0.997	899.144
242.003	307.437	80.014	19.977	100.619	19.667	20.147	0.982	899.108
242.502	307.943	80.016	19.976	100.623	19.663	20.294	0.989	899.134
243.002	308.445	80.017	19.977	100.625	19.656	20.585	1.009	899.135
243.502	308.966	80.013	19.978	100.627	19.654	20.645	1.023	899.119
244.002	309.444	80.014	19.977	100.633	19.644	21.039	0.998	899.126
244.502	309.927	80.015	19.976	100.639	19.638	21.268	0.961	899.153
245.002	310.447	80.015	19.976	100.631	19.632	21.463	1.003	899.126
245.502	310.950	80.017	19.976	100.629	19.625	21.757	1.024	899.152
246.002	311.424	80.015	19.977	100.626	19.614	22.168	0.977	899.118
246.502	311.941	80.014	19.976	100.618	19.607	22.437	0.989	899.197
247.003	312.410	80.017	19.976	100.617	19.599	22.735	0.985	899.166
247.503	312.937	80.014	19.977	100.626	19.593	22.973	0.997	899.169
248.002	313.422	80.016	19.976	100.629	19.589	23.173	1.013	899.152
248.502	313.918	80.016	19.976	100.638	19.577	23.571	0.981	899.124
249.002	314.422	80.014	19.977	100.644	19.569	23.829	1.000	899.159
249.502	314.901	80.016	19.976	100.643	19.559	24.167	0.983	899.179
250.002	315.438	80.017	19.976	100.643	19.549	24.531	1.016	899.172
250.502	315.953	80.016	19.976	100.646	19.542	24.787	1.052	899.162
251.002	316.444	80.018	19.976	100.642	19.530	25.214	1.006	899.168
251.502	316.943	80.017	19.977	100.643	19.521	25.562	0.991	899.170
252.002	317.453	80.017	19.976	100.649	19.510	26.011	1.010	899.161
252.502	317.938	80.016	19.977	100.650	19.501	26.343	0.994	899.180
253.002	318.441	80.014	19.977	100.649	19.493	26.612	0.987	899.173
253.503	318.933	80.013	19.976	100.648	19.479	27.132	0.995	899.168
254.003	319.407	80.015	19.976	100.651	19.468	27.568	0.966	899.165
254.503	319.942	80.010	19.977	100.649	19.449	28.292	1.009	899.187
255.003	320.412	80.013	19.976	100.645	19.441	28.603	1.005	899.185
255.503	320.931	80.016	19.977	100.647	19.424	29.286	0.989	899.195
256.002	321.431	80.016	19.977	100.653	19.411	29.820	1.019	899.184
256.502	321.914	80.017	19.977	100.660	19.399	30.335	0.983	899.189
257.002	322.419	80.017	19.976	100.668	19.382	30.926	0.988	899.194
257.502	322.926	80.017	19.977	100.678	19.366	31.498	1.013	899.188
258.002	323.423	80.015	19.976	100.680	19.352	32.016	1.005	899.198
258.502	323.932	80.015	19.977	100.679	19.336	32.534	1.005	899.194
259.003	324.422	80.016	19.977	100.675	19.318	33.190	0.998	899.219
259.503	324.930	80.015	19.977	100.673	19.300	33.829	0.999	899.226
260.002	325.418	80.015	19.979	100.675	19.282	34.484	0.996	899.222
260.503	325.939	80.013	19.978	100.685	19.265	35.121	1.008	899.212
261.003	326.422	80.014	19.978	100.691	19.243	35.942	1.004	899.251
261.503	326.937	80.016	19.977	100.688	19.225	36.675	0.998	899.250
262.002	327.424	80.018	19.977	100.687	19.205	37.436	1.002	899.223
262.503	327.928	80.016	19.978	100.683	19.184	38.251	0.990	899.228
263.003	328.432	80.015	19.978	100.674	19.166	39.016	1.008	899.215
263.502	328.916	80.014	19.977	100.670	19.145	39.869	0.990	899.210
264.002	329.421	80.013	19.977	100.674	19.119	40.904	0.990	899.230
264.502	329.932	80.015	19.978	100.679	19.099	41.697	1.015	899.259
265.002	330.441	80.015	19.978	100.685	19.075	42.618	1.019	899.210
265.502	330.925	80.014	19.978	100.698	19.049	43.584	0.994	899.216
266.002	331.426	80.015	19.978	100.707	19.025	44.473	0.984	899.240
266.503	331.913	80.015	19.977	100.715	18.999	45.406	0.986	899.236
267.003	332.434	80.014	19.977	100.720	18.976	46.273	1.008	899.216
267.503	332.948	80.016	19.977	100.726	18.950	47.250	1.036	899.227
268.002	333.431	80.016	19.978	100.730	18.925	48.213	0.997	899.229
268.502	333.915	80.016	19.977	100.729	18.894	49.411	0.967	899.241
269.003	334.413	80.013	19.976	100.728	18.867	50.464	0.982	899.238
269.503	334.902	80.013	19.976	100.727	18.837	51.611	0.986	899.233
270.003	335.407	80.015	19.976	100.723	18.809	52.660	0.993	899.241
270.503	335.946	80.014	19.976	100.715	18.783	53.667	1.046	899.261
271.003	336.425	80.014	19.977	100.710	18.755	54.747	1.018	899.236
271.503	336.908	80.016	19.977	100.705	18.726	55.879	0.960	899.254
272.004	337.402	80.014	19.977	100.704	18.691	57.226	0.977	899.250
272.503	337.911	80.014	19.978	100.703	18.660	58.418	1.005	899.258
273.002	338.413	80.015	19.977	100.710	18.627	59.665	1.012	899.260
273.502	338.913	80.015	19.978	100.722	18.596	60.844	1.002	899.234
274.002	339.400	80.015	19.977	100.731	18.564	62.096	0.987	899.258
274.502	339.886	80.015	19.976	100.732	18.531	63.363	0.973	899.269
275.002	340.391	80.015	19.977	100.736	18.495	64.744	0.991	899.239
275.502	340.908	80.016	19.977	100.733	18.461	66.079	1.022	899.265
276.003	341.386	80.013	19.976	100.729	18.428	67.299	0.994	899.263
276.503	341.892	80.014	19.977	100.729	18.390	68.726	0.984	899.279
277.003	342.388	80.014	19.977	100.735	18.353	70.128	1.003	899.302
277.502	342.905	80.014	19.977	100.737	18.316	71.488	1.013	899.259
278.003	343.386	80.017	19.977	100.738	18.279	72.872	0.997	899.279
278.503	343.871	80.018	19.976	100.736	18.240	74.349	0.966	899.308
279.003	344.404	80.016	19.977	100.734	18.208	75.603	1.018	899.271
279.503	344.892	80.016	19.977	100.734	18.165	77.268	1.021	899.314
280.003	345.378	80.014	19.975	100.735	18.127	78.750	0.975	899.254
280.503	345.897	80.015	19.977	100.738	18.087	80.260	1.005	899.303
281.003	346.392	80.015	19.976	100.744	18.047	81.804	1.014	899.298
281.502	346.901	80.014	19.976	100.742	18.004	83.478	1.004	899.302
282.002	347.382	80.015	19.977	100.738	17.964	84.983	0.989	899.293
282.503	347.903	80.016	19.978	100.736	17.924	86.547	1.002	899.292
283.003	348.397	80.014	19.978	100.736	17.882	88.166	1.016	899.299
283.502	348.881	80.014	19.977	100.739	17.837	89.876	0.978	899.265
284.003	349.354	80.015	19.976	100.750	17.801	91.249	0.957	899.288
284.503	349.884	80.015	19.977	100.760	17.758	92.890	1.003	899.308
285.003	350.390	80.014	19.978	100.763	17.711	94.678	1.036	899.285
285.503	350.885	80.014	19.977	100.770	17.667	96.345	1.002	899.306
286.002	351.419	80.014	19.977	100.772	17.625	97.947	1.029	899.287
286.502	351.882	80.015	19.977	100.767	17.586	99.436	0.996	899.298
287.003	352.361	80.013	19.976	100.766	17.537	101.320	0.942	899.318
287.504	352.865	80.013	19.977	100.765	17.493	102.968	0.982	899.331
288.003	353.389	80.012	19.978	100.760	17.445	104.773	1.029	899.340
288.503	353.887	80.013	19.978	100.759	17.402	106.432	1.022	899.360
289.004	354.378	80.014	19.978	100.763	17.357	108.117	0.988	899.328
289.504	354.860	80.015	19.978	100.762	17.310	109.925	0.974	899.322
290.003	355.364	80.012	19.977	100.765	17.267	111.585	0.987	899.341
290.502	355.865	80.011	19.979	100.764	17.220	113.379	1.004	899.328
291.003	356.394	80.011	19.977	100.762	17.171	115.280	1.030	899.346
291.503	356.858	80.012	19.977	100.762	17.124	117.044	0.994	899.330
292.002	357.328	80.014	19.978	100.761	17.077	118.883	0.933	899.334
292.503	357.807	80.014	19.977	100.765	17.031	120.663	0.948	899.367
293.004	358.329	80.015	19.977	100.772	16.985	122.420	1.001	899.342
293.504	358.885	80.015	19.978	100.769	16.935	124.308	1.079	899.349
294.003	359.349	80.014	19.978	100.766	16.887	126.144	1.022	899.358
294.502	359.849	80.015	19.978	100.771	16.839	127.940	0.965	899.326
295.002	360.352	80.017	19.977	100.776	16.789	129.771	1.003	899.399
295.502	360.848	80.015	19.976	100.779	16.744	131.433	0.999	899.377
296.003	361.342	80.015	19.977	100.785	16.696	133.219	0.989	899.366
296.503	361.826	80.014	19.976	100.787	16.652	134.861	0.978	899.359
297.002	362.344	80.015	19.975	100.783	16.604	136.630	1.002	899.317
297.503	362.838	80.013	19.977	100.776	16.563	138.160	1.011	899.381
298.003	363.310	80.011	19.976	100.774	16.521	139.689	0.966	899.372
298.504	363.824	80.013	19.976	100.775	16.474	141.407	0.985	899.372
299.004	364.336	80.012	19.977	100.778	16.425	143.157	1.025	899.377
299.503	364.813	80.012	19.977	100.774	16.371	145.101	0.990	899.381
300.003	365.337	80.016	19.976	100.769	16.321	146.906	1.002	899.369
300.503	365.834	80.015	19.976	100.766	16.267	148.841	1.021	899.370
301.003	366.327	80.016	19.977	100.766	16.218	150.634	0.990	899.394
301.503	366.835	80.015	19.978	100.768	16.167	152.528	1.001	899.402
302.003	367.300	80.013	19.976	100.781	16.114	154.520	0.974	899.401
302.503	367.821	80.017	19.977	100.791	16.062	156.505	0.986	899.392
303.003	368.289	80.015	19.977	100.799	16.009	158.456	0.989	899.385
303.503	368.821	80.014	19.977	100.805	15.945	160.759	1.000	899.407
304.003	369.321	80.017	19.976	100.814	15.875	163.323	1.031	899.402
304.504	369.821	80.017	19.978	100.821	15.794	166.380	1.000	899.424
305.003	370.307	80.018	19.978	100.829	15.701	169.892	0.986	899.413
305.502	370.794	80.017	19.978	100.839	15.621	173.000	0.973	899.409
306.003	371.337	80.018	19.977	100.851	15.554	175.565	1.029	899.410
306.504	371.826	80.017	19.977	100.871	15.507	177.284	1.032	899.425
307.003	372.346	80.014	19.977	100.892	15.464	178.920	1.009	899.454
307.503	372.817	80.013	19.978	100.914	15.417	180.697	0.992	899.422
308.003	373.323	80.015	19.977	100.931	15.362	182.724	0.977	899.444
308.503	373.802	80.015	19.978	100.944	15.280	185.619	0.985	899.436
309.003	374.285	80.014	19.977	100.946	15.175	189.592	0.962	899.414
309.503	374.797	80.017	19.977	100.944	15.073	193.666	0.995	899.421
310.003	375.259	80.017	19.978	100.944	14.994	196.730	0.974	899.442
310.503	375.763	80.017	19.978	100.957	14.949	198.423	0.965	899.408
311.003	376.307	80.016	19.978	100.981	14.911	199.857	1.048	899.415
311.503	376.811	80.013	19.977	101.003	14.860	201.791	1.049	899.454
312.003	377.270	80.013	19.976	101.009	14.770	205.082	0.964	899.444
312.503	377.763	80.012	19.977	101.004	14.684	208.117	0.952	899.455
313.003	378.279	80.013	19.978	100.978	14.624	210.201	1.007	899.435
313.503	378.764	80.015	19.978	100.962	14.576	211.888	1.000	899.449
314.004	379.254	80.014	19.978	100.978	14.517	214.035	0.976	899.461
314.503	379.762	80.015	19.978	100.994	14.446	216.671	0.999	899.474
315.003	380.264	80.015	19.977	101.001	14.376	219.192	1.009	899.476
315.504	380.736	80.016	19.978	101.023	14.320	221.244	0.975	899.467
316.003	381.225	80.015	19.978	101.046	14.265	223.184	0.962	899.468
316.503	381.722	80.016	19.978	101.020	14.204	225.340	0.985	899.453
317.003	382.234	80.016	19.978	100.987	14.115	228.576	1.009	899.458
317.503	382.716	80.017	19.977	100.982	13.991	233.176	0.994	899.449
318.004	383.204	80.017	19.977	100.981	13.857	238.162	0.969	899.469
318.504	383.685	80.016	19.978	100.959	13.738	242.631	0.969	899.449
319.004	384.194	80.015	19.976	100.972	13.666	245.407	0.991	899.466
319.503	384.690	80.014	19.978	101.017	13.612	247.367	1.006	899.495
320.003	385.179	80.014	19.978	101.056	13.530	250.302	0.985	899.481
320.503	385.668	80.017	19.977	101.089	13.413	254.608	0.978	899.489
321.003	386.147	80.015	19.978	101.115	13.296	258.927	0.968	899.473
321.503	386.632	80.017	19.978	101.116	13.194	262.644	0.964	899.471
322.004	387.128	80.018	19.977	101.120	13.102	266.020	0.980	899.464
322.504	387.628	80.016	19.978	101.138	13.031	268.714	0.995	899.492
323.004	388.145	80.017	19.978	101.147	12.948	271.837	1.017	899.480
323.503	388.650	80.014	19.977	101.184	12.841	275.699	1.023	899.509
324.003	389.110	80.015	19.978	101.228	12.724	279.974	0.966	899.495
324.503	389.641	80.016	19.978	101.244	12.618	283.601	0.991	899.485
325.003	390.129	80.013	19.978	101.244	12.484	288.309	1.018	899.513
325.504	390.618	80.017	19.977	101.253	12.337	293.706	0.977	899.533
326.004	391.142	80.017	19.978	101.237	12.197	298.720	1.012	899.514
326.504	391.598	80.016	19.977	101.223	12.072	303.294	0.980	899.503
327.004	392.095	80.018	19.979	101.247	11.966	306.899	0.954	899.508
327.503	392.580	80.017	19.978	101.284	11.899	309.497	0.982	899.524
328.003	393.071	80.015	19.978	101.302	11.838	310.546	0.976	899.529
328.504	393.553	80.012	19.977	101.322	11.719	315.263	0.974	899.531
329.004	394.070	80.012	19.977	101.349	11.546	322.156	1.000	899.511
329.503	394.561	80.013	19.978	101.342	11.332	329.293	1.009	899.545
330.003	395.038	80.016	19.978	101.319	11.113	338.356	0.968	899.531
330.503	395.521	80.017	19.977	101.324	10.925	345.822	0.959	899.554
331.003	396.030	80.017	19.978	101.364	10.812	351.496	0.991	899.562
331.503	396.551	80.015	19.977	101.380	10.728	354.477	1.030	899.524
332.004	397.036	80.014	19.978	101.477	10.647	357.504	1.007	899.553
332.503	397.530	80.016	19.979	101.561	10.546	362.442	0.980	899.549
333.003	398.025	80.015	19.977	101.573	10.397	367.756	0.988	899.544
333.504	398.504	80.014	19.977	101.599	10.136	377.456	0.974	899.553
334.003	399.029	80.016	19.977	101.640	9.839	388.747	1.004	899.537
334.503	399.490	80.014	19.977	101.665	9.590	398.431	0.986	899.572
335.003	400.012	80.016	19.978	101.651	9.358	407.401	0.984	899.587
335.503	400.501	80.017	19.977	102.061	9.083	417.839	1.011	899.572
336.003	401.017	80.015	19.977	101.932	8.835	427.204	1.004	899.595
336.503	401.460	80.017	19.977	101.799	8.721	431.542	0.960	899.578
337.003	402.013	80.016	19.977	101.987	8.770	429.799	0.997	899.586
337.503	402.504	80.015	19.976	101.767	8.912	424.463	1.043	899.581
338.004	403.015	80.015	19.977	101.234	9.023	420.125	1.001	899.574
338.504	403.525	80.017	19.977	101.259	9.057	418.564	1.020	899.546
339.004	403.990	80.018	19.977	101.294	9.084	417.297	0.975	899.624
339.504	404.518	80.016	19.977	100.907	9.124	415.670	0.994	899.595
340.003	405.005	80.016	19.977	100.972	9.160	414.361	1.015	899.623
340.504	405.503	80.017	19.977	100.958	9.165	414.292	0.984	899.604
341.004	406.021	80.017	19.977	100.842	9.170	414.203	1.017	899.619
341.503	406.545	80.014	19.976	100.678	9.194	413.421	1.043	899.645
342.003	407.020	80.016	19.977	100.505	9.235	411.918	0.999	899.606
342.503	407.531	80.017	19.977	100.308	9.268	410.670	0.987	899.616
343.003	408.030	80.016	19.978	100.135	9.302	409.284	1.010	899.603
343.504	408.527	80.018	19.979	100.004	9.346	407.524	0.995	899.646
344.004	409.053	80.018	19.978	99.950	9.386	405.908	1.023	899.629
344.504	409.545	80.017	19.978	100.004	9.440	403.807	1.019	899.623
345.003	410.066	80.016	19.978	100.133	9.493	401.702	1.012	899.645
345.504	410.531	80.014	19.977	100.262	9.549	399.531	0.985	899.648
346.004	411.062	80.014	19.978	100.388	9.621	396.790	0.997	899.653
346.503	411.559	80.014	19.979	100.461	9.691	394.147	1.028	899.646
347.003	412.061	80.013	19.978	100.477	9.765	391.365	0.998	899.662
347.504	412.583	80.016	19.978	100.443	9.850	388.154	1.024	899.660
348.004	413.082	80.015	19.979	100.407	9.937	384.944	1.022	899.649
348.503	413.582	80.014	19.978	100.375	10.029	381.563	0.999	899.661
349.003	414.082	80.016	19.978	100.363	10.135	377.703	1.001	899.641
349.503	414.611	80.016	19.979	100.368	10.252	373.428	1.029	899.655
350.004	415.122	80.016	19.978	100.410	10.373	368.984	1.038	899.649
350.504	415.614	80.013	19.978	100.462	10.503	364.203	1.003	899.638
351.003	416.115	80.013	19.978	100.517	10.642	359.035	0.995	899.666
351.503	416.640	80.015	19.979	100.579	10.788	353.648	1.026	899.643
352.003	417.162	80.013	19.979	100.626	10.945	347.836	1.046	899.684
352.504	417.667	80.013	19.977	100.667	11.110	341.707	1.027	899.684
353.004	418.181	80.015	19.978	100.705	11.285	335.191	1.019	899.699
353.503	418.676	80.014	19.978	100.748	11.469	328.339	1.008	899.708
354.004	419.219	80.014	19.978	100.772	11.656	321.381	1.038	899.669
354.504	419.721	80.016	19.978	100.803	11.850	314.158	1.046	899.686
355.003	420.250	80.015	19.979	100.824	12.049	306.760	1.031	899.650
355.503	420.770	80.015	19.978	100.834	12.249	299.310	1.048	899.710
356.004	421.244	80.012	19.978	100.829	12.451	291.733	0.993	899.708
356.504	421.795	80.013	19.977	100.838	12.656	284.033	1.026	899.721
357.004	422.294	80.013	19.978	100.839	12.864	276.211	1.051	899.709
357.504	422.818	80.014	19.978	100.839	13.073	268.320	1.023	899.717
358.003	423.324	80.014	19.977	100.855	13.277	260.536	1.030	899.719
358.503	423.872	80.015	19.978	100.873	13.482	252.722	1.054	899.730
359.003	424.335	80.014	19.978	100.881	13.688	244.861	1.011	899.706
359.503	424.890	80.015	19.977	100.902	13.894	237.004	1.018	899.733
360.003	425.433	80.016	19.978	100.924	14.094	229.301	1.097	899.733
360.504	425.938	80.016	19.978	100.936	14.294	221.599	1.047	899.735
361.003	426.446	80.015	19.977	100.956	14.487	214.153	1.013	899.723
361.503	426.953	80.014	19.977	100.977	14.675	206.870	1.015	899.722
362.004	427.428	80.014	19.976	100.989	14.859	199.752	0.981	899.715
362.504	427.971	80.015	19.976	100.992	15.042	192.667	1.017	899.734
363.004	428.475	80.013	19.977	101.005	15.221	185.711	1.047	899.747
363.504	428.982	80.015	19.976	101.018	15.397	178.861	1.012	899.753
364.004	429.516	80.015	19.976	101.038	15.570	172.063	1.041	899.732
364.504	430.035	80.014	19.977	101.064	15.737	165.551	1.052	899.730
365.004	430.551	80.016	19.976	101.096	15.907	158.926	1.035	899.738
365.504	431.053	80.016	19.976	101.125	16.069	152.626	1.018	899.747
366.003	431.589	80.015	19.977	101.151	16.227	146.489	1.038	899.763
366.504	432.066	80.014	19.976	101.184	16.382	140.542	1.013	899.736
367.004	432.584	80.013	19.977	101.219	16.527	135.012	0.995	899.743
367.504	433.097	80.015	19.976	101.253	16.675	129.421	1.031	899.753
368.004	433.596	80.014	19.976	101.287	16.814	124.191	1.012	899.766
368.504	434.137	80.013	19.977	101.322	16.948	119.153	1.040	899.779
369.004	434.612	80.013	19.976	101.354	17.083	114.052	1.016	899.780
369.504	435.119	80.015	19.976	101.384	17.208	109.253	0.982	899.739
370.004	435.618	80.013	19.978	101.416	17.329	104.614	1.006	899.761
370.504	436.138	80.016	19.977	101.447	17.445	100.054	1.018	899.762
371.004	436.618	80.016	19.977	101.481	17.561	95.470	1.001	899.761
371.503	437.128	80.015	19.978	101.514	17.664	91.391	0.991	899.757
372.003	437.625	80.014	19.977	101.544	17.769	87.293	1.006	899.791
372.503	438.125	80.013	19.977	101.568	17.869	83.449	0.997	899.799
373.004	438.659	80.014	19.976	101.587	17.964	79.827	1.033	899.793
373.504	439.168	80.015	19.976	101.596	18.059	76.302	1.042	899.796
374.004	439.656	80.015	19.977	101.592	18.147	73.094	0.997	899.762
374.504	440.217	80.017	19.976	101.587	18.235	69.864	1.049	899.767
375.004	440.668	80.016	19.976	101.573	18.314	66.990	1.012	899.807
375.504	441.159	80.013	19.977	101.547	18.396	64.006	0.941	899.818
376.004	441.683	80.014	19.976	101.526	18.470	61.332	1.015	899.820
376.504	442.189	80.013	19.977	101.516	18.537	58.932	1.031	899.821
377.004	442.676	80.013	19.978	101.512	18.607	56.381	0.993	899.812
377.504	443.203	80.012	19.978	101.521	18.674	53.999	1.014	899.805
378.004	443.671	80.012	19.978	101.544	18.735	51.817	0.995	899.821
378.504	444.161	80.013	19.977	101.565	18.797	49.556	0.958	899.852
379.004	444.680	80.014	19.977	101.577	18.854	47.512	1.008	899.838
379.505	445.183	80.011	19.979	101.580	18.910	45.418	1.022	899.824
380.004	445.669	80.013	19.978	101.575	18.964	43.449	0.990	899.842
380.504	446.185	80.011	19.977	101.557	19.012	41.687	1.002	899.868
381.004	446.687	80.011	19.978	101.528	19.058	40.020	1.019	899.870
381.504	447.166	80.013	19.978	101.497	19.109	38.227	0.981	899.841
382.004	447.674	80.013	19.977	101.469	19.154	36.639	0.986	899.835
382.504	448.162	80.014	19.978	101.438	19.193	35.275	0.996	899.877
383.004	448.673	80.013	19.978	101.409	19.237	33.725	0.999	899.870
383.504	449.182	80.012	19.978	101.384	19.274	32.413	1.020	899.869
384.004	449.656	80.014	19.978	101.356	19.308	31.213	0.984	899.875
384.504	450.180	80.012	19.977	101.326	19.345	29.892	0.998	899.888
385.004	450.653	80.012	19.978	101.297	19.380	28.661	0.997	899.865
385.504	451.151	80.013	19.977	101.271	19.410	27.625	0.971	899.908
386.004	451.662	80.017	19.977	101.250	19.445	26.420	1.009	899.906
386.504	452.149	80.014	19.978	101.232	19.469	25.667	0.999	899.912
387.004	452.631	80.015	19.977	101.217	19.501	24.556	0.970	899.899
387.504	453.149	80.013	19.977	101.206	19.526	23.668	1.000	899.872
388.004	453.633	80.012	19.977	101.188	19.554	22.747	1.001	899.908
388.504	454.150	80.011	19.977	101.166	19.579	21.930	1.001	899.903
389.004	454.647	80.010	19.977	101.141	19.604	21.051	1.014	899.894
389.504	455.143	80.013	19.977	101.115	19.635	19.969	0.993	899.932
390.004	455.640	80.011	19.977	101.093	19.658	19.139	0.993	899.913
390.505	456.126	80.012	19.978	101.076	19.686	18.159	0.982	899.921
391.004	456.611	80.013	19.978	101.060	19.709	17.354	0.971	899.907
391.504	457.122	80.012	19.977	101.045	19.736	16.381	0.996	899.947
392.004	457.618	80.014	19.977	101.025	19.760	15.504	1.007	899.935
392.504	458.111	80.015	19.977	101.005	19.785	14.574	0.989	899.937
393.004	458.627	80.015	19.976	100.985	19.813	13.581	1.009	899.946
393.504	459.133	80.015	19.977	100.962	19.838	12.627	1.022	899.935
394.004	459.582	80.013	19.977	100.942	19.862	11.698	0.956	899.950
394.504	460.078	80.015	19.976	100.925	19.889	10.672	0.946	899.967
395.004	460.578	80.014	19.976	100.904	19.915	9.705	0.994	899.947
395.504	461.065	80.014	19.975	100.882	19.938	8.799	0.986	899.946
396.004	461.581	80.013	19.976	100.865	19.958	8.022	1.004	899.984
396.504	462.065	80.014	19.977	100.851	19.977	7.271	1.000	899.950
397.004	462.578	80.014	19.976	100.837	19.998	6.466	0.997	899.965
397.505	463.042	80.014	19.978	100.825	20.013	5.959	0.977	899.951
398.005	463.586	80.014	19.978	100.815	20.029	5.361	1.007	899.930
398.505	464.064	80.014	19.976	100.802	20.047	4.685	1.023	899.973
399.004	464.534	80.011	19.978	100.794	20.062	4.133	0.949	899.971
399.504	465.088	80.010	19.979	100.786	20.076	3.623	1.024	899.972
400.004	465.611	80.011	19.978	100.775	20.088	3.216	1.077	899.996
400.504	466.093	80.012	19.979	100.768	20.097	2.914	1.005	900.017
401.004	466.599	80.011	19.977	100.767	20.106	2.609	0.989	899.993
401.504	467.044	80.013	19.977	100.761	20.118	2.209	0.951	900.010
402.004	467.574	80.016	19.978	100.760	20.125	2.028	0.975	899.989
402.504	468.046	80.014	19.977	100.762	20.131	1.840	1.002	899.982
403.004	468.588	80.018	19.977	100.763	20.141	1.508	1.013	899.995
403.504	469.071	80.017	19.978	100.760	20.148	1.213	1.025	899.968
404.004	469.562	80.016	19.977	100.760	20.149	1.198	0.975	900.007
404.504	470.054	80.016	19.978	100.757	20.156	0.948	0.983	900.001
405.004	470.576	80.014	19.978	100.750	20.158	0.929	1.013	900.000
405.505	471.077	80.016	19.978	100.742	20.163	0.794	1.022	900.011
406.005	471.575	80.016	19.978	100.739	20.166	0.752	1.000	900.005
406.504	472.049	80.013	19.977	100.733	20.169	0.726	0.972	900.028
407.005	472.577	80.013	19.977	100.730	20.171	0.701	1.001	899.999
407.505	473.063	80.012	19.978	100.726	20.175	0.590	1.014	900.028
408.005	473.565	80.011	19.977	100.719	20.174	0.676	0.988	900.054
408.505	474.060	80.013	19.977	100.709	20.174	0.720	0.998	900.053
409.004	474.538	80.012	19.977	100.700	20.177	0.681	0.973	900.055
409.505	475.044	80.011	19.977	100.685	20.180	0.620	0.983	900.040
410.005	475.565	80.013	19.977	100.681	20.182	0.573	1.028	900.049
410.504	476.043	80.012	19.978	100.677	20.176	0.826	1.000	900.037
411.004	476.563	80.015	19.977	100.677	20.183	0.619	0.998	900.051
411.504	477.069	80.017	19.977	100.674	20.182	0.708	1.026	900.086
412.004	477.557	80.016	19.977	100.675	20.187	0.533	0.994	900.067
412.504	478.069	80.017	19.977	100.666	20.186	0.610	1.000	900.074
413.004	478.549	80.015	19.978	100.654	20.189	0.544	0.992	900.049
413.504	479.040	80.013	19.978	100.642	20.188	0.674	0.971	900.060
414.004	479.553	80.016	19.977	100.631	20.189	0.652	1.004	900.089
414.504	480.039	80.018	19.978	100.623	20.190	0.640	0.999	900.065
415.004	480.554	80.016	19.978	100.621	20.191	0.646	1.001	900.078
415.504	481.033	80.014	19.978	100.619	20.188	0.798	0.994	900.087
416.004	481.554	80.013	19.979	100.609	20.193	0.654	1.000	900.104
416.504	482.065	80.015	19.978	100.597	20.193	0.679	1.032	900.120
417.004	482.567	80.015	19.978	100.588	20.191	0.759	1.012	900.116
417.505	483.041	80.012	19.978	100.581	20.191	0.711	0.976	900.107
418.005	483.537	80.014	19.978	100.579	20.192	0.705	0.971	900.103
418.504	484.056	80.013	19.979	100.575	20.192	0.708	1.015	900.135
419.004	484.537	80.014	19.978	100.572	20.191	0.730	1.000	900.151
419.504	485.072	80.017	19.977	100.562	20.191	0.724	1.016	900.110
420.004	485.553	80.015	19.978	100.554	20.193	0.697	1.015	900.110
420.504	486.032	80.014	19.978	100.546	20.198	0.524	0.959	900.132
421.004	486.545	80.013	19.977	100.541	20.196	0.616	0.992	900.124
421.504	487.054	80.014	19.980	100.540	20.197	0.598	1.023	900.113
422.004	487.526	80.014	19.978	100.536	20.195	0.688	0.982	900.100
422.504	488.054	80.014	19.978	100.524	20.194	0.782	1.000	900.160
423.004	488.554	80.015	19.978	100.518	20.198	0.594	1.027	900.151
423.505	489.038	80.017	19.978	100.516	20.196	0.695	0.983	900.166
424.005	489.543	80.016	19.978	100.514	20.197	0.676	0.989	900.148
424.504	490.042	80.018	19.978	100.518	20.198	0.622	1.005	900.174
425.004	490.505	80.018	19.977	100.523	20.195	0.760	0.963	900.123
425.504	491.037	80.018	19.979	100.517	20.196	0.701	0.995	900.178
426.004	491.541	80.016	19.978	100.515	20.193	0.850	1.036	900.138
426.504	492.047	80.017	19.978	100.516	20.195	0.774	1.009	900.165
427.005	492.547	80.015	19.978	100.515	20.195	0.784	1.006	900.173
427.504	493.036	80.019	19.978	100.509	20.198	0.618	0.990	900.184
428.004	493.549	80.019	19.977	100.510	20.199	0.540	1.003	900.167
428.504	494.059	80.018	19.977	100.509	20.198	0.636	1.023	900.176
429.004	494.546	80.020	19.977	100.501	20.199	0.642	0.996	900.161
429.504	495.053	80.019	19.977	100.495	20.204	0.415	0.994	900.180
430.004	495.532	80.018	19.977	100.498	20.202	0.502	0.987	900.184
430.504	496.048	80.018	19.977	100.499	20.205	0.402	0.995	900.174
431.004	496.544	80.015	19.978	100.497	20.206	0.376	1.011	900.178
431.504	497.039	80.015	19.979	100.497	20.205	0.401	0.991	900.169
432.004	497.535	80.014	19.978	100.493	20.203	0.449	0.991	900.185
432.504	498.029	80.014	19.979	100.490	20.201	0.567	0.990	900.194
433.004	498.541	80.016	19.979	100.491	20.204	0.462	1.006	900.180
433.505	499.042	80.014	19.979	100.490	20.205	0.492	1.013	900.187
434.005	499.551	80.014	19.979	100.491	20.206	0.471	1.010	900.204
434.505	500.033	80.012	19.978	100.495	20.207	0.380	0.992	900.236
435.005	500.510	80.012	19.980	100.499	20.204	0.465	0.959	900.230
435.504	501.030	80.014	19.979	100.498	20.206	0.355	0.997	900.200
436.004	501.536	80.016	19.978	100.493	20.203	0.503	1.026	900.237
436.504	502.043	80.014	19.979	100.490	20.207	0.339	1.014	900.209
437.004	502.549	80.014	19.979	100.489	20.204	0.422	1.013	900.259
437.504	503.037	80.012	19.978	100.489	20.206	0.410	0.993	900.227
438.004	503.534	80.015	19.979	100.487	20.208	0.375	0.984	900.220
438.505	504.040	80.015	19.979	100.493	20.209	0.374	1.003	900.235
439.005	504.539	80.013	19.979	100.493	20.205	0.539	1.006	900.236
439.505	505.031	80.013	19.978	100.491	20.206	0.521	0.992	900.244
440.004	505.534	80.015	19.978	100.484	20.204	0.603	0.995	900.246
440.504	506.019	80.014	19.978	100.480	20.205	0.518	0.988	900.260
441.004	506.547	80.018	19.978	100.474	20.205	0.555	1.013	900.264
441.504	506.995	80.017	19.977	100.475	20.208	0.439	0.976	900.251
442.005	507.471	80.015	19.977	100.481	20.207	0.452	0.923	900.268
442.505	508.025	80.013	19.978	100.491	20.203	0.628	1.030	900.276
443.005	508.485	80.012	19.977	100.491	20.208	0.478	1.014	900.252
443.505	508.982	80.015	19.978	100.489	20.209	0.427	0.957	900.266
444.004	509.481	80.016	19.979	100.489	20.206	0.516	0.996	900.251
444.505	510.020	80.013	19.978	100.485	20.206	0.536	1.037	900.269
445.006	510.485	80.016	19.977	100.474	20.208	0.439	1.004	900.264
445.505	511.036	80.013	19.977	100.475	20.207	0.428	1.016	900.274
446.005	511.549	80.013	19.977	100.476	20.208	0.408	1.065	900.303
446.505	512.022	80.014	19.977	100.471	20.209	0.369	0.986	900.309
447.005	512.506	80.015	19.976	100.465	20.210	0.355	0.956	900.294
447.505	513.015	80.014	19.977	100.470	20.210	0.387	0.992	900.284
448.005	513.517	80.014	19.978	100.468	20.206	0.583	1.010	900.305
448.505	514.030	80.012	19.977	100.469	20.211	0.398	1.016	900.294
449.004	514.526	80.015	19.978	100.473	20.211	0.343	1.010	900.332
449.504	515.039	80.014	19.979	100.474	20.213	0.238	1.009	900.304
450.005	515.532	80.013	19.978	100.467	20.210	0.331	1.005	900.333
450.505	516.031	80.015	19.977	100.462	20.211	0.241	0.993	900.327
451.004	516.525	80.015	19.977	100.462	20.212	0.201	0.994	900.357
451.505	517.066	80.014	19.976	100.464	20.212	0.218	1.033	900.352
452.005	517.526	80.015	19.977	100.466	20.212	0.258	1.001	900.347
452.505	518.021	80.013	19.977	100.472	20.208	0.421	0.957	900.340
453.004	518.533	80.014	19.978	100.476	20.207	0.514	1.008	900.345
453.504	519.029	80.011	19.977	100.475	20.212	0.351	1.007	900.387
454.005	519.519	80.012	19.976	100.471	20.209	0.394	0.985	900.362
454.505	520.011	80.014	19.977	100.465	20.211	0.330	0.983	900.367
455.004	520.502	80.014	19.978	100.459	20.213	0.279	0.983	900.382
455.504	521.009	80.013	19.978	100.455	20.211	0.378	0.997	900.370
456.005	521.477	80.014	19.977	100.457	20.213	0.253	0.974	900.364
456.505	522.005	80.014	19.977	100.463	20.210	0.383	0.996	900.370
457.005	522.505	80.014	19.978	100.470	20.209	0.429	1.028	900.379
457.505	522.982	80.016	19.978	100.480	20.212	0.343	0.977	900.378
458.005	523.497	80.014	19.977	100.485	20.213	0.315	0.992	900.417
458.505	523.992	80.014	19.977	100.479	20.214	0.253	1.010	900.412
459.005	524.508	80.013	19.978	100.473	20.214	0.278	1.010	900.372
459.506	525.012	80.013	19.978	100.469	20.213	0.356	1.019	900.403
460.006	525.524	80.014	19.978	100.463	20.212	0.451	1.016	900.402
460.505	526.014	80.013	19.978	100.457	20.212	0.435	1.002	900.410
461.005	526.518	80.012	19.977	100.461	20.214	0.321	0.994	900.437
461.505	527.012	80.012	19.977	100.468	20.216	0.201	0.998	900.420
462.005	527.517	80.011	19.977	100.467	20.213	0.293	0.999	900.425
462.505	527.980	80.012	19.977	100.464	20.216	0.136	0.969	900.439
463.005	528.522	80.012	19.978	100.465	20.213	0.187	1.005	900.459
463.505	529.014	80.011	19.978	100.463	20.216	0.056	1.034	900.432
464.005	529.527	80.013	19.978	100.459	20.215	0.120	1.005	900.447
464.505	529.995	80.011	19.978	100.461	20.214	0.164	0.981	900.446
465.005	530.513	80.011	19.978	100.464	20.218	0.078	0.985	900.460
465.505	531.017	80.012	19.978	100.461	20.217	0.120	1.021	900.456
466.005	531.511	80.011	19.978	100.459	20.218	0.090	0.999	900.438
466.504	531.985	80.010	19.979	100.455	20.216	0.197	0.968	900.449
467.005	532.482	80.009	19.977	100.448	20.213	0.305	0.970	900.413
467.505	533.007	80.010	19.978	100.444	20.214	0.267	1.022	900.464
468.006	533.471	80.012	19.977	100.447	20.211	0.396	0.990	900.477
468.505	534.004	80.015	19.978	100.450	20.212	0.389	0.998	900.477
469.004	534.493	80.015	19.978	100.456	20.214	0.325	1.022	900.448
469.505	534.991	80.014	19.977	100.467	20.215	0.314	0.986	900.444
470.005	535.490	80.011	19.978	100.474	20.216	0.249	0.997	900.482
470.505	535.991	80.015	19.978	100.478	20.213	0.375	1.000	900.463
471.006	536.507	80.016	19.977	100.479	20.216	0.315	1.018	900.481
471.505	536.991	80.014	19.978	100.474	20.218	0.196	1.001	900.484
472.005	537.486	80.014	19.978	100.467	20.219	0.119	0.979	900.502
472.505	538.019	80.014	19.978	100.464	20.218	0.193	1.027	900.510
473.005	538.503	80.011	19.978	100.463	20.218	0.177	1.016	900.499
473.506	538.990	80.015	19.978	100.460	20.218	0.194	0.971	900.473
474.005	539.487	80.017	19.977	100.461	20.217	0.175	0.985	900.523
474.505	539.990	80.015	19.978	100.462	20.219	0.126	1.000	900.517
475.005	540.510	80.014	19.977	100.460	20.219	0.144	1.023	900.514
475.505	541.009	80.014	19.977	100.455	20.219	0.118	1.020	900.533
476.005	541.490	80.015	19.978	100.451	20.217	0.215	0.980	900.536
476.506	541.982	80.014	19.976	100.448	20.219	0.129	0.973	900.548
477.005	542.480	80.012	19.977	100.447	20.215	0.264	0.991	900.551
477.504	542.966	80.013	19.978	100.449	20.216	0.231	0.984	900.518
478.005	543.452	80.014	19.977	100.451	20.215	0.322	0.971	900.518
478.505	543.987	80.014	19.977	100.447	0.000	0.000	1.021	900.560
479.005	544.497	80.016	19.976	100.448	0.000	0.000	1.046	900.556
479.505	544.970	80.014	19.976	100.449	0.000	0.000	0.983	900.545
480.005	545.465	80.013	19.977	100.447	0.000	0.000	0.967	900.538
480.506	545.955	80.011	19.976	100.450	0.000	0.000	0.985	900.560
481.005	546.484	80.011	19.976	100.456	0.000	0.000	1.021	900.577
481.505	547.003	80.014	19.977	100.455	0.000	0.000	1.048	900.577
482.005	547.510	80.014	19.977	100.450	0.000	0.000	1.026	900.577
482.505	547.976	80.015	19.978	100.449	0.000	0.000	0.973	900.564
483.005	548.506	80.016	19.978	100.448	0.000	0.000	0.995	900.583
483.505	548.987	80.015	19.977	100.452	0.000	0.000	1.012	900.599
484.005	549.514	80.015	19.978	100.452	0.000	0.000	1.008	900.587
484.505	550.037	80.016	19.977	100.455	0.000	0.000	1.050	900.620
485.004	550.501	80.014	19.977	100.454	0.000	0.000	0.987	900.590
485.505	551.007	80.014	19.978	100.444	0.000	0.000	0.970	900.614
486.005	551.491	80.013	19.977	100.437	0.000	0.000	0.990	900.636
486.505	552.022	80.013	19.978	100.438	0.000	0.000	1.014	900.625
487.005	552.458	80.013	19.977	100.437	0.000	0.000	0.968	900.654
487.505	553.003	80.013	19.975	100.440	0.000	0.000	0.981	900.623
488.005	553.497	80.011	19.976	100.443	0.000	0.000	1.038	900.620
