File Name:	PMMA_CN_10mm_60Kmin_8mg_R2.txt	Version: 8.3.7.3
Date:	13 Aug 2024
Operator:	KH
Test ID:	PMMA_CN_10mm_8mg_60K_R2
Sample ID:	PMMA_CN_10mm_8mg
Sample Mass (mg):	7.9600
Sample Cup Mass (mg):	182.3200
End Total Mass (mg):	0.0800
Heating Rate (C/s):	1.0000
Combuster Temperature (C):	900.0
N2 Flow Rate (cc/min):	80.0
O2 Flow Rate (cc/min):	20.0
Calibration File:	Coeff.txt
T Correction Coefficients:	0.308738730	0.013615500	0.000000000
Time Shift (s):	10.0
Pre-Test Comments:
Post-Test Comments:
Baseline Flow:	100.010
Baseline O2:	20.364
Instrument ID:	2700
@
Time (s)	Temperature (C)	N2 Flow (cc/min)	O2 Flow (cc/min)	Total Flow (cc/min)	Oxygen (%)	HRR (W/g)	Heating Rate (C/s)	Combustor Temp (C)
0.000	75.145	80.061	19.974	100.010	20.342	-5.398	0.014	899.728
0.500	75.163	80.059	19.973	100.011	20.325	-4.756	0.061	899.709
1.000	75.117	80.060	19.974	100.014	20.299	-3.760	-0.028	899.703
1.500	75.127	80.061	19.975	100.028	20.274	-2.819	-0.036	899.685
2.000	75.116	80.059	19.975	100.077	20.256	-2.148	-0.001	899.733
2.500	75.132	80.060	19.974	100.165	20.242	-1.618	0.006	899.667
3.000	75.161	80.061	19.974	100.297	20.231	-1.157	0.045	899.668
3.500	75.221	80.061	19.975	100.455	20.222	-0.792	0.089	899.698
4.000	75.233	80.061	19.975	100.620	20.211	-0.374	0.072	899.688
4.500	75.314	80.062	19.974	100.754	20.211	-0.369	0.093	899.658
5.000	75.321	80.061	19.975	100.837	20.208	-0.412	0.088	899.666
5.500	75.404	80.061	19.974	100.871	20.203	-0.757	0.090	899.675
6.000	75.493	80.060	19.973	100.879	20.199	-1.518	0.172	899.672
6.500	75.575	80.060	19.975	100.869	20.202	-2.755	0.171	899.636
6.999	75.651	80.062	19.974	100.859	20.199	-3.908	0.158	899.638
7.500	75.721	80.061	19.974	100.859	20.199	-5.149	0.147	899.654
8.000	75.822	80.061	19.974	100.865	20.199	-6.129	0.171	899.650
8.500	75.922	80.062	19.973	100.870	20.198	-6.639	0.200	899.614
9.000	76.047	80.060	19.974	100.875	20.198	-6.794	0.225	899.622
9.500	76.169	80.061	19.974	100.881	20.197	-6.563	0.248	899.637
10.001	76.264	80.062	19.973	100.880	20.192	-6.025	0.217	899.607
10.500	76.425	80.061	19.973	100.875	20.174	-5.002	0.256	899.609
11.000	76.539	80.059	19.974	100.875	20.152	-3.809	0.275	899.582
11.500	76.688	80.057	19.972	100.873	20.122	-2.286	0.263	899.602
12.001	76.820	80.059	19.973	100.872	20.089	-0.693	0.280	899.579
12.500	77.019	80.061	19.974	100.902	20.064	0.523	0.331	899.623
13.000	77.234	80.057	19.974	100.993	20.045	1.497	0.415	899.564
13.500	77.386	80.058	19.973	101.136	20.035	2.185	0.367	899.542
14.000	77.598	80.061	19.973	101.327	20.031	2.559	0.364	899.568
14.500	77.873	80.060	19.973	101.530	20.030	2.837	0.488	899.574
14.999	78.156	80.061	19.974	101.702	20.030	3.022	0.558	899.590
15.500	78.440	80.063	19.972	101.803	20.037	2.912	0.566	899.537
16.000	78.721	80.061	19.972	101.840	20.045	2.823	0.566	899.561
16.500	79.032	80.058	19.973	101.820	20.052	2.678	0.593	899.515
16.999	79.385	80.057	19.972	101.773	20.056	2.690	0.663	899.518
17.500	79.718	80.058	19.973	101.723	20.069	2.317	0.686	899.565
18.000	80.030	80.059	19.973	101.678	20.072	2.360	0.645	899.550
18.499	80.449	80.058	19.973	101.633	20.080	2.233	0.731	899.536
18.999	80.805	80.058	19.974	101.594	20.086	2.142	0.775	899.490
19.499	81.178	80.060	19.973	101.558	20.091	2.159	0.729	899.528
20.000	81.559	80.057	19.972	101.524	20.100	1.989	0.753	899.501
20.500	82.002	80.058	19.973	101.491	20.107	1.893	0.823	899.539
21.001	82.389	80.058	19.972	101.455	20.111	1.931	0.831	899.501
21.500	82.808	80.057	19.972	101.423	20.117	1.878	0.807	899.499
21.999	83.225	80.057	19.973	101.394	20.124	1.731	0.836	899.454
22.500	83.678	80.056	19.972	101.368	20.130	1.617	0.869	899.486
23.001	84.078	80.056	19.972	101.345	20.133	1.645	0.853	899.481
23.500	84.549	80.058	19.973	101.320	20.135	1.673	0.871	899.474
24.000	84.995	80.058	19.973	101.300	20.142	1.497	0.916	899.480
24.500	85.489	80.059	19.973	101.278	20.146	1.469	0.940	899.485
25.000	85.918	80.058	19.972	101.255	20.151	1.362	0.924	899.481
25.500	86.373	80.058	19.973	101.234	20.156	1.229	0.883	899.469
26.000	86.843	80.060	19.974	101.214	20.160	1.214	0.925	899.439
26.500	87.304	80.060	19.973	101.188	20.161	1.300	0.932	899.437
27.000	87.779	80.059	19.972	101.159	20.163	1.361	0.936	899.443
27.500	88.259	80.056	19.973	101.134	20.165	1.380	0.955	899.400
28.000	88.723	80.058	19.972	101.104	20.166	1.430	0.944	899.428
28.500	89.231	80.060	19.972	101.080	20.171	1.277	0.972	899.426
29.000	89.710	80.059	19.973	101.063	20.170	1.359	0.986	899.428
29.500	90.197	80.057	19.973	101.048	20.173	1.277	0.967	899.412
30.000	90.714	80.060	19.972	101.026	20.178	1.092	1.004	899.379
30.500	91.206	80.059	19.972	101.010	20.181	1.049	1.008	899.383
31.001	91.707	80.058	19.972	100.995	20.186	0.946	0.994	899.370
31.500	92.233	80.060	19.973	100.980	20.191	0.821	1.028	899.372
32.000	92.758	80.060	19.974	100.964	20.194	0.765	1.051	899.380
32.500	93.258	80.059	19.973	100.956	20.194	0.788	1.024	899.371
33.000	93.784	80.057	19.973	100.944	20.197	0.724	1.026	899.361
33.500	94.299	80.056	19.974	100.923	20.203	0.503	1.041	899.345
34.000	94.789	80.060	19.972	100.905	20.202	0.606	1.005	899.359
34.500	95.296	80.060	19.974	100.886	20.202	0.605	0.997	899.344
35.000	95.814	80.059	19.975	100.871	20.202	0.633	1.025	899.327
35.500	96.334	80.060	19.974	100.862	20.207	0.468	1.038	899.339
36.000	96.872	80.059	19.973	100.861	20.208	0.415	1.057	899.350
36.500	97.388	80.059	19.973	100.859	20.210	0.354	1.054	899.277
37.000	97.923	80.060	19.974	100.858	20.214	0.248	1.051	899.334
37.500	98.427	80.058	19.975	100.848	20.210	0.462	1.039	899.315
38.000	98.950	80.059	19.973	100.836	20.213	0.385	1.027	899.309
38.500	99.481	80.059	19.973	100.825	20.214	0.411	1.053	899.269
39.001	100.010	80.058	19.973	100.814	20.216	0.373	1.060	899.287
39.500	100.548	80.057	19.974	100.809	20.218	0.344	1.068	899.313
40.000	101.065	80.056	19.974	100.808	20.219	0.331	1.055	899.285
40.501	101.583	80.055	19.974	100.801	20.221	0.258	1.034	899.240
41.001	102.148	80.057	19.974	100.795	20.221	0.243	1.084	899.274
41.501	102.654	80.056	19.973	100.788	20.222	0.267	1.071	899.268
42.001	103.209	80.057	19.973	100.784	20.222	0.268	1.061	899.257
42.500	103.727	80.059	19.973	100.783	20.222	0.286	1.074	899.238
43.000	104.258	80.057	19.973	100.787	20.224	0.242	1.050	899.251
43.500	104.812	80.056	19.972	100.787	20.224	0.273	1.085	899.236
44.000	105.321	80.058	19.972	100.783	20.225	0.309	1.063	899.258
44.501	105.869	80.058	19.973	100.775	20.228	0.211	1.056	899.227
45.001	106.403	80.058	19.972	100.762	20.225	0.371	1.082	899.231
45.501	106.914	80.058	19.972	100.755	20.231	0.160	1.046	899.226
46.001	107.451	80.058	19.973	100.748	20.226	0.335	1.048	899.209
46.500	108.016	80.057	19.972	100.743	20.229	0.191	1.103	899.222
47.000	108.552	80.056	19.972	100.739	20.231	0.136	1.101	899.210
47.500	109.042	80.060	19.973	100.737	20.232	0.078	1.026	899.241
48.000	109.607	80.058	19.973	100.736	20.231	0.117	1.054	899.221
48.500	110.130	80.057	19.974	100.735	20.234	-0.016	1.087	899.174
49.001	110.666	80.057	19.973	100.730	20.230	0.149	1.060	899.205
49.500	111.231	80.056	19.973	100.731	20.231	0.183	1.101	899.208
50.001	111.752	80.056	19.973	100.729	20.236	0.041	1.086	899.192
50.500	112.289	80.058	19.973	100.721	20.236	0.030	1.059	899.182
51.000	112.834	80.056	19.973	100.711	20.238	-0.026	1.081	899.217
51.501	113.343	80.054	19.973	100.711	20.238	0.010	1.053	899.167
52.000	113.862	80.056	19.973	100.700	20.238	0.046	1.029	899.172
52.500	114.421	80.054	19.973	100.694	20.233	0.211	1.079	899.168
53.000	114.932	80.056	19.973	100.694	20.234	0.168	1.070	899.176
53.501	115.477	80.057	19.973	100.699	20.234	0.152	1.055	899.143
54.000	116.018	80.057	19.974	100.701	20.234	0.163	1.086	899.164
54.500	116.552	80.056	19.973	100.707	20.237	0.059	1.075	899.148
55.001	117.091	80.057	19.972	100.706	20.239	-0.019	1.071	899.168
55.501	117.647	80.057	19.972	100.704	20.237	0.062	1.095	899.123
56.001	118.162	80.057	19.972	100.702	20.238	0.068	1.072	899.113
56.501	118.701	80.055	19.972	100.699	20.238	0.091	1.054	899.169
57.001	119.236	80.056	19.973	100.692	20.240	0.007	1.073	899.131
57.501	119.802	80.058	19.974	100.688	20.239	0.055	1.101	899.143
58.001	120.295	80.054	19.974	100.687	20.238	0.116	1.059	899.105
58.501	120.857	80.056	19.973	100.682	20.239	0.082	1.055	899.140
59.001	121.354	80.057	19.972	100.678	20.238	0.157	1.059	899.136
59.501	121.909	80.057	19.973	100.678	20.237	0.203	1.053	899.131
60.000	122.451	80.057	19.974	100.679	20.239	0.162	1.098	899.124
60.500	122.970	80.055	19.973	100.682	20.238	0.221	1.060	899.102
61.001	123.520	80.057	19.974	100.680	20.236	0.320	1.069	899.086
61.500	124.074	80.057	19.974	100.679	20.238	0.208	1.105	899.109
62.000	124.583	80.058	19.974	100.678	20.236	0.253	1.063	899.106
62.500	125.104	80.059	19.974	100.677	20.239	0.129	1.030	899.117
63.000	125.634	80.056	19.973	100.673	20.237	0.151	1.051	899.078
63.500	126.167	80.056	19.973	100.671	20.236	0.142	1.063	899.089
64.000	126.684	80.059	19.973	100.668	20.232	0.335	1.049	899.112
64.500	127.214	80.058	19.973	100.667	20.231	0.370	1.047	899.051
65.000	127.776	80.057	19.973	100.666	20.233	0.355	1.092	899.045
65.501	128.318	80.057	19.974	100.664	20.230	0.482	1.103	899.055
66.001	128.825	80.056	19.973	100.663	20.231	0.491	1.049	899.074
66.501	129.349	80.057	19.973	100.661	20.229	0.631	1.033	899.023
67.000	129.883	80.057	19.973	100.658	20.229	0.640	1.058	899.038
67.500	130.394	80.055	19.972	100.653	20.227	0.680	1.044	899.036
68.001	130.894	80.059	19.973	100.648	20.225	0.769	1.011	899.042
68.500	131.450	80.059	19.972	100.647	20.224	0.795	1.056	899.026
69.001	131.995	80.059	19.973	100.652	20.222	0.876	1.101	899.050
69.501	132.496	80.060	19.973	100.657	20.225	0.737	1.046	899.001
70.000	133.059	80.060	19.972	100.665	20.221	0.893	1.064	899.041
70.500	133.568	80.059	19.972	100.673	20.220	0.918	1.072	899.040
71.001	134.088	80.059	19.973	100.672	20.224	0.778	1.028	898.997
71.501	134.638	80.058	19.973	100.668	20.220	0.966	1.070	898.962
72.001	135.136	80.059	19.973	100.664	20.220	0.962	1.049	899.021
72.501	135.669	80.057	19.974	100.657	20.219	1.048	1.031	899.007
73.001	136.202	80.055	19.973	100.652	20.217	1.159	1.065	898.979
73.501	136.717	80.058	19.973	100.648	20.214	1.256	1.049	898.971
74.000	137.272	80.056	19.974	100.643	20.214	1.269	1.070	898.975
74.500	137.765	80.057	19.974	100.643	20.215	1.260	1.047	898.956
75.001	138.312	80.059	19.973	100.647	20.215	1.248	1.040	898.935
75.501	138.818	80.058	19.973	100.648	20.212	1.344	1.053	898.980
76.001	139.339	80.057	19.973	100.651	20.211	1.370	1.027	898.998
76.501	139.877	80.056	19.975	100.654	20.207	1.595	1.059	898.991
77.000	140.429	80.057	19.974	100.653	20.207	1.610	1.090	898.949
77.501	140.933	80.060	19.974	100.647	20.205	1.689	1.055	898.967
78.001	141.416	80.057	19.974	100.648	20.205	1.703	0.987	898.946
78.501	141.927	80.056	19.973	100.649	20.203	1.757	0.994	898.971
79.001	142.498	80.059	19.973	100.648	20.199	1.888	1.083	898.943
79.500	143.017	80.058	19.974	100.644	20.198	1.919	1.091	898.932
80.000	143.546	80.060	19.973	100.638	20.200	1.849	1.048	898.899
80.500	144.057	80.061	19.974	100.633	20.199	1.892	1.040	898.918
81.001	144.596	80.060	19.974	100.634	20.198	1.926	1.049	898.937
81.501	145.083	80.060	19.972	100.633	20.194	2.074	1.026	898.920
82.001	145.635	80.058	19.973	100.637	20.194	2.071	1.039	898.915
82.501	146.153	80.056	19.972	100.639	20.192	2.145	1.070	898.931
83.001	146.664	80.057	19.972	100.638	20.195	2.010	1.029	898.942
83.501	147.196	80.058	19.973	100.631	20.190	2.202	1.042	898.896
84.001	147.704	80.059	19.974	100.628	20.190	2.201	1.040	898.898
84.501	148.237	80.059	19.973	100.626	20.193	2.112	1.041	898.917
85.001	148.760	80.058	19.976	100.626	20.189	2.302	1.056	898.894
85.501	149.262	80.059	19.975	100.627	20.189	2.302	1.025	898.931
86.001	149.799	80.060	19.975	100.629	20.187	2.406	1.039	898.914
86.501	150.304	80.058	19.974	100.633	20.187	2.395	1.041	898.898
87.002	150.834	80.059	19.974	100.633	20.183	2.573	1.034	898.925
87.501	151.338	80.056	19.975	100.632	20.182	2.635	1.035	898.886
88.001	151.857	80.057	19.975	100.633	20.181	2.668	1.023	898.879
88.502	152.374	80.060	19.973	100.630	20.179	2.765	1.035	898.845
89.002	152.882	80.059	19.974	100.629	20.179	2.816	1.026	898.879
89.501	153.398	80.059	19.974	100.632	20.179	2.823	1.025	898.890
90.001	153.926	80.059	19.972	100.634	20.175	2.973	1.044	898.868
90.502	154.409	80.059	19.974	100.637	20.176	2.933	1.011	898.837
91.001	154.926	80.059	19.974	100.638	20.174	3.039	1.001	898.866
91.501	155.478	80.058	19.974	100.637	20.174	3.004	1.068	898.879
92.001	156.014	80.056	19.974	100.632	20.173	3.064	1.088	898.881
92.501	156.492	80.057	19.973	100.629	20.172	3.081	1.015	898.862
93.001	157.007	80.059	19.974	100.624	20.168	3.264	0.993	898.842
93.501	157.522	80.059	19.973	100.624	20.169	3.253	1.028	898.846
94.002	158.036	80.060	19.972	100.623	20.171	3.184	1.029	898.848
94.502	158.577	80.058	19.972	100.625	20.165	3.386	1.056	898.848
95.002	159.047	80.056	19.973	100.622	20.164	3.433	1.012	898.834
95.501	159.583	80.056	19.973	100.619	20.164	3.437	1.007	898.846
96.001	160.101	80.056	19.974	100.614	20.163	3.496	1.054	898.844
96.501	160.577	80.061	19.974	100.611	20.162	3.504	0.994	898.848
97.001	161.105	80.059	19.974	100.609	20.166	3.322	1.003	898.795
97.501	161.635	80.060	19.974	100.613	20.160	3.545	1.057	898.859
98.001	162.161	80.058	19.972	100.612	20.162	3.507	1.057	898.820
98.501	162.653	80.056	19.973	100.611	20.158	3.635	1.018	898.826
99.001	163.175	80.057	19.974	100.611	20.154	3.778	1.014	898.805
99.501	163.678	80.058	19.972	100.611	20.154	3.798	1.025	898.831
100.001	164.187	80.055	19.973	100.608	20.153	3.854	1.012	898.821
100.501	164.730	80.059	19.973	100.609	20.155	3.816	1.053	898.804
101.001	165.252	80.060	19.972	100.606	20.154	3.876	1.065	898.783
101.501	165.737	80.059	19.974	100.606	20.150	4.036	1.007	898.816
102.001	166.224	80.061	19.975	100.605	20.149	4.131	0.972	898.809
102.501	166.751	80.060	19.974	100.606	20.147	4.228	1.013	898.797
103.001	167.259	80.059	19.974	100.605	20.148	4.193	1.034	898.800
103.502	167.795	80.056	19.974	100.609	20.145	4.294	1.044	898.820
104.002	168.299	80.055	19.973	100.612	20.142	4.415	1.040	898.820
104.501	168.802	80.055	19.974	100.611	20.142	4.436	1.008	898.788
105.001	169.352	80.054	19.973	100.611	20.141	4.432	1.054	898.771
105.501	169.836	80.054	19.973	100.611	20.139	4.490	1.034	898.790
106.001	170.366	80.057	19.974	100.611	20.140	4.456	1.014	898.782
106.501	170.883	80.057	19.973	100.610	20.133	4.734	1.046	898.802
107.001	171.381	80.056	19.973	100.608	20.133	4.729	1.015	898.813
107.501	171.884	80.059	19.974	100.605	20.129	4.867	1.001	898.782
108.001	172.395	80.060	19.974	100.603	20.128	4.914	1.014	898.787
108.501	172.897	80.059	19.974	100.599	20.127	4.969	1.013	898.817
109.001	173.428	80.058	19.973	100.595	20.122	5.189	1.032	898.759
109.502	173.923	80.056	19.973	100.591	20.126	5.053	1.026	898.765
110.001	174.439	80.059	19.973	100.589	20.120	5.276	1.011	898.760
110.501	174.958	80.058	19.973	100.590	20.119	5.302	1.036	898.750
111.001	175.455	80.057	19.972	100.589	20.122	5.182	1.017	898.778
111.501	175.973	80.059	19.974	100.588	20.119	5.312	1.014	898.769
112.001	176.483	80.058	19.974	100.592	20.118	5.339	1.027	898.755
112.502	177.007	80.058	19.973	100.594	20.116	5.435	1.034	898.779
113.002	177.502	80.061	19.974	100.595	20.111	5.673	1.019	898.777
113.502	178.016	80.059	19.974	100.597	20.110	5.719	1.009	898.759
114.002	178.534	80.060	19.974	100.599	20.109	5.754	1.032	898.753
114.502	179.053	80.058	19.973	100.598	20.109	5.778	1.037	898.750
115.002	179.534	80.058	19.974	100.596	20.105	5.950	1.002	898.759
115.501	180.075	80.060	19.973	100.595	20.102	6.029	1.023	898.731
116.001	180.571	80.057	19.974	100.591	20.103	6.030	1.036	898.720
116.501	181.080	80.056	19.973	100.588	20.100	6.139	1.005	898.740
117.001	181.593	80.060	19.974	100.590	20.099	6.234	1.021	898.734
117.502	182.116	80.059	19.974	100.593	20.095	6.413	1.035	898.770
118.002	182.657	80.059	19.973	100.592	20.092	6.508	1.064	898.764
118.502	183.118	80.061	19.974	100.595	20.093	6.446	1.002	898.728
119.002	183.635	80.058	19.974	100.595	20.092	6.451	0.979	898.718
119.502	184.156	80.057	19.973	100.593	20.091	6.460	1.038	898.716
120.001	184.650	80.057	19.972	100.586	20.092	6.405	1.015	898.723
120.501	185.204	80.060	19.972	100.585	20.091	6.442	1.049	898.720
121.001	185.721	80.061	19.973	100.579	20.089	6.518	1.071	898.712
121.502	186.231	80.059	19.974	100.581	20.085	6.739	1.027	898.717
122.001	186.737	80.062	19.973	100.578	20.083	6.870	1.017	898.747
122.501	187.250	80.061	19.974	100.580	20.086	6.820	1.019	898.746
123.001	187.747	80.061	19.974	100.581	20.084	6.911	1.009	898.709
123.501	188.251	80.062	19.973	100.581	20.081	6.998	1.001	898.709
124.001	188.738	80.061	19.973	100.576	20.080	7.036	0.991	898.698
124.501	189.259	80.061	19.973	100.572	20.081	7.008	1.008	898.695
125.001	189.758	80.059	19.973	100.568	20.078	7.137	1.020	898.738
125.502	190.255	80.058	19.973	100.566	20.079	7.085	0.995	898.697
126.002	190.784	80.061	19.973	100.572	20.077	7.189	1.026	898.705
126.502	191.296	80.062	19.972	100.580	20.074	7.305	1.042	898.687
127.001	191.800	80.060	19.972	100.586	20.077	7.216	1.016	898.676
127.501	192.337	80.060	19.972	100.591	20.074	7.334	1.042	898.732
128.001	192.820	80.060	19.972	100.589	20.072	7.400	1.019	898.683
128.502	193.346	80.059	19.973	100.581	20.075	7.290	1.008	898.681
129.002	193.859	80.060	19.972	100.571	20.075	7.297	1.040	898.693
129.501	194.385	80.062	19.973	100.563	20.073	7.331	1.040	898.706
130.001	194.899	80.060	19.973	100.557	20.074	7.322	1.041	898.707
130.501	195.401	80.062	19.973	100.558	20.075	7.346	1.016	898.701
131.001	195.912	80.061	19.972	100.561	20.076	7.331	1.012	898.688
131.502	196.405	80.062	19.972	100.563	20.077	7.276	1.003	898.676
132.002	196.902	80.062	19.972	100.565	20.076	7.294	0.989	898.698
132.502	197.429	80.061	19.973	100.561	20.076	7.321	1.024	898.702
133.002	197.937	80.062	19.972	100.559	20.078	7.221	1.036	898.676
133.501	198.433	80.060	19.972	100.556	20.077	7.237	1.004	898.658
134.002	198.945	80.060	19.972	100.554	20.078	7.191	1.007	898.662
134.502	199.425	80.064	19.972	100.553	20.077	7.216	0.992	898.657
135.002	199.953	80.062	19.972	100.558	20.082	7.087	1.009	898.682
135.501	200.474	80.060	19.972	100.557	20.082	7.093	1.050	898.672
136.001	201.010	80.060	19.972	100.555	20.087	6.881	1.058	898.677
136.501	201.487	80.059	19.972	100.555	20.088	6.836	1.012	898.682
137.001	201.983	80.060	19.972	100.558	20.089	6.816	0.973	898.668
137.501	202.513	80.059	19.972	100.553	20.088	6.873	1.026	898.667
138.001	203.020	80.059	19.972	100.546	20.088	6.830	1.036	898.653
138.502	203.510	80.061	19.972	100.545	20.090	6.761	0.996	898.667
139.002	204.075	80.059	19.972	100.545	20.094	6.625	1.056	898.679
139.502	204.544	80.058	19.972	100.544	20.097	6.523	1.035	898.684
140.002	205.085	80.062	19.972	100.547	20.100	6.407	1.010	898.723
140.501	205.574	80.060	19.972	100.552	20.102	6.329	1.030	898.685
141.001	206.074	80.059	19.973	100.553	20.107	6.127	0.989	898.681
141.501	206.575	80.059	19.973	100.553	20.102	6.296	1.001	898.701
142.002	207.137	80.057	19.973	100.550	20.107	6.101	1.062	898.695
142.503	207.640	80.057	19.973	100.546	20.108	6.031	1.064	898.695
143.002	208.139	80.057	19.972	100.544	20.110	5.937	1.003	898.673
143.502	208.612	80.058	19.973	100.546	20.110	5.942	0.973	898.694
144.002	209.147	80.061	19.974	100.547	20.112	5.840	1.008	898.727
144.501	209.650	80.060	19.972	100.546	20.110	5.917	1.038	898.716
145.001	210.188	80.060	19.973	100.547	20.113	5.738	1.041	898.710
145.502	210.677	80.062	19.974	100.549	20.112	5.779	1.027	898.691
146.002	211.163	80.060	19.973	100.546	20.117	5.586	0.974	898.681
146.502	211.692	80.058	19.974	100.541	20.114	5.645	1.014	898.681
147.002	212.179	80.057	19.974	100.541	20.110	5.772	1.017	898.702
147.501	212.683	80.057	19.973	100.542	20.115	5.626	0.991	898.679
148.002	213.225	80.058	19.973	100.543	20.115	5.630	1.045	898.682
148.502	213.713	80.059	19.973	100.544	20.116	5.595	1.031	898.670
149.001	214.212	80.060	19.973	100.549	20.115	5.669	0.987	898.686
149.502	214.724	80.059	19.974	100.549	20.116	5.658	1.010	898.703
150.002	215.239	80.059	19.973	100.553	20.115	5.722	1.027	898.718
150.502	215.755	80.060	19.974	100.556	20.115	5.687	1.030	898.699
151.002	216.224	80.062	19.974	100.556	20.114	5.725	0.985	898.675
151.502	216.736	80.060	19.973	100.555	20.115	5.711	0.982	898.677
152.001	217.218	80.061	19.974	100.561	20.112	5.829	0.994	898.689
152.502	217.751	80.059	19.974	100.564	20.115	5.717	1.014	898.705
153.002	218.286	80.060	19.974	100.565	20.110	5.920	1.068	898.699
153.502	218.756	80.061	19.974	100.568	20.111	5.916	1.005	898.712
154.002	219.280	80.060	19.974	100.573	20.105	6.124	0.994	898.686
154.502	219.793	80.061	19.973	100.575	20.107	6.058	1.037	898.714
155.002	220.289	80.061	19.974	100.570	20.109	5.948	1.009	898.707
155.502	220.778	80.060	19.972	100.566	20.105	6.119	0.984	898.734
156.002	221.281	80.062	19.973	100.564	20.106	6.081	0.993	898.684
156.501	221.784	80.062	19.974	100.561	20.107	6.079	1.006	898.687
157.002	222.301	80.060	19.973	100.557	20.106	6.124	1.019	898.702
157.503	222.825	80.061	19.974	100.559	20.103	6.238	1.042	898.723
158.002	223.344	80.058	19.974	100.561	20.100	6.374	1.043	898.720
158.501	223.840	80.059	19.974	100.559	20.099	6.386	1.015	898.687
159.002	224.362	80.061	19.974	100.558	20.100	6.364	1.017	898.708
159.502	224.861	80.059	19.973	100.554	20.093	6.602	1.020	898.718
160.003	225.357	80.060	19.973	100.554	20.096	6.505	0.995	898.727
160.502	225.865	80.061	19.974	100.552	20.092	6.672	1.005	898.737
161.001	226.357	80.060	19.974	100.552	20.089	6.786	1.000	898.736
161.502	226.866	80.060	19.972	100.553	20.087	6.886	1.001	898.714
162.002	227.364	80.059	19.974	100.556	20.085	7.001	1.008	898.749
162.502	227.873	80.061	19.973	100.554	20.080	7.219	1.007	898.716
163.002	228.362	80.060	19.974	100.555	20.080	7.214	0.997	898.736
163.502	228.879	80.059	19.974	100.554	20.079	7.297	1.006	898.745
164.002	229.386	80.060	19.973	100.549	20.078	7.335	1.025	898.734
164.502	229.894	80.060	19.973	100.548	20.075	7.417	1.015	898.749
165.002	230.405	80.059	19.974	100.549	20.072	7.569	1.017	898.740
165.503	230.891	80.060	19.974	100.547	20.070	7.623	0.997	898.758
166.002	231.412	80.060	19.973	100.548	20.071	7.610	1.008	898.729
166.502	231.894	80.058	19.973	100.552	20.066	7.777	1.004	898.753
167.002	232.397	80.060	19.972	100.550	20.066	7.793	0.986	898.740
167.502	232.918	80.061	19.973	100.546	20.060	8.078	1.024	898.740
168.002	233.426	80.062	19.973	100.546	20.062	8.014	1.028	898.756
168.502	233.913	80.062	19.973	100.546	20.060	8.105	0.994	898.761
169.003	234.420	80.059	19.975	100.543	20.059	8.144	0.994	898.765
169.502	234.923	80.060	19.974	100.541	20.058	8.190	1.010	898.758
170.002	235.447	80.060	19.973	100.538	20.054	8.346	1.027	898.764
170.503	235.923	80.059	19.972	100.534	20.051	8.456	1.001	898.737
171.002	236.442	80.061	19.972	100.530	20.051	8.439	0.996	898.753
171.502	236.969	80.060	19.973	100.530	20.049	8.521	1.046	898.784
172.002	237.450	80.060	19.973	100.535	20.049	8.520	1.007	898.715
172.503	237.940	80.061	19.972	100.537	20.048	8.532	0.971	898.767
173.002	238.491	80.061	19.973	100.535	20.046	8.600	1.041	898.756
173.502	238.985	80.061	19.972	100.534	20.045	8.631	1.045	898.733
174.003	239.470	80.059	19.972	100.531	20.043	8.721	0.979	898.750
174.502	239.979	80.059	19.973	100.527	20.044	8.700	0.994	898.745
175.002	240.455	80.062	19.973	100.525	20.043	8.748	0.984	898.776
175.502	240.996	80.060	19.973	100.524	20.039	8.909	1.017	898.784
176.003	241.506	80.058	19.973	100.525	20.039	8.943	1.052	898.790
176.503	241.989	80.060	19.973	100.521	20.036	9.041	0.994	898.751
177.002	242.469	80.057	19.974	100.521	20.038	8.932	0.963	898.788
177.502	242.993	80.059	19.973	100.522	20.032	9.183	1.003	898.790
178.002	243.499	80.060	19.973	100.523	20.032	9.183	1.029	898.789
178.503	243.977	80.058	19.973	100.523	20.033	9.159	0.984	898.787
179.002	244.509	80.060	19.973	100.525	20.034	9.129	1.011	898.764
179.502	244.976	80.059	19.972	100.526	20.032	9.241	0.999	898.761
180.002	245.484	80.059	19.974	100.527	20.031	9.304	0.975	898.760
180.502	245.972	80.061	19.974	100.530	20.030	9.341	0.996	898.779
181.002	246.512	80.061	19.974	100.530	20.033	9.278	1.028	898.775
181.503	246.997	80.061	19.974	100.528	20.028	9.452	1.024	898.759
182.003	247.508	80.062	19.973	100.525	20.029	9.430	0.996	898.745
182.502	247.988	80.061	19.973	100.526	20.029	9.471	0.992	898.772
183.002	248.494	80.061	19.974	100.522	20.031	9.348	0.986	898.762
183.503	249.002	80.063	19.973	100.521	20.033	9.265	1.013	898.725
184.003	249.498	80.061	19.974	100.524	20.031	9.318	1.004	898.768
184.502	250.057	80.062	19.975	100.525	20.034	9.143	1.057	898.762
185.002	250.496	80.060	19.973	100.526	20.032	9.196	0.998	898.753
185.502	251.049	80.060	19.974	100.526	20.032	9.161	0.992	898.743
186.002	251.538	80.061	19.975	100.522	20.031	9.220	1.042	898.822
186.502	252.070	80.059	19.974	100.517	20.030	9.259	1.020	898.760
187.003	252.581	80.060	19.973	100.514	20.036	9.051	1.043	898.800
187.502	253.073	80.062	19.972	100.511	20.033	9.187	1.004	898.790
188.002	253.565	80.057	19.973	100.510	20.034	9.158	0.984	898.771
188.502	254.094	80.058	19.974	100.509	20.032	9.247	1.020	898.777
189.003	254.560	80.059	19.974	100.508	20.032	9.267	0.995	898.791
189.502	255.063	80.058	19.973	100.504	20.029	9.385	0.970	898.789
190.002	255.556	80.057	19.974	100.502	20.031	9.291	0.996	898.756
190.502	256.067	80.057	19.973	100.505	20.029	9.377	1.003	898.766
191.002	256.576	80.061	19.974	100.510	20.029	9.423	1.020	898.773
191.503	257.049	80.061	19.974	100.514	20.028	9.467	0.981	898.801
192.003	257.578	80.057	19.974	100.523	20.029	9.440	1.002	898.752
192.503	258.079	80.058	19.974	100.528	20.027	9.487	1.031	898.762
193.003	258.574	80.057	19.973	100.525	20.026	9.544	0.996	898.801
193.503	259.092	80.056	19.973	100.525	20.026	9.527	1.013	898.781
194.003	259.592	80.058	19.974	100.525	20.029	9.418	1.018	898.815
194.503	260.117	80.059	19.973	100.521	20.025	9.544	1.025	898.808
195.002	260.629	80.057	19.973	100.517	20.021	9.714	1.037	898.782
195.502	261.095	80.057	19.975	100.517	20.023	9.640	0.978	898.803
196.002	261.607	80.056	19.974	100.516	20.021	9.714	0.979	898.775
196.502	262.102	80.057	19.973	100.514	20.019	9.796	1.006	898.784
197.002	262.606	80.057	19.974	100.511	20.020	9.763	0.998	898.778
197.502	263.147	80.056	19.973	100.513	20.019	9.776	1.046	898.811
198.002	263.604	80.057	19.973	100.511	20.018	9.773	0.999	898.805
198.502	264.109	80.057	19.972	100.509	20.017	9.777	0.961	898.804
199.002	264.658	80.056	19.972	100.508	20.013	9.943	1.053	898.813
199.503	265.152	80.057	19.974	100.508	20.011	10.015	1.043	898.811
200.002	265.640	80.059	19.972	100.508	20.013	9.927	0.983	898.822
200.502	266.128	80.057	19.972	100.509	20.009	10.105	0.976	898.836
201.002	266.627	80.057	19.973	100.510	20.008	10.170	0.986	898.827
201.503	267.122	80.057	19.972	100.511	20.008	10.171	0.993	898.811
202.003	267.623	80.056	19.972	100.516	20.007	10.239	0.996	898.832
202.503	268.142	80.056	19.973	100.511	20.006	10.289	1.021	898.826
203.003	268.636	80.056	19.973	100.508	20.004	10.352	1.013	898.834
203.503	269.134	80.058	19.973	100.510	20.000	10.518	0.993	898.801
204.003	269.613	80.057	19.974	100.509	20.001	10.503	0.977	898.802
204.503	270.122	80.059	19.973	100.509	20.000	10.562	0.987	898.847
205.004	270.607	80.061	19.973	100.517	19.997	10.660	0.993	898.814
205.504	271.144	80.062	19.973	100.520	19.993	10.826	1.023	898.822
206.003	271.641	80.059	19.973	100.522	19.988	11.034	1.035	898.834
206.503	272.122	80.057	19.974	100.526	19.991	10.890	0.978	898.832
207.003	272.634	80.056	19.973	100.524	19.985	11.104	0.993	898.837
207.503	273.130	80.059	19.973	100.520	19.985	11.136	1.008	898.818
208.003	273.653	80.059	19.974	100.519	19.982	11.230	1.019	898.819
208.503	274.129	80.057	19.974	100.517	19.979	11.374	0.998	898.823
209.003	274.634	80.056	19.973	100.514	19.982	11.278	0.981	898.824
209.503	275.129	80.056	19.973	100.511	19.976	11.546	1.000	898.816
210.003	275.630	80.056	19.973	100.511	19.976	11.516	0.996	898.817
210.503	276.165	80.058	19.974	100.511	19.974	11.592	1.036	898.851
211.003	276.644	80.059	19.974	100.510	19.966	11.899	1.015	898.813
211.503	277.142	80.058	19.973	100.509	19.968	11.849	0.978	898.853
212.002	277.655	80.058	19.973	100.508	19.962	12.116	1.011	898.832
212.502	278.160	80.058	19.974	100.508	19.961	12.168	1.018	898.859
213.003	278.693	80.058	19.972	100.507	19.958	12.276	1.037	898.871
213.503	279.163	80.058	19.973	100.508	19.955	12.390	1.004	898.866
214.003	279.670	80.056	19.974	100.510	19.956	12.326	0.977	898.827
214.503	280.189	80.057	19.973	100.513	19.950	12.564	1.025	898.877
215.003	280.672	80.056	19.973	100.510	19.953	12.414	1.001	898.849
215.504	281.138	80.057	19.973	100.508	19.950	12.529	0.949	898.843
216.003	281.650	80.058	19.973	100.505	19.946	12.663	0.978	898.864
216.503	282.159	80.057	19.974	100.502	19.945	12.728	1.022	898.874
217.003	282.639	80.057	19.973	100.500	19.938	12.972	0.989	898.878
217.502	283.156	80.056	19.973	100.503	19.935	13.085	0.996	898.862
218.003	283.662	80.055	19.974	100.503	19.932	13.214	1.023	898.889
218.503	284.183	80.055	19.973	100.504	19.931	13.256	1.026	898.849
219.003	284.664	80.054	19.973	100.501	19.931	13.267	1.001	898.894
219.503	285.193	80.057	19.974	100.496	19.929	13.361	1.011	898.870
220.003	285.706	80.059	19.973	100.492	19.926	13.531	1.042	898.877
220.503	286.218	80.058	19.973	100.493	19.925	13.585	1.024	898.890
221.003	286.696	80.060	19.973	100.493	19.921	13.802	0.991	898.867
221.502	287.191	80.059	19.973	100.499	19.921	13.810	0.975	898.891
222.002	287.664	80.057	19.974	100.503	19.917	14.004	0.968	898.877
222.503	288.182	80.057	19.973	100.506	19.913	14.139	0.989	898.919
223.003	288.661	80.056	19.973	100.505	19.912	14.191	0.996	898.900
223.503	289.132	80.057	19.974	100.504	19.908	14.306	0.950	898.892
224.004	289.682	80.057	19.973	100.502	19.907	14.349	1.021	898.899
224.503	290.160	80.056	19.974	100.505	19.903	14.470	1.029	898.879
225.002	290.680	80.057	19.975	100.505	19.899	14.581	0.999	898.894
225.502	291.189	80.058	19.975	100.507	19.899	14.556	1.029	898.895
226.003	291.707	80.055	19.975	100.506	19.898	14.626	1.026	898.888
226.503	292.205	80.056	19.974	100.503	19.893	14.850	1.015	898.904
227.003	292.698	80.056	19.973	100.499	19.890	14.994	0.991	898.921
227.503	293.196	80.056	19.974	100.495	19.885	15.215	0.992	898.882
228.003	293.692	80.057	19.973	100.487	19.882	15.310	0.995	898.888
228.503	294.191	80.056	19.973	100.482	19.882	15.332	0.995	898.923
229.002	294.708	80.058	19.974	100.479	19.878	15.479	1.015	898.914
229.503	295.196	80.057	19.973	100.477	19.876	15.487	1.005	898.945
230.003	295.686	80.056	19.973	100.478	19.870	15.644	0.978	898.937
230.503	296.180	80.056	19.974	100.481	19.868	15.714	0.984	898.903
231.003	296.707	80.057	19.974	100.484	19.863	15.923	1.021	898.931
231.503	297.214	80.056	19.974	100.486	19.861	16.007	1.034	898.954
232.004	297.695	80.059	19.973	100.491	19.855	16.251	0.987	898.940
232.503	298.200	80.059	19.973	100.493	19.851	16.474	0.986	898.923
233.003	298.724	80.057	19.973	100.498	19.851	16.493	1.030	898.943
233.503	299.203	80.055	19.973	100.497	19.847	16.666	1.003	898.948
234.003	299.715	80.055	19.972	100.490	19.842	16.884	0.991	898.948
234.503	300.200	80.057	19.973	100.484	19.838	17.006	0.996	898.916
235.003	300.705	80.057	19.974	100.479	19.834	17.144	0.990	898.960
235.503	301.199	80.056	19.973	100.477	19.830	17.307	0.999	898.959
236.003	301.694	80.057	19.974	100.482	19.827	17.389	0.989	898.981
236.502	302.235	80.056	19.973	100.491	19.822	17.588	1.036	898.989
237.003	302.728	80.056	19.974	100.499	19.819	17.680	1.032	898.952
237.504	303.239	80.058	19.974	100.507	19.815	17.794	1.003	898.952
238.004	303.739	80.058	19.973	100.507	19.812	17.886	1.012	898.989
238.503	304.249	80.057	19.973	100.504	19.807	18.027	1.011	898.954
239.003	304.729	80.056	19.974	100.501	19.806	18.088	0.989	899.002
239.503	305.234	80.055	19.973	100.496	19.800	18.290	0.984	898.970
240.003	305.720	80.056	19.974	100.490	19.795	18.486	0.992	898.962
240.503	306.218	80.054	19.974	100.483	19.791	18.663	0.983	898.975
241.003	306.724	80.053	19.973	100.483	19.783	18.973	1.003	898.994
241.503	307.202	80.053	19.974	100.485	19.776	19.274	0.984	898.989
242.004	307.729	80.054	19.974	100.490	19.772	19.428	1.004	899.006
242.504	308.228	80.053	19.973	100.492	19.767	19.574	1.026	898.985
243.003	308.698	80.056	19.974	100.492	19.762	19.761	0.970	899.018
243.504	309.214	80.053	19.973	100.495	19.756	19.994	0.986	898.971
244.004	309.737	80.055	19.973	100.494	19.748	20.325	1.040	898.991
244.503	310.228	80.055	19.973	100.495	19.741	20.561	1.015	898.983
245.003	310.728	80.055	19.973	100.502	19.737	20.719	0.991	898.990
245.503	311.222	80.058	19.973	100.510	19.731	20.950	0.995	898.992
246.003	311.709	80.057	19.973	100.514	19.724	21.216	0.981	899.007
246.503	312.230	80.057	19.973	100.517	19.716	21.534	1.007	899.018
247.004	312.725	80.057	19.974	100.513	19.709	21.812	1.017	898.980
247.503	313.172	80.055	19.974	100.508	19.703	22.031	0.943	898.996
248.003	313.734	80.056	19.974	100.509	19.695	22.367	1.009	898.978
248.503	314.213	80.060	19.973	100.508	19.684	22.787	1.041	899.009
249.003	314.741	80.057	19.973	100.510	19.676	23.132	1.006	899.037
249.503	315.255	80.057	19.973	100.511	19.669	23.413	1.042	899.035
250.003	315.733	80.056	19.974	100.514	19.662	23.658	0.992	899.024
250.503	316.236	80.056	19.972	100.512	19.654	23.932	0.980	899.021
251.004	316.709	80.057	19.972	100.515	19.644	24.283	0.976	899.059
251.503	317.193	80.055	19.973	100.515	19.631	24.762	0.958	899.023
252.003	317.725	80.054	19.973	100.518	19.621	25.130	1.017	899.015
252.503	318.211	80.057	19.973	100.517	19.610	25.525	1.018	899.030
253.003	318.742	80.055	19.974	100.518	19.599	25.897	1.017	899.042
253.503	319.200	80.054	19.973	100.517	19.588	26.307	0.989	899.042
254.003	319.716	80.056	19.973	100.520	19.576	26.781	0.974	899.042
254.503	320.204	80.055	19.973	100.520	19.565	27.200	1.003	899.056
255.003	320.721	80.054	19.972	100.519	19.550	27.793	1.006	899.065
255.503	321.227	80.054	19.973	100.514	19.536	28.355	1.024	899.052
256.003	321.713	80.054	19.972	100.513	19.522	28.905	0.991	899.047
256.503	322.205	80.056	19.972	100.509	19.506	29.549	0.978	899.028
257.004	322.716	80.054	19.974	100.508	19.493	30.071	1.002	899.033
257.504	323.224	80.057	19.973	100.512	19.478	30.645	1.018	899.091
258.003	323.718	80.057	19.973	100.521	19.463	31.229	1.002	899.072
258.503	324.217	80.054	19.973	100.527	19.445	31.936	0.994	899.112
259.003	324.744	80.057	19.973	100.532	19.431	32.490	1.026	899.096
259.503	325.241	80.059	19.972	100.536	19.415	33.097	1.023	899.124
260.003	325.716	80.055	19.972	100.540	19.399	33.701	0.972	899.098
260.503	326.240	80.055	19.973	100.543	19.377	34.529	0.998	899.071
261.004	326.702	80.055	19.974	100.545	19.362	35.080	0.986	899.105
261.503	327.229	80.057	19.973	100.547	19.341	35.848	0.989	899.073
262.003	327.722	80.057	19.973	100.548	19.316	36.796	1.020	899.123
262.503	328.219	80.055	19.974	100.546	19.298	37.463	0.990	899.084
263.003	328.724	80.057	19.973	100.541	19.277	38.293	1.002	899.138
263.504	329.201	80.056	19.972	100.539	19.257	39.059	0.982	899.089
264.004	329.714	80.055	19.973	100.539	19.235	39.900	0.990	899.131
264.504	330.209	80.056	19.973	100.537	19.216	40.660	1.009	899.104
265.003	330.674	80.055	19.973	100.536	19.190	41.646	0.960	899.106
265.503	331.201	80.054	19.973	100.536	19.165	42.595	0.992	899.105
266.003	331.717	80.053	19.973	100.533	19.142	43.470	1.044	899.136
266.503	332.220	80.053	19.973	100.535	19.119	44.359	1.019	899.154
267.003	332.708	80.055	19.974	100.538	19.090	45.437	0.990	899.142
267.504	333.204	80.054	19.974	100.541	19.068	46.258	0.983	899.129
268.004	333.754	80.054	19.973	100.545	19.040	47.330	1.047	899.161
268.503	334.214	80.058	19.974	100.551	19.017	48.233	1.010	899.172
269.004	334.697	80.057	19.973	100.556	18.985	49.444	0.942	899.145
269.504	335.223	80.057	19.974	100.558	18.957	50.551	1.009	899.144
270.003	335.726	80.058	19.975	100.560	18.927	51.747	1.030	899.172
270.503	336.207	80.058	19.973	100.561	18.901	52.743	0.983	899.153
271.004	336.695	80.057	19.974	100.561	18.871	53.909	0.969	899.175
271.503	337.174	80.055	19.973	100.561	18.840	55.105	0.968	899.153
272.003	337.683	80.053	19.973	100.562	18.807	56.362	0.989	899.139
272.503	338.184	80.055	19.974	100.562	18.777	57.487	1.011	899.164
273.003	338.703	80.054	19.973	100.564	18.747	58.641	1.020	899.150
273.503	339.197	80.053	19.973	100.568	18.719	59.709	1.012	899.167
274.003	339.704	80.055	19.974	100.570	18.681	61.190	1.001	899.178
274.503	340.207	80.053	19.974	100.576	18.647	62.514	1.010	899.174
275.003	340.702	80.055	19.974	100.582	18.615	63.772	0.997	899.183
275.504	341.174	80.058	19.974	100.584	18.580	65.094	0.966	899.215
276.004	341.698	80.057	19.974	100.581	18.543	66.543	0.996	899.214
276.503	342.204	80.056	19.974	100.580	18.509	67.857	1.029	899.153
277.004	342.704	80.056	19.973	100.576	18.473	69.214	1.006	899.220
277.504	343.179	80.054	19.973	100.573	18.437	70.555	0.976	899.190
278.003	343.676	80.058	19.974	100.573	18.399	72.028	0.972	899.159
278.504	344.201	80.056	19.973	100.575	18.361	73.449	1.021	899.220
279.004	344.669	80.056	19.973	100.576	18.325	74.833	0.994	899.225
279.504	345.180	80.058	19.974	100.582	18.284	76.369	0.980	899.208
280.003	345.679	80.056	19.974	100.586	18.248	77.795	1.010	899.220
280.503	346.194	80.058	19.973	100.587	18.208	79.359	1.013	899.211
281.003	346.673	80.057	19.973	100.588	18.166	81.039	0.994	899.236
281.503	347.190	80.056	19.973	100.585	18.128	82.528	0.996	899.213
282.003	347.681	80.056	19.973	100.579	18.085	84.170	1.008	899.243
282.503	348.187	80.055	19.973	100.581	18.046	85.694	0.996	899.227
283.004	348.676	80.054	19.972	100.583	18.003	87.307	0.993	899.249
283.504	349.173	80.058	19.974	100.582	17.961	88.902	0.986	899.267
284.004	349.645	80.056	19.973	100.583	17.920	90.447	0.970	899.268
284.504	350.156	80.056	19.973	100.588	17.881	91.931	0.983	899.244
285.004	350.693	80.059	19.974	100.593	17.839	93.532	1.048	899.264
285.504	351.171	80.057	19.974	100.596	17.794	95.290	1.015	899.295
286.003	351.683	80.057	19.973	100.603	17.752	96.912	0.990	899.257
286.503	352.157	80.061	19.974	100.608	17.703	98.794	0.986	899.284
287.004	352.640	80.058	19.973	100.609	17.662	100.377	0.957	899.259
287.504	353.187	80.057	19.974	100.600	17.617	102.118	1.030	899.273
288.004	353.650	80.056	19.973	100.593	17.572	103.845	1.011	899.291
288.504	354.154	80.056	19.973	100.588	17.531	105.410	0.967	899.293
289.004	354.671	80.058	19.974	100.583	17.484	107.167	1.020	899.279
289.503	355.160	80.055	19.974	100.584	17.439	108.896	1.006	899.309
290.003	355.671	80.056	19.973	100.587	17.397	110.485	1.001	899.302
290.503	356.170	80.058	19.974	100.594	17.349	112.301	1.010	899.297
291.004	356.617	80.056	19.974	100.598	17.304	114.007	0.945	899.293
291.504	357.140	80.058	19.973	100.604	17.257	115.819	0.970	899.301
292.004	357.634	80.058	19.974	100.603	17.205	117.851	1.017	899.319
292.504	358.157	80.055	19.974	100.601	17.157	119.690	1.016	899.300
293.004	358.620	80.055	19.973	100.599	17.108	121.543	0.987	899.287
293.504	359.136	80.055	19.972	100.597	17.062	123.291	0.980	899.308
294.004	359.620	80.056	19.972	100.596	17.016	125.071	0.999	899.331
294.504	360.130	80.058	19.973	100.594	16.965	127.035	0.995	899.304
295.004	360.630	80.055	19.973	100.596	16.920	128.719	1.011	899.313
295.503	361.139	80.057	19.973	100.598	16.875	130.399	1.009	899.337
296.003	361.639	80.057	19.974	100.601	16.825	132.303	1.009	899.322
296.504	362.100	80.055	19.974	100.604	16.781	133.934	0.961	899.291
297.004	362.620	80.061	19.973	100.607	16.730	135.791	0.981	899.337
297.503	363.118	80.058	19.974	100.610	16.685	137.444	1.019	899.308
298.003	363.628	80.058	19.974	100.611	16.637	139.194	1.007	899.325
298.504	364.091	80.057	19.973	100.612	16.595	140.738	0.972	899.327
299.004	364.589	80.058	19.973	100.610	16.556	142.132	0.961	899.342
299.504	365.116	80.058	19.973	100.608	16.516	143.547	1.025	899.358
300.004	365.621	80.056	19.973	100.607	16.465	145.394	1.032	899.366
300.504	366.107	80.055	19.974	100.612	16.412	147.329	0.991	899.362
301.004	366.589	80.056	19.973	100.614	16.342	149.879	0.969	899.363
301.504	367.096	80.056	19.974	100.611	16.278	152.276	0.988	899.348
302.004	367.598	80.057	19.973	100.610	16.215	154.650	1.008	899.326
302.504	368.093	80.058	19.973	100.613	16.156	156.929	0.997	899.342
303.004	368.616	80.057	19.974	100.616	16.098	159.150	1.019	899.375
303.504	369.131	80.057	19.975	100.620	16.038	161.422	1.038	899.349
304.004	369.590	80.056	19.974	100.635	15.972	163.948	0.974	899.332
304.504	370.097	80.056	19.974	100.654	15.899	166.705	0.966	899.393
305.004	370.636	80.057	19.974	100.663	15.820	169.724	1.046	899.394
305.504	371.100	80.056	19.973	100.670	15.745	172.556	1.004	899.382
306.004	371.570	80.054	19.974	100.689	15.673	175.237	0.935	899.375
306.504	372.079	80.055	19.973	100.704	15.603	177.889	0.980	899.401
307.003	372.594	80.055	19.973	100.722	15.535	180.548	1.023	899.381
307.504	373.078	80.054	19.974	100.743	15.461	183.406	0.998	899.393
308.004	373.600	80.057	19.973	100.761	15.399	185.660	1.007	899.406
308.504	374.087	80.057	19.972	100.769	15.344	187.685	1.009	899.434
309.004	374.608	80.056	19.973	100.778	15.304	189.213	1.008	899.417
309.504	375.093	80.057	19.972	100.777	15.247	191.404	1.006	899.408
310.004	375.578	80.056	19.972	100.772	15.193	193.326	0.969	899.421
310.504	376.098	80.058	19.972	100.773	15.116	196.029	1.005	899.390
311.005	376.564	80.058	19.972	100.771	15.038	199.010	0.986	899.442
311.505	377.054	80.057	19.973	100.770	14.957	202.128	0.956	899.442
312.005	377.601	80.057	19.972	100.774	14.890	204.618	1.038	899.414
312.505	378.090	80.057	19.972	100.774	14.852	205.877	1.037	899.442
313.004	378.565	80.056	19.973	100.778	14.807	207.410	0.964	899.393
313.504	379.062	80.059	19.973	100.792	14.732	210.112	0.972	899.434
314.004	379.549	80.057	19.973	100.789	14.635	213.666	0.985	899.444
314.504	380.055	80.058	19.973	100.771	14.566	216.239	0.992	899.459
315.004	380.538	80.056	19.973	100.765	14.531	217.481	0.989	899.452
315.504	381.018	80.057	19.973	100.778	14.485	219.049	0.963	899.466
316.004	381.504	80.057	19.973	100.789	14.405	221.862	0.966	899.469
316.504	382.021	80.057	19.972	100.798	14.331	224.576	1.003	899.481
317.004	382.489	80.056	19.974	100.806	14.261	227.045	0.985	899.461
317.504	383.011	80.055	19.974	100.829	14.167	230.337	0.990	899.477
318.004	383.518	80.056	19.973	100.845	14.044	234.840	1.029	899.481
318.504	384.000	80.057	19.974	100.837	13.906	240.050	0.988	899.472
319.004	384.464	80.059	19.973	100.839	13.799	244.209	0.946	899.485
319.504	384.952	80.058	19.972	100.866	13.751	246.080	0.953	899.464
320.004	385.466	80.056	19.973	100.881	13.726	246.889	1.002	899.479
320.504	385.943	80.056	19.973	100.901	13.663	249.117	0.991	899.484
321.004	386.456	80.056	19.973	100.953	13.527	254.077	0.990	899.518
321.504	386.931	80.058	19.973	100.983	13.359	260.381	0.988	899.515
322.004	387.459	80.054	19.973	100.985	13.215	265.922	1.003	899.523
322.504	387.964	80.055	19.974	100.989	13.110	269.813	1.033	899.501
323.004	388.435	80.056	19.974	101.004	13.029	272.614	0.976	899.503
323.504	388.929	80.054	19.973	101.039	12.958	275.243	0.964	899.520
324.004	389.420	80.057	19.974	101.083	12.861	278.937	0.985	899.549
324.504	389.919	80.058	19.974	101.143	12.737	283.306	0.991	899.557
325.004	390.446	80.057	19.972	101.193	12.603	287.609	1.026	899.506
325.504	390.941	80.056	19.974	101.194	12.477	292.032	1.021	899.524
326.004	391.383	80.056	19.974	101.165	12.381	295.891	0.936	899.534
326.505	391.898	80.057	19.973	101.149	12.333	297.550	0.957	899.533
327.005	392.418	80.059	19.974	101.134	12.298	298.166	1.036	899.541
327.504	392.859	80.057	19.973	101.164	12.215	300.891	0.962	899.552
328.004	393.371	80.059	19.973	101.215	12.011	308.735	0.953	899.553
328.504	393.885	80.058	19.974	101.255	11.750	319.055	1.025	899.569
329.004	394.363	80.058	19.973	101.254	11.553	326.225	0.993	899.546
329.504	394.873	80.060	19.974	101.226	11.432	330.788	0.989	899.565
330.004	395.306	80.059	19.974	101.192	11.292	336.639	0.942	899.546
330.504	395.848	80.057	19.973	101.243	11.102	344.372	0.975	899.567
331.004	396.332	80.056	19.974	101.268	10.940	350.716	1.027	899.568
331.504	396.845	80.058	19.974	101.297	10.830	354.628	0.997	899.588
332.004	397.316	80.059	19.973	101.399	10.682	360.590	0.983	899.564
332.504	397.819	80.059	19.972	101.557	10.469	368.759	0.974	899.570
333.004	398.326	80.059	19.972	101.537	10.277	375.950	1.010	899.587
333.505	398.807	80.059	19.973	101.504	10.214	378.396	0.988	899.563
334.004	399.318	80.059	19.974	101.584	10.243	377.365	0.993	899.578
334.504	399.812	80.058	19.973	101.729	10.207	378.587	1.005	899.615
335.004	400.309	80.059	19.973	101.746	10.065	383.775	0.991	899.584
335.504	400.809	80.059	19.974	101.768	9.902	389.914	0.997	899.594
336.004	401.296	80.059	19.973	101.663	9.779	394.634	0.987	899.603
336.504	401.788	80.057	19.974	101.643	9.706	397.425	0.979	899.623
337.004	402.294	80.056	19.975	101.517	9.687	398.348	0.997	899.630
337.505	402.795	80.060	19.975	101.351	9.681	398.791	1.006	899.624
338.005	403.307	80.059	19.974	101.226	9.626	400.907	1.013	899.644
338.505	403.777	80.057	19.974	101.295	9.526	404.616	0.982	899.619
339.005	404.306	80.057	19.974	101.190	9.423	408.428	0.999	899.628
339.505	404.794	80.056	19.975	101.030	9.322	412.219	1.018	899.615
340.004	405.305	80.057	19.974	100.996	9.236	415.421	1.001	899.656
340.504	405.794	80.058	19.974	100.988	9.186	417.247	1.000	899.619
341.004	406.303	80.057	19.974	100.939	9.192	416.986	0.998	899.661
341.504	406.806	80.057	19.974	100.940	9.233	415.354	1.012	899.659
342.004	407.309	80.055	19.974	101.022	9.300	412.692	1.006	899.662
342.504	407.814	80.057	19.974	100.984	9.353	410.609	1.008	899.685
343.005	408.335	80.057	19.974	100.936	9.373	409.776	1.025	899.687
343.505	408.849	80.057	19.974	100.878	9.386	409.419	1.035	899.708
344.005	409.343	80.056	19.974	100.803	9.418	408.386	1.008	899.697
344.505	409.834	80.058	19.973	100.700	9.467	406.792	0.985	899.671
345.005	410.323	80.055	19.975	100.680	9.524	404.883	0.980	899.683
345.504	410.848	80.057	19.973	100.670	9.583	402.857	1.014	899.683
346.004	411.340	80.057	19.974	100.678	9.635	401.041	1.017	899.693
346.504	411.846	80.056	19.974	100.631	9.689	399.066	0.998	899.681
347.005	412.358	80.057	19.974	100.597	9.753	396.696	1.018	899.725
347.505	412.863	80.056	19.973	100.553	9.827	394.008	1.017	899.724
348.005	413.370	80.057	19.974	100.565	9.900	391.354	1.013	899.713
348.504	413.877	80.060	19.974	100.596	9.983	388.297	1.015	899.699
349.004	414.375	80.056	19.973	100.679	10.072	385.033	1.005	899.747
349.504	414.874	80.056	19.973	100.756	10.176	381.249	0.996	899.736
350.004	415.394	80.060	19.973	100.805	10.285	377.274	1.018	899.759
350.504	415.889	80.056	19.973	100.789	10.412	372.611	1.014	899.782
351.005	416.416	80.058	19.974	100.748	10.542	367.837	1.021	899.766
351.505	416.915	80.059	19.973	100.677	10.679	362.796	1.026	899.742
352.005	417.403	80.058	19.973	100.610	10.829	357.194	0.987	899.761
352.505	417.952	80.057	19.974	100.566	10.988	351.269	1.038	899.751
353.004	418.467	80.056	19.972	100.541	11.159	344.878	1.064	899.753
353.504	418.997	80.058	19.974	100.536	11.336	338.276	1.044	899.761
354.005	419.500	80.059	19.975	100.548	11.519	331.443	1.033	899.769
354.505	420.000	80.058	19.974	100.552	11.706	324.459	1.005	899.786
355.004	420.509	80.060	19.974	100.547	11.902	317.137	1.009	899.771
355.504	421.034	80.059	19.973	100.550	12.103	309.584	1.033	899.804
356.005	421.561	80.055	19.972	100.561	12.306	301.955	1.052	899.787
356.505	422.069	80.058	19.973	100.559	12.514	294.088	1.035	899.817
357.005	422.552	80.059	19.973	100.556	12.719	286.275	0.992	899.792
357.504	423.078	80.054	19.973	100.556	12.930	278.217	1.009	899.800
358.004	423.616	80.054	19.974	100.553	13.139	270.208	1.063	899.788
358.504	424.155	80.055	19.973	100.553	13.355	261.903	1.078	899.803
359.004	424.637	80.055	19.972	100.569	13.560	253.977	1.021	899.841
359.505	425.110	80.056	19.973	100.592	13.772	245.733	0.955	899.830
360.005	425.647	80.056	19.973	100.621	13.974	237.842	1.010	899.772
360.505	426.196	80.057	19.973	100.644	14.177	229.927	1.085	899.816
361.005	426.684	80.056	19.972	100.662	14.373	222.233	1.036	899.839
361.505	427.210	80.054	19.972	100.676	14.572	214.390	1.015	899.828
362.004	427.735	80.056	19.973	100.694	14.762	206.881	1.052	899.851
362.504	428.251	80.056	19.972	100.708	14.952	199.365	1.042	899.827
363.005	428.778	80.057	19.972	100.734	15.136	192.124	1.042	899.822
363.505	429.296	80.056	19.973	100.763	15.322	184.792	1.044	899.838
364.005	429.821	80.054	19.972	100.797	15.494	178.035	1.044	899.824
364.505	430.296	80.058	19.972	100.832	15.672	171.126	1.000	899.851
365.005	430.819	80.057	19.973	100.877	15.845	164.418	0.998	899.825
365.505	431.328	80.056	19.974	100.922	16.011	158.004	1.033	899.820
366.005	431.858	80.058	19.973	100.972	16.174	151.719	1.039	899.862
366.505	432.375	80.057	19.973	101.024	16.332	145.640	1.047	899.851
367.005	432.859	80.054	19.973	101.078	16.486	139.652	1.001	899.829
367.504	433.365	80.056	19.974	101.134	16.635	133.897	0.989	899.833
368.005	433.879	80.056	19.973	101.185	16.778	128.355	1.019	899.827
368.505	434.391	80.056	19.973	101.244	16.916	122.962	1.026	899.861
369.005	434.908	80.055	19.974	101.304	17.054	117.622	1.029	899.861
369.505	435.401	80.056	19.972	101.359	17.185	112.520	1.010	899.846
370.005	435.899	80.058	19.972	101.412	17.313	107.532	0.991	899.862
370.505	436.458	80.056	19.973	101.461	17.435	102.867	1.057	899.850
371.005	436.939	80.054	19.973	101.497	17.551	98.378	1.039	899.891
371.505	437.453	80.054	19.972	101.520	17.668	93.900	0.995	899.875
372.005	437.953	80.053	19.972	101.540	17.774	89.884	1.015	899.888
372.505	438.456	80.053	19.972	101.549	17.879	85.909	1.003	899.905
373.005	438.965	80.054	19.974	101.554	17.980	82.100	1.011	899.920
373.505	439.467	80.056	19.973	101.555	18.078	78.370	1.011	899.884
374.006	439.923	80.056	19.973	101.559	18.168	75.006	0.958	899.903
374.505	440.461	80.056	19.973	101.566	18.257	71.698	0.995	899.888
375.005	440.976	80.056	19.973	101.572	18.343	68.464	1.053	899.890
375.505	441.495	80.058	19.974	101.579	18.421	65.616	1.034	899.914
376.005	441.964	80.057	19.975	101.587	18.500	62.699	0.989	899.917
376.505	442.471	80.059	19.974	101.592	18.577	59.857	0.977	899.955
377.004	442.982	80.061	19.974	101.594	18.647	57.249	1.017	899.916
377.505	443.500	80.059	19.974	101.596	18.716	54.700	1.027	899.925
378.006	443.974	80.059	19.973	101.590	18.783	52.228	0.992	899.947
378.506	444.478	80.059	19.974	101.584	18.847	49.850	0.979	899.973
379.005	444.963	80.057	19.973	101.574	18.907	47.603	0.990	899.923
379.505	445.469	80.058	19.973	101.556	18.966	45.470	0.991	899.930
380.005	445.969	80.057	19.974	101.539	19.020	43.526	1.006	899.935
380.504	446.477	80.056	19.975	101.525	19.070	41.756	1.008	899.972
381.005	446.952	80.057	19.973	101.506	19.120	40.009	0.982	899.956
381.505	447.472	80.056	19.974	101.486	19.169	38.306	0.995	899.980
382.005	447.978	80.056	19.974	101.467	19.215	36.768	1.027	899.974
382.505	448.473	80.058	19.974	101.443	19.262	35.195	1.001	899.980
383.005	448.979	80.057	19.973	101.417	19.306	33.709	1.002	899.957
383.504	449.468	80.059	19.973	101.391	19.346	32.380	0.995	899.997
384.005	449.969	80.061	19.973	101.372	19.381	31.247	0.988	899.977
384.505	450.471	80.060	19.974	101.354	19.422	29.875	1.002	899.999
385.005	450.942	80.057	19.972	101.336	19.457	28.764	0.974	899.993
385.505	451.457	80.057	19.973	101.318	19.490	27.670	0.986	899.992
386.005	451.939	80.057	19.974	101.302	19.522	26.689	0.997	900.010
386.505	452.429	80.058	19.973	101.280	19.554	25.673	0.972	899.975
387.005	452.918	80.058	19.974	101.258	19.585	24.604	0.979	899.974
387.505	453.419	80.058	19.975	101.232	19.610	23.798	0.989	900.035
388.005	453.923	80.058	19.974	101.204	19.639	22.777	1.005	900.005
388.505	454.407	80.057	19.974	101.177	19.667	21.788	0.989	900.034
389.005	454.922	80.057	19.973	101.144	19.694	20.831	0.999	900.013
389.505	455.421	80.057	19.973	101.106	19.724	19.771	1.014	899.995
390.005	455.917	80.057	19.975	101.066	19.746	19.031	0.996	900.026
390.505	456.378	80.056	19.974	101.032	19.775	18.014	0.956	900.030
391.006	456.914	80.056	19.975	101.001	19.800	17.174	0.995	900.013
391.506	457.389	80.058	19.975	100.968	19.829	16.163	1.011	900.014
392.005	457.879	80.059	19.973	100.937	19.856	15.170	0.966	900.011
392.505	458.380	80.056	19.974	100.911	19.880	14.297	0.990	900.030
393.005	458.889	80.057	19.974	100.872	19.910	13.194	1.010	900.012
393.506	459.369	80.057	19.974	100.834	19.939	12.140	0.988	900.009
394.006	459.872	80.055	19.974	100.807	19.964	11.200	0.983	900.013
394.505	460.384	80.057	19.973	100.786	19.989	10.195	1.016	900.009
395.006	460.863	80.057	19.973	100.767	20.018	9.126	0.991	900.000
395.505	461.376	80.057	19.974	100.758	20.035	8.460	0.992	900.055
396.005	461.882	80.056	19.973	100.745	20.062	7.431	1.019	900.082
396.505	462.365	80.054	19.973	100.729	20.081	6.674	0.989	900.025
397.005	462.842	80.057	19.974	100.710	20.100	5.927	0.960	900.072
397.505	463.349	80.057	19.974	100.694	20.115	5.394	0.984	900.040
398.005	463.831	80.053	19.974	100.677	20.137	4.547	0.989	900.053
398.505	464.344	80.057	19.974	100.664	20.153	3.937	0.995	900.051
399.006	464.853	80.055	19.974	100.648	20.166	3.469	1.022	900.070
399.505	465.324	80.054	19.973	100.639	20.178	3.049	0.980	900.072
400.005	465.823	80.057	19.973	100.631	20.193	2.448	0.970	900.079
400.505	466.323	80.057	19.973	100.620	20.203	2.065	0.998	900.070
401.005	466.827	80.057	19.974	100.613	20.213	1.709	1.004	900.092
401.505	467.324	80.058	19.973	100.613	20.222	1.327	1.002	900.095
402.005	467.854	80.056	19.973	100.610	20.233	0.906	1.027	900.091
402.505	468.288	80.056	19.974	100.605	20.240	0.654	0.964	900.092
403.005	468.831	80.055	19.973	100.608	20.249	0.375	0.977	900.091
403.505	469.301	80.056	19.974	100.609	20.254	0.213	1.012	900.053
404.005	469.825	80.057	19.975	100.607	20.260	-0.036	0.995	900.095
404.505	470.309	80.056	19.975	100.603	20.264	-0.156	1.009	900.112
405.005	470.811	80.056	19.975	100.600	20.269	-0.313	0.985	900.107
405.506	471.318	80.055	19.974	100.598	20.270	-0.350	1.009	900.120
406.005	471.836	80.055	19.973	100.593	20.276	-0.554	1.025	900.141
406.505	472.326	80.054	19.974	100.587	20.278	-0.579	1.008	900.125
407.005	472.830	80.053	19.973	100.584	20.281	-0.616	0.993	900.151
407.506	473.298	80.052	19.973	100.585	20.283	-0.616	0.972	900.127
408.006	473.792	80.055	19.974	100.584	20.284	-0.622	0.962	900.112
408.506	474.318	80.053	19.974	100.584	20.284	-0.545	1.020	900.160
409.006	474.815	80.054	19.972	100.587	20.286	-0.559	1.023	900.160
409.505	475.310	80.057	19.973	100.581	20.287	-0.516	0.992	900.150
410.005	475.804	80.055	19.973	100.578	20.289	-0.534	0.989	900.138
410.506	476.271	80.056	19.974	100.571	20.290	-0.509	0.961	900.159
411.006	476.793	80.057	19.974	100.566	20.292	-0.505	0.989	900.132
411.506	477.312	80.057	19.973	100.566	20.295	-0.560	1.041	900.191
412.006	477.783	80.057	19.974	100.566	20.294	-0.488	0.990	900.165
412.506	478.306	80.057	19.974	100.559	20.297	-0.583	0.994	900.179
413.006	478.813	80.057	19.973	100.558	20.297	-0.548	1.031	900.156
413.505	479.276	80.057	19.973	100.554	20.298	-0.523	0.970	900.182
414.006	479.802	80.055	19.973	100.542	20.298	-0.517	0.988	900.147
414.506	480.276	80.055	19.972	100.532	20.299	-0.505	1.001	900.169
415.005	480.790	80.057	19.974	100.522	20.303	-0.597	0.989	900.229
415.505	481.294	80.054	19.974	100.515	20.300	-0.426	1.017	900.190
416.006	481.765	80.056	19.974	100.505	20.300	-0.393	0.974	900.143
416.506	482.311	80.057	19.973	100.498	20.304	-0.532	1.017	900.193
417.006	482.781	80.056	19.973	100.488	20.302	-0.431	1.016	900.232
417.506	483.292	80.054	19.974	100.480	20.304	-0.487	0.982	900.227
418.005	483.786	80.053	19.975	100.471	20.301	-0.352	1.007	900.212
418.505	484.297	80.055	19.974	100.460	20.303	-0.439	1.004	900.208
419.006	484.793	80.055	19.974	100.451	20.303	-0.433	1.005	900.205
419.506	485.307	80.056	19.974	100.446	20.302	-0.387	1.010	900.228
420.005	485.796	80.055	19.974	100.445	20.305	-0.465	1.004	900.246
420.506	486.304	80.056	19.974	100.438	20.303	-0.404	0.997	900.237
421.005	486.809	80.056	19.974	100.433	20.304	-0.468	1.013	900.204
421.505	487.293	80.058	19.974	100.429	20.304	-0.451	0.989	900.228
422.005	487.793	80.059	19.974	100.423	20.307	-0.559	0.984	900.252
422.506	488.265	80.056	19.973	100.416	20.304	-0.451	0.971	900.253
423.006	488.785	80.058	19.974	100.410	20.306	-0.551	0.992	900.241
423.506	489.293	80.055	19.973	100.406	20.308	-0.602	1.028	900.238
424.006	489.785	80.055	19.973	100.399	20.305	-0.442	1.000	900.233
424.506	490.269	80.057	19.974	100.398	20.309	-0.594	0.976	900.228
425.006	490.753	80.054	19.974	100.396	20.307	-0.492	0.968	900.245
425.506	491.274	80.055	19.973	100.396	20.309	-0.544	1.006	900.240
426.005	491.780	80.056	19.973	100.398	20.305	-0.431	1.028	900.228
426.505	492.267	80.055	19.974	100.401	20.309	-0.582	0.993	900.307
427.006	492.763	80.057	19.973	100.396	20.311	-0.638	0.982	900.286
427.506	493.268	80.059	19.973	100.391	20.309	-0.586	1.001	900.267
428.006	493.750	80.057	19.973	100.391	20.308	-0.544	0.988	900.263
428.505	494.255	80.055	19.973	100.394	20.309	-0.592	0.987	900.245
429.005	494.774	80.055	19.974	100.392	20.307	-0.506	1.024	900.278
429.505	495.306	80.058	19.973	100.394	20.312	-0.667	1.050	900.275
430.006	495.804	80.057	19.973	100.399	20.313	-0.696	1.030	900.277
430.506	496.299	80.056	19.974	100.394	20.313	-0.646	0.994	900.285
431.006	496.807	80.057	19.974	100.388	20.313	-0.603	1.003	900.300
431.506	497.279	80.057	19.974	100.388	20.315	-0.650	0.980	900.304
432.006	497.799	80.057	19.975	100.387	20.317	-0.683	0.993	900.269
432.505	498.294	80.058	19.974	100.383	20.316	-0.646	1.015	900.312
433.006	498.822	80.058	19.975	100.383	20.317	-0.660	1.021	900.314
433.506	499.295	80.057	19.975	100.384	20.317	-0.636	1.001	900.258
434.006	499.810	80.056	19.974	100.384	20.317	-0.590	0.989	900.335
434.506	500.295	80.056	19.975	100.382	20.314	-0.465	0.999	900.330
435.007	500.810	80.059	19.975	100.385	20.319	-0.649	0.998	900.357
435.507	501.294	80.058	19.974	100.387	20.318	-0.606	1.000	900.354
436.007	501.786	80.057	19.975	100.386	20.317	-0.621	0.977	900.351
436.506	502.288	80.059	19.974	100.383	20.320	-0.794	0.994	900.339
437.006	502.791	80.058	19.974	100.381	20.318	-0.733	1.005	900.356
437.506	503.286	80.058	19.975	100.376	20.317	-0.681	0.999	900.348
438.006	503.778	80.059	19.975	100.367	20.318	-0.709	0.987	900.394
438.506	504.310	80.059	19.975	100.363	20.318	-0.638	1.024	900.359
439.006	504.787	80.057	19.974	100.359	20.318	-0.567	1.009	900.380
439.506	505.291	80.057	19.974	100.354	20.318	-0.546	0.981	900.362
440.006	505.766	80.055	19.974	100.357	20.322	-0.716	0.979	900.408
440.506	506.278	80.055	19.974	100.357	20.321	-0.734	0.987	900.339
441.006	506.762	80.054	19.974	100.346	20.317	-0.612	0.995	900.362
441.506	507.220	80.052	19.975	100.340	20.317	-0.604	0.943	900.356
442.006	507.738	80.053	19.974	100.341	20.320	-0.753	0.976	900.398
442.506	508.244	80.052	19.974	100.338	20.320	-0.770	1.022	900.392
443.007	508.751	80.053	19.975	100.342	20.320	-0.751	1.013	900.391
443.506	509.271	80.054	19.975	100.353	20.324	-0.826	1.028	900.393
444.005	509.750	80.053	19.975	100.360	20.323	-0.816	0.999	900.401
444.506	510.231	80.054	19.974	100.360	20.322	-0.727	0.959	900.399
445.006	510.784	80.052	19.974	100.356	20.324	-0.794	1.035	900.398
445.506	511.274	80.052	19.974	100.350	20.322	-0.716	1.043	900.422
446.006	511.786	80.054	19.974	100.340	20.321	-0.618	1.000	900.426
446.507	512.272	80.052	19.974	100.332	20.323	-0.677	0.999	900.436
447.006	512.765	80.054	19.974	100.329	20.318	-0.440	0.979	900.409
447.506	513.267	80.056	19.975	100.336	20.323	-0.638	0.995	900.454
448.006	513.757	80.055	19.974	100.344	20.323	-0.645	0.992	900.444
448.506	514.266	80.056	19.974	100.348	20.322	-0.593	0.998	900.448
449.007	514.797	80.057	19.974	100.352	20.323	-0.663	1.040	900.451
449.506	515.277	80.054	19.974	100.353	20.323	-0.714	1.013	900.452
450.006	515.759	80.052	19.973	100.349	20.328	-0.909	0.962	900.460
450.506	516.265	80.053	19.973	100.342	20.324	-0.775	0.988	900.465
451.006	516.784	80.052	19.973	100.340	20.324	-0.741	1.025	900.440
451.506	517.296	80.054	19.974	100.344	20.322	-0.682	1.031	900.472
452.006	517.811	80.053	19.973	100.336	20.324	-0.787	1.027	900.492
452.506	518.292	80.052	19.973	100.332	20.324	-0.754	0.996	900.479
453.006	518.785	80.053	19.973	100.332	20.325	-0.764	0.974	900.479
453.506	519.303	80.051	19.972	100.326	20.326	-0.771	1.010	900.472
454.007	519.771	80.053	19.972	100.314	20.328	-0.940	0.986	900.481
454.507	520.288	80.054	19.974	100.318	20.329	-0.985	0.986	900.497
455.006	520.801	80.054	19.974	100.319	20.324	-0.826	1.031	900.477
455.506	521.265	80.054	19.973	100.316	20.323	-0.778	0.977	900.481
456.006	521.784	80.051	19.973	100.320	20.324	-0.836	0.983	900.502
456.506	522.288	80.052	19.972	100.324	20.321	-0.719	1.023	900.501
457.006	522.760	80.053	19.973	100.328	20.325	-0.835	0.976	900.493
457.506	523.267	80.054	19.972	100.331	20.326	-0.909	0.979	900.515
458.006	523.737	80.056	19.972	100.332	20.326	-0.910	0.976	900.490
458.506	524.275	80.055	19.974	100.329	20.326	-0.948	1.007	900.539
459.006	524.781	80.054	19.973	100.332	20.328	-1.058	1.045	900.534
459.506	525.257	80.055	19.974	100.328	20.327	-1.030	0.983	900.536
460.006	525.767	80.056	19.974	100.326	20.323	-0.890	0.986	900.540
460.506	526.285	80.055	19.974	100.322	20.329	-1.097	1.027	900.570
461.006	526.776	80.054	19.974	100.324	20.327	-0.999	1.007	900.544
461.507	527.257	80.053	19.973	100.330	20.324	-0.835	0.973	900.544
462.006	527.754	80.054	19.973	100.337	20.326	-0.880	0.980	900.557
462.506	528.265	80.056	19.974	100.337	20.323	-0.757	1.008	900.586
463.006	528.771	80.054	19.974	100.340	20.327	-0.891	1.017	900.600
463.506	529.272	80.057	19.973	100.343	20.329	-1.010	1.007	900.599
464.006	529.790	80.057	19.975	100.338	20.331	-1.063	1.018	900.599
464.507	530.286	80.056	19.974	100.333	20.329	-1.032	1.013	900.599
465.006	530.783	80.058	19.974	100.339	20.326	-0.950	0.993	900.573
465.506	531.251	80.058	19.976	100.343	20.330	-1.111	0.966	900.582
466.007	531.755	80.057	19.975	100.344	20.328	-1.009	0.973	900.592
466.506	532.260	80.056	19.974	100.349	20.330	-1.063	1.009	900.606
467.006	532.778	80.056	19.974	100.354	20.330	-1.052	1.022	900.618
467.507	533.267	80.057	19.974	100.351	20.331	-1.073	1.007	900.637
468.006	533.768	80.057	19.974	100.347	20.327	-0.909	0.991	900.617
468.506	534.237	80.055	19.973	100.346	20.331	-1.049	0.970	900.591
469.006	534.785	80.057	19.974	100.337	20.329	-0.935	1.017	900.619
469.506	535.285	80.057	19.974	100.329	20.333	-1.083	1.048	900.623
470.006	535.737	80.057	19.974	100.328	20.331	-0.977	0.951	900.636
470.507	536.247	80.059	19.974	100.331	20.330	-0.916	0.962	900.621
471.006	536.754	80.057	19.975	100.335	20.326	-0.760	1.017	900.642
471.506	537.225	80.058	19.974	100.340	20.327	-0.806	0.977	900.636
472.007	537.749	80.058	19.974	100.345	20.329	-0.926	0.995	900.644
472.507	538.245	80.055	19.973	100.343	20.330	-1.029	1.020	900.661
473.007	538.759	80.057	19.973	100.343	20.329	-1.004	1.009	900.672
473.507	539.251	80.056	19.973	100.341	20.327	-0.911	1.006	900.638
474.007	539.769	80.056	19.972	100.339	20.327	-0.980	1.011	900.650
474.507	540.282	80.058	19.972	100.335	20.330	-1.115	1.032	900.669
475.006	540.777	80.054	19.973	100.337	20.327	-0.911	1.009	900.668
475.506	541.274	80.054	19.973	100.333	20.329	-0.951	0.992	900.678
476.007	541.755	80.058	19.973	100.326	20.327	-0.800	0.978	900.661
476.507	542.252	80.057	19.973	100.324	20.325	-0.666	0.978	900.699
477.006	542.762	80.057	19.973	100.323	20.327	-0.716	1.007	900.672
477.507	543.270	80.056	19.972	100.318	20.327	-0.694	1.017	900.692
478.007	543.750	80.056	19.972	100.320	20.329	-0.753	0.988	900.696
478.507	544.254	80.058	19.972	100.318	0.000	0.000	0.985	900.681
479.007	544.742	80.056	19.972	100.320	0.000	0.000	0.991	900.679
479.507	545.241	80.055	19.973	100.326	0.000	0.000	0.987	900.687
480.007	545.745	80.058	19.972	100.336	0.000	0.000	1.003	900.698
480.507	546.218	80.056	19.973	100.338	0.000	0.000	0.977	900.715
481.007	546.769	80.057	19.974	100.342	0.000	0.000	1.024	900.716
481.507	547.268	80.058	19.973	100.345	0.000	0.000	1.050	900.731
482.007	547.759	80.057	19.974	100.341	0.000	0.000	0.990	900.744
482.507	548.253	80.056	19.974	100.331	0.000	0.000	0.985	900.724
483.006	548.761	80.053	19.973	100.323	0.000	0.000	1.003	900.711
483.507	549.267	80.055	19.973	100.316	0.000	0.000	1.014	900.751
484.006	549.762	80.055	19.973	100.307	0.000	0.000	1.002	900.739
484.506	550.276	80.054	19.973	100.302	0.000	0.000	1.009	900.761
485.006	550.765	80.056	19.973	100.301	0.000	0.000	1.002	900.759
485.507	551.257	80.057	19.973	100.303	0.000	0.000	0.980	900.753
486.007	551.733	80.054	19.973	100.308	0.000	0.000	0.968	900.747
486.507	552.238	80.053	19.973	100.314	0.000	0.000	0.981	900.777
487.007	552.734	80.053	19.973	100.315	0.000	0.000	1.002	900.780
487.507	553.271	80.053	19.974	100.313	0.000	0.000	1.034	900.772
488.006	553.732	80.051	19.975	100.306	0.000	0.000	0.999	900.765
