File Name:	PMMA_CN_10mm_60Kmin_8mg_R4.txt	Version: 8.3.7.3
Date:	10 Sep 2024
Operator:	KH
Test ID:	PMMA_CN_10mm_8mg_60K_R4
Sample ID:	PMMA_CN_10mm_8mg
Sample Mass (mg):	182.2500
Sample Cup Mass (mg):	7.9500
End Total Mass (mg):	0.0400
Heating Rate (C/s):	1.0000
Combuster Temperature (C):	900.0
N2 Flow Rate (cc/min):	80.0
O2 Flow Rate (cc/min):	20.0
Calibration File:	Coeff.txt
T Correction Coefficients:	0.308738730	0.013615500	0.000000000
Time Shift (s):	10.0
Pre-Test Comments:
Post-Test Comments:
Baseline Flow:	100.160
Baseline O2:	20.287
Instrument ID:	2700
@
Time (s)	Temperature (C)	N2 Flow (cc/min)	O2 Flow (cc/min)	Total Flow (cc/min)	Oxygen (%)	HRR (W/g)	Heating Rate (C/s)	Combustor Temp (C)
0.000	75.098	80.057	19.979	100.160	20.271	-0.263	-0.025	899.195
0.500	75.088	80.056	19.979	100.161	20.250	-0.231	-0.050	899.173
0.999	75.097	80.055	19.979	100.158	20.227	-0.194	-0.000	899.223
1.499	75.097	80.053	19.979	100.166	20.201	-0.152	0.009	899.200
2.000	75.081	80.054	19.980	100.202	20.184	-0.123	-0.016	899.179
2.500	75.125	80.056	19.979	100.265	20.164	-0.087	0.028	899.191
3.000	75.136	80.058	19.978	100.371	20.150	-0.061	0.055	899.169
3.500	75.194	80.058	19.979	100.513	20.141	-0.044	0.068	899.200
3.999	75.216	80.058	19.979	100.660	20.132	-0.028	0.080	899.179
4.500	75.251	80.058	19.978	100.784	20.125	-0.017	0.057	899.187
5.000	75.280	80.058	19.979	100.889	20.125	-0.021	0.064	899.185
5.500	75.387	80.060	19.979	100.956	20.121	-0.030	0.136	899.180
6.000	75.469	80.060	19.979	100.995	20.119	-0.056	0.189	899.180
6.500	75.517	80.060	19.979	101.027	20.115	-0.092	0.129	899.184
7.000	75.575	80.058	19.978	101.057	20.113	-0.140	0.106	899.188
7.500	75.683	80.056	19.978	101.075	20.114	-0.188	0.166	899.139
8.000	75.796	80.057	19.978	101.089	20.113	-0.229	0.221	899.167
8.500	75.887	80.056	19.977	101.099	20.108	-0.249	0.204	899.142
9.000	75.998	80.055	19.978	101.096	20.114	-0.274	0.201	899.152
9.500	76.122	80.057	19.978	101.091	20.111	-0.268	0.235	899.167
10.000	76.235	80.058	19.977	101.084	20.108	-0.255	0.237	899.146
10.500	76.368	80.056	19.978	101.081	20.097	-0.228	0.247	899.171
10.999	76.511	80.057	19.979	101.077	20.076	-0.180	0.276	899.136
11.500	76.664	80.055	19.979	101.075	20.043	-0.111	0.295	899.156
11.999	76.800	80.056	19.979	101.077	20.013	-0.044	0.289	899.156
12.499	76.972	80.055	19.978	101.100	19.989	0.014	0.308	899.156
12.999	77.126	80.056	19.978	101.158	19.964	0.074	0.326	899.145
13.499	77.351	80.058	19.979	101.270	19.957	0.104	0.379	899.167
14.000	77.620	80.055	19.978	101.431	19.949	0.133	0.494	899.120
14.500	77.818	80.054	19.979	101.613	19.944	0.151	0.466	899.158
15.000	78.092	80.056	19.979	101.775	19.946	0.158	0.472	899.122
15.500	78.383	80.056	19.978	101.896	19.953	0.154	0.565	899.110
16.000	78.677	80.055	19.979	101.952	19.955	0.158	0.584	899.099
16.500	78.984	80.056	19.979	101.956	19.962	0.153	0.601	899.123
17.000	79.321	80.055	19.979	101.930	19.971	0.145	0.644	899.137
17.500	79.699	80.055	19.979	101.902	19.980	0.138	0.715	899.140
18.000	80.030	80.053	19.978	101.875	19.989	0.128	0.709	899.126
18.499	80.413	80.051	19.979	101.846	19.994	0.126	0.714	899.092
18.999	80.763	80.053	19.979	101.799	20.000	0.121	0.733	899.127
19.499	81.166	80.053	19.978	101.750	20.009	0.113	0.753	899.107
19.999	81.514	80.051	19.978	101.689	20.008	0.121	0.751	899.085
20.500	81.914	80.055	19.979	101.626	20.016	0.116	0.748	899.079
21.000	82.361	80.055	19.977	101.574	20.022	0.112	0.847	899.085
21.499	82.759	80.056	19.978	101.541	20.027	0.110	0.845	899.103
22.000	83.175	80.058	19.979	101.507	20.035	0.106	0.814	899.081
22.500	83.622	80.056	19.979	101.485	20.044	0.096	0.863	899.080
23.000	84.067	80.055	19.979	101.461	20.045	0.097	0.893	899.144
23.500	84.503	80.054	19.979	101.435	20.052	0.087	0.881	899.074
24.000	84.947	80.053	19.978	101.410	20.056	0.082	0.879	899.059
24.500	85.436	80.055	19.979	101.386	20.059	0.079	0.933	899.107
25.000	85.889	80.054	19.978	101.362	20.064	0.074	0.942	899.124
25.500	86.383	80.053	19.978	101.347	20.067	0.072	0.947	899.075
26.000	86.810	80.057	19.980	101.327	20.075	0.064	0.921	899.100
26.500	87.278	80.055	19.978	101.309	20.076	0.065	0.895	899.086
27.001	87.765	80.055	19.979	101.290	20.074	0.072	0.954	899.073
27.500	88.261	80.056	19.981	101.266	20.077	0.071	0.983	899.076
28.000	88.770	80.055	19.981	101.236	20.085	0.054	1.006	899.084
28.500	89.228	80.055	19.980	101.216	20.091	0.044	0.966	899.081
29.000	89.703	80.052	19.980	101.193	20.091	0.044	0.932	899.066
29.500	90.208	80.051	19.980	101.169	20.093	0.043	0.980	899.072
30.000	90.695	80.054	19.980	101.154	20.096	0.041	0.992	899.078
30.500	91.218	80.053	19.980	101.145	20.096	0.045	1.010	899.080
31.000	91.746	80.054	19.980	101.137	20.099	0.040	1.051	899.087
31.500	92.232	80.056	19.980	101.137	20.101	0.039	1.014	899.079
32.000	92.708	80.055	19.979	101.135	20.104	0.037	0.962	899.079
32.500	93.249	80.056	19.979	101.123	20.104	0.038	1.017	899.071
33.001	93.740	80.056	19.980	101.104	20.107	0.032	1.032	899.077
33.500	94.233	80.055	19.980	101.086	20.109	0.031	0.984	899.055
34.000	94.781	80.054	19.980	101.071	20.109	0.033	1.041	899.045
34.500	95.298	80.055	19.980	101.064	20.113	0.027	1.065	899.067
35.000	95.836	80.054	19.979	101.065	20.117	0.023	1.056	899.104
35.499	96.319	80.056	19.980	101.075	20.116	0.025	1.021	899.047
36.000	96.847	80.054	19.980	101.078	20.119	0.023	1.010	899.024
36.500	97.349	80.054	19.979	101.071	20.119	0.022	1.029	899.067
37.000	97.895	80.055	19.980	101.063	20.118	0.027	1.048	899.065
37.500	98.384	80.054	19.980	101.051	20.119	0.025	1.035	899.046
38.000	98.950	80.056	19.979	101.037	20.121	0.023	1.055	899.082
38.500	99.453	80.055	19.980	101.033	20.124	0.021	1.069	899.029
39.000	99.997	80.055	19.980	101.029	20.127	0.015	1.046	899.046
39.501	100.491	80.054	19.980	101.022	20.127	0.016	1.038	899.040
40.000	101.015	80.055	19.979	101.023	20.123	0.024	1.019	899.062
40.500	101.563	80.056	19.979	101.022	20.126	0.019	1.073	899.044
41.000	102.107	80.058	19.980	101.012	20.130	0.013	1.091	899.032
41.501	102.627	80.055	19.980	101.007	20.131	0.011	1.062	899.036
42.001	103.154	80.057	19.979	101.004	20.133	0.011	1.048	899.035
42.500	103.683	80.057	19.980	100.999	20.131	0.017	1.057	899.051
43.000	104.231	80.055	19.980	100.993	20.133	0.015	1.077	899.019
43.500	104.764	80.058	19.980	100.989	20.138	0.008	1.082	899.045
43.999	105.277	80.058	19.980	100.984	20.138	0.010	1.046	899.018
44.500	105.820	80.057	19.979	100.981	20.138	0.011	1.055	899.028
45.000	106.331	80.056	19.980	100.977	20.136	0.013	1.054	898.980
45.500	106.872	80.057	19.979	100.972	20.136	0.014	1.052	899.051
46.000	107.415	80.059	19.978	100.968	20.137	0.012	1.083	899.038
46.500	107.906	80.060	19.979	100.967	20.138	0.010	1.034	899.007
47.000	108.470	80.057	19.980	100.967	20.139	0.009	1.056	899.005
47.500	109.003	80.057	19.979	100.962	20.139	0.010	1.097	899.010
48.000	109.563	80.057	19.980	100.962	20.140	0.009	1.092	899.049
48.500	110.088	80.057	19.980	100.960	20.144	0.003	1.084	898.996
49.001	110.598	80.059	19.979	100.954	20.142	0.008	1.034	899.016
49.501	111.139	80.058	19.979	100.947	20.142	0.009	1.051	899.001
50.001	111.651	80.056	19.980	100.938	20.141	0.013	1.054	899.010
50.500	112.220	80.054	19.980	100.929	20.143	0.010	1.081	899.003
51.000	112.761	80.054	19.980	100.926	20.142	0.012	1.109	899.038
51.500	113.303	80.055	19.978	100.923	20.142	0.012	1.084	899.027
52.000	113.840	80.056	19.978	100.923	20.142	0.009	1.080	899.042
52.500	114.346	80.056	19.978	100.929	20.146	0.001	1.043	899.037
53.000	114.925	80.057	19.978	100.930	20.146	-0.001	1.085	899.004
53.500	115.408	80.057	19.979	100.927	20.142	0.004	1.061	899.040
54.000	115.984	80.056	19.979	100.923	20.143	0.002	1.059	899.037
54.501	116.522	80.060	19.979	100.922	20.149	-0.006	1.115	899.039
55.000	117.062	80.058	19.980	100.917	20.146	0.001	1.079	899.026
55.500	117.588	80.057	19.980	100.919	20.147	0.001	1.067	899.017
56.000	118.100	80.057	19.980	100.918	20.147	0.003	1.038	899.003
56.500	118.641	80.056	19.980	100.915	20.145	0.007	1.053	899.007
57.000	119.181	80.058	19.979	100.906	20.142	0.014	1.080	898.993
57.501	119.706	80.057	19.978	100.897	20.141	0.015	1.064	898.996
58.000	120.246	80.057	19.979	100.893	20.146	0.005	1.066	898.983
58.500	120.755	80.058	19.979	100.894	20.142	0.010	1.049	898.996
59.000	121.283	80.057	19.980	100.901	20.145	0.005	1.037	899.008
59.500	121.858	80.057	19.980	100.910	20.146	0.005	1.104	898.998
60.000	122.381	80.056	19.979	100.920	20.147	0.004	1.098	899.003
60.500	122.912	80.055	19.980	100.922	20.148	0.004	1.053	899.002
61.000	123.416	80.056	19.981	100.925	20.149	0.004	1.035	898.985
61.500	123.945	80.054	19.980	100.926	20.146	0.012	1.033	899.018
62.000	124.510	80.054	19.980	100.919	20.146	0.012	1.094	899.011
62.500	124.996	80.056	19.979	100.910	20.141	0.020	1.051	898.965
63.000	125.567	80.055	19.979	100.903	20.142	0.022	1.057	899.003
63.500	126.072	80.055	19.980	100.896	20.142	0.022	1.076	899.035
64.000	126.592	80.058	19.979	100.893	20.142	0.023	1.025	899.014
64.500	127.134	80.056	19.980	100.892	20.141	0.025	1.061	898.979
65.000	127.700	80.057	19.980	100.897	20.138	0.031	1.108	899.017
65.500	128.208	80.058	19.979	100.904	20.140	0.028	1.075	898.978
66.000	128.726	80.057	19.980	100.905	20.142	0.024	1.027	899.014
66.500	129.238	80.057	19.980	100.902	20.137	0.032	1.029	899.009
67.000	129.770	80.056	19.979	100.901	20.136	0.034	1.044	898.986
67.500	130.311	80.057	19.979	100.896	20.135	0.038	1.073	898.982
68.001	130.849	80.057	19.979	100.886	20.135	0.037	1.078	899.005
68.501	131.413	80.058	19.979	100.880	20.136	0.038	1.102	898.987
69.000	131.902	80.058	19.980	100.876	20.138	0.036	1.053	898.973
69.500	132.436	80.058	19.980	100.878	20.137	0.037	1.024	898.971
70.000	132.966	80.055	19.979	100.874	20.132	0.046	1.065	898.965
70.500	133.480	80.056	19.980	100.871	20.131	0.046	1.043	899.004
71.001	134.001	80.058	19.979	100.866	20.133	0.044	1.034	898.983
71.501	134.527	80.056	19.980	100.862	20.133	0.044	1.047	898.993
72.001	135.096	80.053	19.980	100.859	20.130	0.047	1.095	898.979
72.501	135.558	80.053	19.980	100.859	20.128	0.049	1.032	898.973
73.001	136.095	80.053	19.980	100.861	20.129	0.048	1.000	898.976
73.500	136.640	80.054	19.980	100.865	20.127	0.053	1.082	898.999
74.000	137.145	80.052	19.979	100.864	20.124	0.057	1.049	898.993
74.500	137.684	80.053	19.980	100.858	20.122	0.058	1.045	898.970
75.000	138.207	80.054	19.980	100.856	20.122	0.059	1.063	898.997
75.500	138.730	80.053	19.979	100.855	20.122	0.060	1.046	898.970
76.000	139.259	80.054	19.980	100.849	20.118	0.069	1.052	898.993
76.500	139.802	80.057	19.979	100.846	20.115	0.075	1.071	899.017
77.000	140.294	80.056	19.979	100.845	20.117	0.075	1.034	899.007
77.501	140.808	80.055	19.980	100.846	20.116	0.078	1.006	898.965
78.001	141.342	80.053	19.981	100.847	20.116	0.079	1.049	898.955
78.500	141.891	80.055	19.981	100.851	20.117	0.078	1.084	898.970
79.000	142.413	80.056	19.980	100.852	20.114	0.082	1.071	898.988
79.500	142.931	80.053	19.980	100.855	20.112	0.086	1.039	899.016
80.000	143.472	80.055	19.981	100.854	20.116	0.081	1.059	898.986
80.500	143.945	80.055	19.981	100.851	20.111	0.089	1.014	898.958
81.001	144.512	80.052	19.980	100.854	20.112	0.087	1.039	898.983
81.501	145.059	80.054	19.981	100.860	20.106	0.097	1.114	898.994
82.001	145.514	80.054	19.980	100.860	20.109	0.093	1.003	899.012
82.500	146.060	80.051	19.981	100.860	20.107	0.097	1.001	899.016
83.000	146.587	80.051	19.981	100.854	20.108	0.095	1.073	899.003
83.500	147.078	80.050	19.980	100.845	20.102	0.104	1.017	898.998
84.001	147.578	80.052	19.979	100.840	20.100	0.106	0.990	898.959
84.501	148.146	80.054	19.979	100.832	20.099	0.110	1.069	898.976
85.000	148.648	80.051	19.980	100.827	20.100	0.108	1.071	899.008
85.500	149.173	80.052	19.980	100.828	20.098	0.108	1.027	898.992
86.000	149.694	80.054	19.979	100.831	20.099	0.107	1.045	899.011
86.501	150.193	80.052	19.979	100.828	20.097	0.111	1.020	899.011
87.001	150.717	80.055	19.980	100.826	20.097	0.111	1.023	899.007
87.500	151.251	80.054	19.980	100.822	20.093	0.117	1.058	898.984
88.000	151.762	80.051	19.979	100.822	20.094	0.118	1.045	899.013
88.500	152.265	80.052	19.980	100.820	20.090	0.126	1.014	899.010
89.000	152.781	80.051	19.980	100.822	20.086	0.131	1.020	898.987
89.500	153.300	80.052	19.979	100.824	20.089	0.128	1.034	898.977
90.001	153.816	80.054	19.978	100.823	20.087	0.130	1.034	898.974
90.501	154.327	80.052	19.979	100.824	20.088	0.129	1.028	898.965
91.001	154.825	80.054	19.979	100.825	20.085	0.132	1.010	898.980
91.500	155.353	80.054	19.980	100.823	20.084	0.133	1.026	898.992
92.001	155.906	80.053	19.979	100.821	20.085	0.133	1.080	899.018
92.501	156.414	80.054	19.980	100.827	20.085	0.135	1.062	899.008
93.000	156.894	80.054	19.980	100.833	20.085	0.137	0.989	898.990
93.500	157.438	80.054	19.979	100.832	20.081	0.145	1.024	898.981
94.000	157.949	80.053	19.980	100.832	20.080	0.148	1.055	899.022
94.500	158.472	80.053	19.980	100.833	20.079	0.151	1.034	899.027
95.000	158.969	80.055	19.980	100.830	20.078	0.152	1.019	899.016
95.500	159.440	80.053	19.980	100.821	20.076	0.155	0.967	898.977
96.001	159.992	80.052	19.979	100.821	20.073	0.157	1.022	899.019
96.501	160.506	80.055	19.978	100.822	20.075	0.155	1.066	899.010
97.001	161.024	80.053	19.980	100.822	20.074	0.158	1.032	899.019
97.501	161.535	80.054	19.978	100.823	20.070	0.166	1.028	899.023
98.001	162.063	80.055	19.980	100.826	20.071	0.166	1.040	899.029
98.500	162.570	80.055	19.979	100.829	20.067	0.172	1.035	899.037
99.001	163.089	80.054	19.978	100.827	20.069	0.168	1.026	899.035
99.501	163.573	80.053	19.978	100.825	20.067	0.172	1.003	899.014
100.000	164.102	80.051	19.979	100.817	20.066	0.171	1.013	899.020
100.501	164.617	80.053	19.979	100.809	20.066	0.171	1.043	899.022
101.001	165.121	80.054	19.979	100.802	20.062	0.177	1.018	899.017
101.501	165.636	80.054	19.978	100.800	20.061	0.179	1.019	899.078
102.001	166.179	80.055	19.978	100.799	20.062	0.177	1.059	899.025
102.501	166.667	80.055	19.980	100.804	20.058	0.183	1.031	899.033
103.001	167.174	80.056	19.979	100.814	20.059	0.181	0.994	899.009
103.501	167.672	80.055	19.980	100.812	20.054	0.189	1.004	899.019
104.001	168.189	80.054	19.980	100.805	20.054	0.191	1.016	899.009
104.501	168.712	80.056	19.979	100.803	20.053	0.193	1.041	899.033
105.000	169.223	80.054	19.980	100.799	20.048	0.203	1.033	899.045
105.501	169.738	80.052	19.980	100.795	20.051	0.198	1.025	899.030
106.001	170.238	80.054	19.979	100.799	20.050	0.201	1.015	899.044
106.501	170.726	80.054	19.979	100.802	20.046	0.209	0.988	899.004
107.001	171.261	80.054	19.979	100.802	20.049	0.204	1.024	899.058
107.500	171.780	80.054	19.979	100.810	20.047	0.207	1.055	899.016
108.000	172.243	80.053	19.980	100.808	20.046	0.211	0.982	899.033
108.501	172.795	80.054	19.980	100.810	20.039	0.223	1.014	899.044
109.001	173.303	80.055	19.980	100.811	20.037	0.228	1.061	899.016
109.501	173.837	80.055	19.980	100.816	20.036	0.230	1.043	899.029
110.000	174.339	80.055	19.979	100.812	20.034	0.233	1.036	899.049
110.500	174.820	80.054	19.979	100.815	20.031	0.238	0.984	899.025
111.000	175.353	80.054	19.981	100.812	20.034	0.235	1.014	899.009
111.500	175.851	80.055	19.980	100.810	20.031	0.239	1.030	899.019
112.001	176.374	80.054	19.980	100.806	20.030	0.240	1.020	899.062
112.501	176.880	80.053	19.980	100.802	20.025	0.249	1.029	899.051
113.001	177.403	80.054	19.979	100.801	20.023	0.252	1.030	899.048
113.500	177.900	80.054	19.980	100.798	20.021	0.254	1.020	899.043
114.001	178.425	80.054	19.979	100.797	20.019	0.254	1.022	899.058
114.501	178.965	80.056	19.979	100.795	20.017	0.256	1.065	899.028
115.000	179.455	80.055	19.980	100.793	20.020	0.249	1.030	899.059
115.501	179.942	80.056	19.980	100.789	20.018	0.253	0.977	899.065
116.001	180.490	80.055	19.979	100.784	20.017	0.257	1.035	899.052
116.501	180.964	80.056	19.981	100.782	20.015	0.263	1.022	899.067
117.001	181.495	80.059	19.981	100.783	20.011	0.274	1.005	899.048
117.500	182.002	80.055	19.981	100.784	20.008	0.283	1.039	899.064
118.000	182.509	80.055	19.981	100.782	20.004	0.290	1.014	899.073
118.500	183.029	80.055	19.981	100.782	20.004	0.291	1.027	899.069
119.000	183.518	80.055	19.981	100.784	20.003	0.290	1.009	899.019
119.501	184.044	80.056	19.980	100.783	19.999	0.295	1.015	899.077
120.001	184.540	80.056	19.980	100.782	19.998	0.295	1.022	899.042
120.501	185.026	80.057	19.981	100.785	19.995	0.300	0.982	899.034
121.001	185.572	80.057	19.981	100.791	19.996	0.302	1.032	899.072
121.501	186.062	80.055	19.980	100.799	19.995	0.306	1.035	899.057
122.001	186.584	80.056	19.982	100.807	19.998	0.301	1.011	899.059
122.501	187.094	80.057	19.981	100.813	19.993	0.314	1.033	899.055
123.001	187.610	80.056	19.981	100.813	19.994	0.315	1.027	899.078
123.501	188.110	80.056	19.981	100.805	19.994	0.317	1.016	899.057
124.001	188.622	80.056	19.980	100.788	19.991	0.323	1.011	899.072
124.501	189.124	80.054	19.981	100.771	19.990	0.326	1.015	899.074
125.000	189.634	80.057	19.980	100.759	19.990	0.327	1.012	899.073
125.501	190.152	80.058	19.981	100.758	19.987	0.332	1.027	899.070
126.001	190.679	80.057	19.981	100.765	19.985	0.335	1.044	899.062
126.501	191.155	80.056	19.981	100.773	19.987	0.329	1.003	899.071
127.001	191.676	80.054	19.979	100.784	19.989	0.324	0.998	899.079
127.501	192.200	80.057	19.981	100.788	19.988	0.326	1.046	899.100
128.000	192.711	80.057	19.981	100.779	19.986	0.329	1.035	899.081
128.501	193.244	80.056	19.980	100.769	19.984	0.333	1.043	899.066
129.001	193.736	80.060	19.980	100.763	19.988	0.324	1.024	899.071
129.501	194.236	80.058	19.980	100.757	19.986	0.327	0.992	899.091
130.001	194.781	80.055	19.981	100.745	19.987	0.325	1.046	899.078
130.501	195.254	80.056	19.980	100.738	19.989	0.323	1.018	899.096
131.001	195.781	80.056	19.979	100.730	19.989	0.322	1.000	899.097
131.501	196.290	80.055	19.980	100.725	19.990	0.321	1.036	899.083
132.001	196.767	80.054	19.980	100.722	19.991	0.321	0.986	899.088
132.500	197.291	80.053	19.980	100.726	19.992	0.323	1.001	899.096
133.000	197.807	80.055	19.980	100.729	19.993	0.323	1.041	899.103
133.500	198.336	80.055	19.980	100.732	19.994	0.321	1.045	899.088
134.001	198.840	80.054	19.981	100.733	19.993	0.323	1.032	899.079
134.501	199.340	80.054	19.981	100.737	19.994	0.322	1.003	899.103
135.001	199.834	80.055	19.981	100.740	19.999	0.313	0.995	899.078
135.501	200.313	80.054	19.981	100.741	19.995	0.317	0.974	899.108
136.001	200.881	80.057	19.981	100.743	19.997	0.315	1.046	899.043
136.501	201.356	80.056	19.980	100.742	19.997	0.316	1.043	899.082
137.001	201.893	80.057	19.980	100.740	20.001	0.308	1.012	899.117
137.501	202.413	80.056	19.980	100.744	20.002	0.302	1.056	899.130
138.001	202.899	80.053	19.979	100.747	20.004	0.297	1.007	899.088
138.501	203.413	80.055	19.980	100.749	20.009	0.291	1.001	899.084
139.001	203.914	80.055	19.981	100.749	20.010	0.288	1.014	899.070
139.501	204.440	80.053	19.980	100.736	20.010	0.288	1.026	899.072
140.001	204.945	80.055	19.980	100.720	20.009	0.292	1.030	899.111
140.502	205.457	80.054	19.980	100.715	20.009	0.294	1.017	899.098
141.001	205.929	80.054	19.980	100.719	20.008	0.296	0.984	899.083
141.501	206.483	80.055	19.980	100.718	20.010	0.291	1.026	899.132
142.001	207.004	80.054	19.979	100.723	20.015	0.280	1.075	899.135
142.501	207.489	80.054	19.980	100.728	20.014	0.280	1.007	899.132
143.001	208.006	80.052	19.980	100.727	20.017	0.272	1.003	899.118
143.501	208.508	80.054	19.979	100.719	20.019	0.268	1.018	899.115
144.002	209.021	80.055	19.980	100.720	20.019	0.266	1.014	899.108
144.502	209.531	80.055	19.980	100.729	20.021	0.265	1.023	899.126
145.001	210.025	80.056	19.980	100.742	20.023	0.267	1.003	899.133
145.502	210.536	80.056	19.980	100.747	20.025	0.264	1.004	899.138
146.002	211.056	80.056	19.980	100.745	20.027	0.263	1.032	899.111
146.501	211.528	80.057	19.980	100.743	20.026	0.264	0.993	899.130
147.001	212.075	80.058	19.980	100.733	20.026	0.266	1.019	899.107
147.501	212.583	80.056	19.979	100.721	20.028	0.260	1.055	899.128
148.001	213.038	80.054	19.980	100.721	20.029	0.259	0.963	899.120
148.501	213.563	80.054	19.981	100.726	20.029	0.256	0.980	899.134
149.001	214.073	80.053	19.980	100.731	20.030	0.256	1.035	899.131
149.501	214.551	80.054	19.981	100.744	20.031	0.255	0.988	899.107
150.001	215.089	80.055	19.982	100.748	20.028	0.261	1.017	899.121
150.501	215.580	80.054	19.981	100.753	20.028	0.263	1.030	899.161
151.001	216.104	80.056	19.981	100.759	20.027	0.263	1.015	899.105
151.501	216.592	80.056	19.980	100.759	20.024	0.271	1.012	899.137
152.001	217.146	80.055	19.980	100.746	20.028	0.265	1.042	899.148
152.501	217.598	80.057	19.981	100.739	20.027	0.267	1.006	899.115
153.001	218.118	80.056	19.979	100.730	20.025	0.269	0.972	899.156
153.501	218.636	80.055	19.979	100.723	20.024	0.271	1.038	899.146
154.001	219.130	80.054	19.981	100.721	20.023	0.273	1.011	899.103
154.501	219.645	80.053	19.980	100.727	20.019	0.279	1.009	899.162
155.001	220.136	80.055	19.980	100.735	20.022	0.271	1.006	899.147
155.501	220.673	80.051	19.981	100.735	20.018	0.279	1.028	899.146
156.001	221.163	80.054	19.980	100.741	20.017	0.281	1.027	899.172
156.501	221.687	80.055	19.979	100.735	20.015	0.284	1.014	899.144
157.001	222.185	80.053	19.979	100.730	20.016	0.282	1.021	899.131
157.501	222.670	80.055	19.979	100.727	20.015	0.282	0.982	899.127
158.001	223.180	80.057	19.980	100.724	20.012	0.288	0.995	899.171
158.501	223.711	80.055	19.980	100.720	20.011	0.290	1.041	899.155
159.001	224.205	80.054	19.980	100.718	20.007	0.296	1.025	899.140
159.501	224.713	80.052	19.981	100.715	20.006	0.298	1.002	899.157
160.001	225.210	80.052	19.981	100.714	20.004	0.302	1.005	899.152
160.501	225.719	80.055	19.981	100.722	20.005	0.302	1.006	899.160
161.001	226.252	80.054	19.982	100.717	20.004	0.304	1.042	899.166
161.501	226.713	80.054	19.981	100.722	20.000	0.312	0.994	899.150
162.002	227.248	80.056	19.981	100.725	19.996	0.320	0.996	899.166
162.501	227.733	80.054	19.981	100.730	19.995	0.319	1.020	899.173
163.001	228.247	80.056	19.980	100.725	19.990	0.328	0.999	899.145
163.501	228.755	80.056	19.981	100.726	19.988	0.330	1.022	899.186
164.001	229.265	80.055	19.980	100.725	19.990	0.327	1.019	899.180
164.501	229.744	80.055	19.980	100.728	19.990	0.323	0.990	899.172
165.001	230.271	80.054	19.981	100.728	19.985	0.330	1.004	899.171
165.502	230.789	80.053	19.980	100.735	19.985	0.331	1.045	899.176
166.001	231.265	80.053	19.980	100.735	19.980	0.339	0.995	899.176
166.501	231.775	80.052	19.981	100.733	19.980	0.342	0.985	899.180
167.002	232.276	80.054	19.980	100.729	19.976	0.351	1.010	899.178
167.501	232.756	80.056	19.980	100.724	19.976	0.352	0.981	899.161
168.001	233.318	80.052	19.979	100.720	19.971	0.362	1.042	899.187
168.501	233.777	80.053	19.979	100.723	19.967	0.370	1.021	899.198
169.001	234.263	80.054	19.980	100.719	19.967	0.370	0.946	899.162
169.501	234.803	80.055	19.980	100.715	19.965	0.373	1.026	899.162
170.002	235.298	80.055	19.979	100.719	19.964	0.375	1.035	899.182
170.502	235.801	80.052	19.980	100.722	19.963	0.380	0.999	899.216
171.001	236.306	80.052	19.980	100.724	19.963	0.379	1.008	899.189
171.502	236.820	80.053	19.981	100.732	19.961	0.384	1.018	899.207
172.002	237.318	80.051	19.981	100.742	19.955	0.394	1.013	899.174
172.501	237.822	80.052	19.981	100.741	19.959	0.388	1.003	899.182
173.001	238.323	80.052	19.981	100.740	19.956	0.395	1.005	899.178
173.501	238.822	80.051	19.982	100.737	19.950	0.403	0.999	899.169
174.001	239.338	80.056	19.982	100.731	19.952	0.399	1.014	899.174
174.501	239.805	80.055	19.981	100.721	19.952	0.399	0.982	899.188
175.001	240.319	80.053	19.981	100.721	19.951	0.403	0.981	899.190
175.501	240.852	80.051	19.980	100.714	19.948	0.408	1.048	899.202
176.002	241.358	80.051	19.981	100.711	19.948	0.409	1.038	899.220
176.502	241.856	80.054	19.980	100.711	19.946	0.414	1.004	899.192
177.001	242.356	80.055	19.979	100.714	19.944	0.418	0.999	899.207
177.501	242.853	80.055	19.980	100.708	19.942	0.422	0.997	899.230
178.001	243.357	80.057	19.981	100.705	19.941	0.423	1.001	899.178
178.501	243.864	80.056	19.980	100.702	19.944	0.417	1.011	899.220
179.001	244.370	80.054	19.979	100.701	19.938	0.429	1.013	899.191
179.501	244.886	80.059	19.979	100.697	19.938	0.429	1.022	899.210
180.001	245.360	80.057	19.980	100.695	19.939	0.430	0.990	899.245
180.501	245.868	80.056	19.980	100.697	19.937	0.433	0.983	899.200
181.001	246.400	80.054	19.979	100.700	19.937	0.436	1.040	899.205
181.501	246.908	80.054	19.979	100.699	19.937	0.436	1.040	899.205
182.001	247.413	80.055	19.980	100.699	19.935	0.438	1.013	899.220
182.501	247.887	80.054	19.980	100.699	19.936	0.434	0.979	899.209
183.001	248.392	80.056	19.981	100.695	19.935	0.435	0.978	899.195
183.501	248.898	80.058	19.982	100.690	19.935	0.433	1.011	899.228
184.001	249.416	80.057	19.981	100.683	19.934	0.435	1.024	899.225
184.501	249.898	80.055	19.981	100.682	19.930	0.443	0.999	899.245
185.002	250.431	80.056	19.981	100.681	19.936	0.432	1.014	899.232
185.502	250.954	80.055	19.981	100.686	19.932	0.440	1.057	899.258
186.001	251.415	80.054	19.982	100.688	19.936	0.432	0.985	899.242
186.502	251.926	80.054	19.981	100.688	19.933	0.438	0.972	899.268
187.002	252.431	80.053	19.981	100.681	19.934	0.438	1.016	899.241
187.502	252.945	80.056	19.982	100.673	19.932	0.441	1.019	899.234
188.001	253.425	80.055	19.980	100.666	19.930	0.446	0.994	899.270
188.501	253.932	80.054	19.980	100.663	19.927	0.452	0.987	899.275
189.001	254.440	80.056	19.980	100.666	19.926	0.454	1.016	899.280
189.501	254.951	80.054	19.981	100.672	19.927	0.452	1.018	899.270
190.001	255.472	80.055	19.980	100.683	19.927	0.449	1.032	899.286
190.501	255.966	80.059	19.979	100.685	19.924	0.452	1.015	899.221
191.002	256.446	80.058	19.979	100.685	19.923	0.451	0.974	899.293
191.502	256.949	80.057	19.980	100.682	19.929	0.440	0.983	899.260
192.002	257.464	80.057	19.980	100.678	19.926	0.444	1.017	899.260
192.502	257.970	80.056	19.979	100.679	19.924	0.447	1.020	899.263
193.002	258.474	80.058	19.980	100.684	19.930	0.439	1.010	899.288
193.501	258.983	80.054	19.979	100.686	19.927	0.445	1.013	899.279
194.001	259.472	80.054	19.980	100.684	19.928	0.445	0.999	899.292
194.501	259.995	80.055	19.980	100.678	19.929	0.443	1.013	899.250
195.001	260.465	80.054	19.980	100.672	19.929	0.445	0.992	899.264
195.502	260.948	80.054	19.980	100.664	19.926	0.450	0.953	899.260
196.002	261.456	80.055	19.978	100.663	19.923	0.453	0.991	899.269
196.502	261.976	80.057	19.978	100.668	19.923	0.451	1.029	899.252
197.001	262.465	80.055	19.979	100.677	19.925	0.448	1.010	899.276
197.501	262.986	80.054	19.979	100.679	19.922	0.451	1.010	899.248
198.001	263.476	80.055	19.979	100.688	19.923	0.447	1.010	899.278
198.501	264.029	80.058	19.979	100.694	19.920	0.450	1.042	899.256
199.002	264.490	80.055	19.978	100.698	19.922	0.448	1.015	899.279
199.501	265.004	80.054	19.978	100.702	19.923	0.447	0.975	899.283
200.001	265.540	80.055	19.980	100.702	19.920	0.452	1.049	899.283
200.502	266.010	80.054	19.980	100.692	19.918	0.456	1.007	899.253
201.001	266.509	80.055	19.980	100.687	19.916	0.462	0.969	899.297
201.502	266.994	80.057	19.980	100.688	19.918	0.461	0.983	899.314
202.002	267.507	80.055	19.980	100.683	19.914	0.465	0.997	899.276
202.502	267.990	80.055	19.980	100.682	19.908	0.475	0.997	899.279
203.002	268.492	80.055	19.980	100.683	19.910	0.471	0.986	899.291
203.501	269.020	80.057	19.980	100.687	19.907	0.476	1.031	899.269
204.001	269.531	80.058	19.980	100.691	19.904	0.479	1.039	899.303
204.501	269.998	80.056	19.980	100.695	19.907	0.473	0.978	899.308
205.001	270.519	80.056	19.979	100.699	19.904	0.478	0.987	899.305
205.502	271.025	80.057	19.980	100.712	19.900	0.488	1.026	899.327
206.002	271.522	80.058	19.980	100.714	19.901	0.485	1.003	899.302
206.502	271.995	80.060	19.980	100.707	19.898	0.489	0.971	899.272
207.001	272.509	80.061	19.979	100.707	19.898	0.489	0.987	899.288
207.502	273.002	80.060	19.979	100.707	19.891	0.503	1.007	899.290
208.002	273.493	80.059	19.979	100.700	19.894	0.501	0.985	899.320
208.501	274.036	80.057	19.978	100.694	19.889	0.509	1.034	899.329
209.001	274.531	80.056	19.978	100.694	19.887	0.512	1.038	899.296
209.501	275.038	80.057	19.978	100.697	19.883	0.521	1.001	899.351
210.002	275.512	80.057	19.980	100.700	19.878	0.531	0.980	899.339
210.502	276.031	80.059	19.979	100.701	19.879	0.530	0.993	899.349
211.002	276.549	80.060	19.980	100.704	19.876	0.533	1.037	899.359
211.502	277.026	80.058	19.979	100.709	19.875	0.534	0.995	899.322
212.001	277.538	80.061	19.979	100.710	19.870	0.542	0.990	899.351
212.501	278.026	80.061	19.978	100.709	19.870	0.542	1.000	899.340
213.002	278.545	80.060	19.978	100.702	19.869	0.544	1.006	899.336
213.502	279.026	80.060	19.978	100.703	19.862	0.554	0.999	899.347
214.002	279.527	80.058	19.979	100.706	19.861	0.557	0.982	899.351
214.502	280.061	80.060	19.978	100.706	19.858	0.561	1.036	899.344
215.002	280.535	80.060	19.978	100.701	19.856	0.564	1.009	899.330
215.501	281.017	80.059	19.978	100.699	19.854	0.568	0.956	899.379
216.002	281.578	80.059	19.979	100.696	19.853	0.568	1.042	899.317
216.502	282.056	80.058	19.980	100.685	19.847	0.580	1.039	899.366
217.001	282.556	80.057	19.981	100.678	19.844	0.584	0.978	899.347
217.502	283.052	80.061	19.981	100.682	19.843	0.586	0.996	899.331
218.002	283.570	80.060	19.980	100.686	19.839	0.592	1.014	899.375
218.502	284.062	80.060	19.979	100.687	19.838	0.595	1.009	899.348
219.002	284.526	80.057	19.980	100.689	19.834	0.602	0.955	899.358
219.502	285.043	80.057	19.981	100.690	19.829	0.610	0.981	899.370
220.002	285.556	80.059	19.979	100.692	19.827	0.615	1.030	899.341
220.502	286.050	80.059	19.980	100.691	19.824	0.622	1.008	899.371
221.001	286.586	80.059	19.980	100.697	19.821	0.629	1.031	899.363
221.501	287.068	80.058	19.979	100.694	19.820	0.631	1.017	899.387
222.001	287.563	80.057	19.980	100.693	19.817	0.634	0.977	899.387
222.501	288.069	80.056	19.979	100.694	19.816	0.636	1.001	899.392
223.002	288.570	80.060	19.979	100.696	19.813	0.641	1.007	899.379
223.502	289.066	80.059	19.980	100.696	19.808	0.645	0.996	899.388
224.002	289.583	80.057	19.979	100.698	19.807	0.647	1.013	899.403
224.502	290.073	80.058	19.979	100.697	19.799	0.662	1.008	899.419
225.001	290.570	80.057	19.980	100.697	19.799	0.662	0.987	899.399
225.501	291.106	80.058	19.979	100.700	19.795	0.669	1.033	899.384
226.001	291.550	80.057	19.979	100.696	19.793	0.673	0.980	899.359
226.501	292.068	80.056	19.980	100.696	19.789	0.680	0.962	899.385
227.001	292.579	80.057	19.978	100.697	19.789	0.682	1.029	899.399
227.502	293.084	80.056	19.979	100.689	19.786	0.687	1.015	899.407
228.002	293.548	80.057	19.979	100.679	19.781	0.692	0.968	899.424
228.502	294.080	80.060	19.979	100.678	19.777	0.701	0.997	899.385
229.002	294.554	80.058	19.978	100.680	19.775	0.704	1.006	899.383
229.502	295.090	80.057	19.978	100.682	19.772	0.710	1.010	899.366
230.002	295.569	80.056	19.978	100.686	19.768	0.717	1.014	899.396
230.502	296.077	80.055	19.979	100.693	19.766	0.720	0.987	899.373
231.002	296.587	80.056	19.978	100.699	19.764	0.724	1.018	899.381
231.502	297.066	80.057	19.979	100.702	19.759	0.731	0.989	899.413
232.002	297.589	80.057	19.979	100.694	19.758	0.733	1.002	899.398
232.503	298.092	80.057	19.979	100.691	19.756	0.736	1.026	899.372
233.002	298.615	80.058	19.979	100.692	19.751	0.744	1.027	899.405
233.502	299.117	80.060	19.981	100.688	19.748	0.750	1.025	899.391
234.002	299.607	80.059	19.980	100.686	19.746	0.755	0.992	899.413
234.502	300.092	80.058	19.979	100.689	19.738	0.770	0.975	899.413
235.002	300.601	80.058	19.979	100.690	19.739	0.767	0.994	899.402
235.502	301.131	80.056	19.979	100.692	19.734	0.777	1.039	899.387
236.002	301.588	80.058	19.981	100.690	19.731	0.783	0.987	899.382
236.502	302.104	80.059	19.980	100.686	19.726	0.790	0.973	899.416
237.002	302.587	80.056	19.981	100.690	19.722	0.796	1.000	899.394
237.502	303.081	80.056	19.981	100.689	19.720	0.798	0.978	899.394
238.002	303.603	80.059	19.980	100.689	19.715	0.808	1.015	899.411
238.503	304.104	80.058	19.980	100.692	19.714	0.809	1.022	899.366
239.003	304.595	80.059	19.981	100.693	19.710	0.814	0.992	899.416
239.502	305.117	80.059	19.980	100.691	19.708	0.818	1.013	899.395
240.002	305.618	80.057	19.980	100.696	19.702	0.829	1.024	899.396
240.502	306.103	80.057	19.979	100.691	19.701	0.830	0.987	899.399
241.002	306.618	80.056	19.980	100.689	19.693	0.840	1.000	899.410
241.502	307.098	80.058	19.981	100.687	19.692	0.843	0.995	899.423
242.002	307.620	80.059	19.980	100.681	19.682	0.861	1.002	899.417
242.502	308.101	80.056	19.981	100.682	19.678	0.869	1.003	899.374
243.002	308.591	80.057	19.981	100.681	19.674	0.876	0.971	899.395
243.502	309.070	80.057	19.979	100.679	19.672	0.883	0.969	899.398
244.002	309.546	80.056	19.979	100.682	19.664	0.897	0.954	899.409
244.502	310.081	80.057	19.980	100.688	19.657	0.908	1.011	899.416
245.002	310.608	80.058	19.980	100.685	19.654	0.910	1.062	899.436
245.502	311.090	80.058	19.979	100.688	19.648	0.917	1.009	899.411
246.002	311.579	80.057	19.979	100.689	19.642	0.924	0.971	899.401
246.502	312.111	80.054	19.978	100.691	19.636	0.931	1.021	899.404
247.003	312.593	80.056	19.979	100.692	19.628	0.943	1.014	899.399
247.502	313.068	80.057	19.979	100.691	19.626	0.946	0.957	899.391
248.002	313.607	80.057	19.978	100.696	19.616	0.962	1.014	899.391
248.502	314.088	80.060	19.978	100.704	19.608	0.976	1.020	899.402
249.002	314.582	80.059	19.978	100.700	19.601	0.987	0.975	899.410
249.502	315.103	80.059	19.978	100.696	19.594	0.999	1.015	899.397
250.002	315.603	80.059	19.979	100.693	19.588	1.010	1.022	899.422
250.502	316.113	80.059	19.979	100.686	19.578	1.026	1.010	899.423
251.002	316.584	80.059	19.978	100.674	19.570	1.038	0.981	899.437
251.502	317.113	80.059	19.978	100.674	19.561	1.052	1.000	899.417
252.002	317.595	80.058	19.979	100.684	19.550	1.070	1.010	899.428
252.502	318.100	80.060	19.980	100.694	19.540	1.085	0.986	899.441
253.002	318.595	80.062	19.979	100.704	19.532	1.098	0.999	899.427
253.503	319.096	80.060	19.979	100.718	19.520	1.120	0.997	899.458
254.002	319.609	80.061	19.980	100.726	19.511	1.134	1.014	899.413
254.502	320.102	80.061	19.979	100.727	19.499	1.155	1.006	899.432
255.002	320.622	80.061	19.979	100.728	19.487	1.175	1.013	899.440
255.503	321.107	80.063	19.980	100.729	19.476	1.191	1.004	899.457
256.003	321.589	80.062	19.979	100.728	19.465	1.206	0.968	899.450
256.502	322.093	80.060	19.979	100.733	19.456	1.219	0.986	899.433
257.002	322.581	80.059	19.979	100.734	19.441	1.244	0.991	899.441
257.502	323.126	80.059	19.979	100.731	19.425	1.267	1.034	899.449
258.002	323.639	80.060	19.979	100.735	19.409	1.294	1.058	899.444
258.502	324.116	80.060	19.980	100.740	19.393	1.321	0.990	899.449
259.002	324.614	80.058	19.979	100.741	19.376	1.352	0.975	899.472
259.503	325.127	80.062	19.979	100.745	19.365	1.371	1.010	899.474
260.003	325.597	80.062	19.980	100.752	19.347	1.398	0.983	899.465
260.503	326.122	80.060	19.979	100.752	19.328	1.432	0.995	899.456
261.003	326.593	80.062	19.980	100.751	19.312	1.460	0.997	899.457
261.502	327.090	80.062	19.981	100.751	19.296	1.490	0.969	899.462
262.002	327.609	80.061	19.980	100.750	19.275	1.526	1.016	899.496
262.502	328.110	80.059	19.979	100.751	19.254	1.564	1.020	899.445
263.002	328.598	80.062	19.979	100.761	19.234	1.600	0.989	899.467
263.502	329.108	80.062	19.980	100.780	19.215	1.632	0.998	899.478
264.002	329.611	80.061	19.981	100.788	19.193	1.669	1.013	899.485
264.502	330.088	80.060	19.980	100.792	19.171	1.702	0.980	899.472
265.002	330.620	80.061	19.981	100.798	19.152	1.734	1.008	899.436
265.502	331.078	80.059	19.981	100.796	19.129	1.770	0.989	899.494
266.003	331.621	80.060	19.981	100.787	19.107	1.806	1.000	899.496
266.503	332.107	80.062	19.981	100.788	19.085	1.842	1.031	899.504
267.002	332.584	80.060	19.982	100.798	19.060	1.883	0.964	899.499
267.502	333.102	80.059	19.982	100.801	19.031	1.933	0.995	899.516
268.002	333.630	80.059	19.982	100.799	19.008	1.972	1.046	899.511
268.502	334.097	80.058	19.981	100.793	18.980	2.021	0.995	899.498
269.002	334.623	80.060	19.981	100.782	18.955	2.064	0.993	899.502
269.502	335.113	80.057	19.981	100.777	18.926	2.111	1.016	899.474
270.002	335.588	80.056	19.980	100.769	18.898	2.161	0.965	899.482
270.502	336.064	80.059	19.979	100.765	18.873	2.203	0.951	899.526
271.002	336.600	80.058	19.980	100.767	18.846	2.248	1.012	899.552
271.502	337.097	80.059	19.979	100.776	18.817	2.300	1.032	899.517
272.003	337.627	80.061	19.980	100.780	18.790	2.343	1.026	899.501
272.503	338.097	80.060	19.980	100.792	18.757	2.398	1.000	899.521
273.002	338.582	80.059	19.980	100.800	18.725	2.449	0.956	899.523
273.502	339.094	80.059	19.980	100.807	18.695	2.500	0.997	899.527
274.002	339.611	80.059	19.979	100.808	18.663	2.553	1.028	899.486
274.503	340.097	80.061	19.980	100.806	18.632	2.606	1.002	899.539
275.003	340.617	80.059	19.981	100.801	18.598	2.664	1.007	899.551
275.502	341.116	80.057	19.980	100.802	18.563	2.723	1.019	899.573
276.002	341.592	80.059	19.981	100.801	18.531	2.776	0.975	899.558
276.503	342.100	80.059	19.982	100.803	18.496	2.834	0.984	899.554
277.003	342.597	80.059	19.980	100.802	18.458	2.896	1.005	899.526
277.502	343.105	80.061	19.980	100.801	18.424	2.951	1.005	899.560
278.003	343.566	80.059	19.980	100.798	18.391	3.004	0.969	899.570
278.503	344.091	80.059	19.980	100.796	18.354	3.068	0.987	899.562
279.003	344.590	80.059	19.980	100.793	18.319	3.125	1.024	899.539
279.503	345.062	80.059	19.979	100.800	18.278	3.194	0.972	899.547
280.002	345.604	80.060	19.980	100.807	18.244	3.250	1.014	899.538
280.502	346.100	80.057	19.979	100.813	18.205	3.319	1.037	899.545
281.002	346.572	80.058	19.980	100.820	18.163	3.391	0.969	899.588
281.502	347.104	80.058	19.978	100.825	18.124	3.455	1.004	899.577
282.002	347.635	80.057	19.979	100.813	18.082	3.526	1.063	899.561
282.502	348.067	80.060	19.979	100.812	18.043	3.592	0.963	899.607
283.002	348.583	80.062	19.980	100.813	18.004	3.658	0.948	899.566
283.502	349.099	80.061	19.981	100.815	17.960	3.732	1.032	899.587
284.003	349.574	80.059	19.980	100.824	17.920	3.797	0.990	899.572
284.503	350.078	80.059	19.980	100.834	17.873	3.874	0.979	899.580
285.003	350.585	80.060	19.979	100.843	17.832	3.943	1.012	899.579
285.502	351.067	80.061	19.978	100.847	17.788	4.016	0.990	899.595
286.003	351.589	80.060	19.980	100.848	17.742	4.092	1.004	899.590
286.502	352.091	80.062	19.979	100.850	17.701	4.161	1.024	899.584
287.002	352.584	80.062	19.978	100.854	17.657	4.236	0.995	899.615
287.502	353.056	80.059	19.979	100.852	17.613	4.313	0.965	899.600
288.003	353.608	80.062	19.979	100.846	17.567	4.390	1.023	899.599
288.503	354.076	80.063	19.979	100.846	17.522	4.467	1.021	899.597
289.002	354.593	80.061	19.980	100.847	17.475	4.546	0.986	899.619
289.502	355.087	80.058	19.979	100.846	17.431	4.621	1.010	899.586
290.002	355.576	80.058	19.979	100.845	17.383	4.703	0.982	899.643
290.503	356.060	80.059	19.979	100.847	17.340	4.775	0.974	899.608
291.003	356.558	80.060	19.979	100.849	17.292	4.854	0.982	899.647
291.503	357.056	80.056	19.980	100.856	17.247	4.929	0.995	899.622
292.003	357.574	80.058	19.980	100.865	17.195	5.015	1.016	899.642
292.503	358.064	80.056	19.978	100.868	17.148	5.093	1.009	899.627
293.003	358.587	80.056	19.980	100.871	17.107	5.161	1.013	899.653
293.502	359.047	80.060	19.980	100.871	17.061	5.237	0.983	899.644
294.003	359.533	80.060	19.980	100.865	17.014	5.315	0.945	899.637
294.503	360.077	80.059	19.981	100.862	16.969	5.390	1.030	899.640
295.003	360.543	80.060	19.980	100.861	16.921	5.470	1.010	899.615
295.503	361.033	80.058	19.981	100.857	16.875	5.547	0.956	899.614
296.003	361.558	80.060	19.980	100.856	16.825	5.630	1.016	899.639
296.502	362.056	80.060	19.980	100.851	16.782	5.700	1.023	899.674
297.002	362.521	80.059	19.980	100.844	16.736	5.776	0.963	899.654
297.502	363.037	80.060	19.980	100.844	16.688	5.852	0.981	899.663
298.003	363.514	80.059	19.979	100.848	16.644	5.922	0.992	899.640
298.503	364.033	80.059	19.980	100.851	16.593	6.006	0.996	899.612
299.003	364.539	80.062	19.981	100.857	16.546	6.080	1.025	899.669
299.503	365.051	80.061	19.981	100.860	16.498	6.157	1.018	899.639
300.003	365.546	80.059	19.981	100.862	16.450	6.234	1.008	899.660
300.502	366.065	80.059	19.981	100.868	16.398	6.317	1.014	899.693
301.003	366.547	80.057	19.980	100.873	16.344	6.404	1.000	899.655
301.503	367.055	80.060	19.979	100.875	16.292	6.484	0.990	899.660
302.003	367.545	80.059	19.980	100.875	16.237	6.571	0.998	899.680
302.503	368.046	80.057	19.980	100.877	16.177	6.666	0.991	899.694
303.003	368.545	80.058	19.980	100.877	16.115	6.765	1.001	899.701
303.503	369.060	80.056	19.980	100.879	16.046	6.881	1.014	899.691
304.003	369.545	80.056	19.980	100.885	15.986	6.981	0.999	899.730
304.503	370.035	80.059	19.981	100.896	15.929	7.076	0.975	899.671
305.003	370.547	80.058	19.980	100.910	15.869	7.180	1.002	899.669
305.503	371.060	80.057	19.981	100.924	15.804	7.286	1.025	899.688
306.003	371.535	80.056	19.981	100.933	15.736	7.401	0.989	899.735
306.503	372.045	80.055	19.980	100.946	15.651	7.543	0.985	899.684
307.003	372.565	80.055	19.980	100.957	15.556	7.702	1.030	899.695
307.503	373.041	80.056	19.980	100.966	15.456	7.868	0.995	899.707
308.003	373.549	80.055	19.981	100.984	15.371	8.008	0.983	899.705
308.503	374.025	80.057	19.981	101.007	15.293	8.140	0.985	899.694
309.003	374.523	80.056	19.979	101.030	15.228	8.249	0.975	899.690
309.503	375.026	80.057	19.979	101.053	15.181	8.326	1.002	899.699
310.002	375.508	80.061	19.979	101.069	15.141	8.388	0.986	899.691
310.503	376.010	80.058	19.979	101.081	15.094	8.461	0.984	899.684
311.002	376.531	80.056	19.980	101.079	15.030	8.563	1.022	899.723
311.502	377.011	80.056	19.980	101.076	14.957	8.680	1.000	899.677
312.003	377.511	80.055	19.979	101.067	14.886	8.796	0.979	899.713
312.503	378.009	80.056	19.979	101.057	14.818	8.908	0.998	899.714
313.003	378.458	80.055	19.979	101.059	14.746	9.026	0.948	899.711
313.503	378.982	80.056	19.978	101.064	14.659	9.169	0.973	899.729
314.003	379.469	80.058	19.979	101.060	14.583	9.296	1.011	899.716
314.503	379.948	80.058	19.979	101.060	14.527	9.387	0.966	899.718
315.003	380.455	80.057	19.979	101.062	14.464	9.486	0.986	899.716
315.503	380.924	80.058	19.979	101.058	14.383	9.615	0.976	899.731
316.003	381.435	80.057	19.978	101.051	14.281	9.784	0.979	899.749
316.503	381.945	80.056	19.979	101.043	14.181	9.946	1.021	899.714
317.003	382.448	80.055	19.980	101.053	14.093	10.087	1.013	899.720
317.503	382.950	80.054	19.980	101.075	14.046	10.162	1.005	899.733
318.003	383.437	80.055	19.980	101.093	13.988	10.250	0.989	899.724
318.503	383.909	80.054	19.980	101.119	13.891	10.404	0.960	899.731
319.003	384.425	80.053	19.980	101.151	13.772	10.600	0.988	899.728
319.503	384.926	80.055	19.981	101.144	13.655	10.796	1.016	899.734
320.004	385.413	80.054	19.980	101.134	13.553	10.964	0.988	899.719
320.503	385.912	80.054	19.979	101.135	13.454	11.125	0.987	899.719
321.002	386.415	80.056	19.981	101.140	13.370	11.253	1.002	899.771
321.503	386.915	80.056	19.980	101.136	13.294	11.361	1.002	899.755
322.003	387.405	80.057	19.980	101.158	13.188	11.506	0.990	899.762
322.503	387.889	80.055	19.979	101.186	13.077	11.669	0.975	899.748
323.003	388.398	80.056	19.979	101.196	12.962	11.852	0.993	899.761
323.502	388.861	80.057	19.979	101.194	12.852	12.030	0.972	899.754
324.002	389.383	80.056	19.978	101.214	12.775	12.163	0.985	899.769
324.502	389.874	80.056	19.980	101.227	12.747	12.229	1.013	899.779
325.003	390.370	80.058	19.981	101.240	12.725	12.264	0.986	899.783
325.503	390.855	80.055	19.980	101.276	12.645	12.385	0.981	899.784
326.003	391.374	80.056	19.980	101.319	12.479	12.664	1.004	899.780
326.503	391.832	80.055	19.981	101.310	12.188	13.163	0.977	899.806
327.003	392.344	80.055	19.980	101.287	11.821	13.767	0.971	899.749
327.502	392.843	80.054	19.980	101.284	11.461	14.346	1.011	899.789
328.002	393.323	80.054	19.981	101.274	11.255	14.689	0.979	899.789
328.503	393.808	80.055	19.980	101.323	11.202	14.785	0.966	899.773
329.003	394.281	80.055	19.980	101.474	11.247	14.697	0.957	899.756
329.503	394.792	80.055	19.980	101.650	11.319	14.528	0.982	899.786
330.004	395.258	80.057	19.980	101.740	11.294	14.574	0.977	899.784
330.503	395.788	80.056	19.981	101.761	11.049	15.000	0.997	899.796
331.003	396.290	80.056	19.980	101.720	10.706	15.584	1.032	899.810
331.503	396.772	80.059	19.980	101.624	10.512	15.926	0.984	899.804
332.003	397.252	80.058	19.979	101.496	10.509	15.957	0.963	899.801
332.503	397.767	80.057	19.980	101.551	10.505	16.010	0.995	899.783
333.003	398.270	80.054	19.979	101.668	10.359	16.256	1.018	899.798
333.503	398.778	80.054	19.979	101.628	10.150	16.583	1.012	899.805
334.003	399.236	80.055	19.979	101.479	10.005	16.808	0.966	899.822
334.503	399.743	80.057	19.979	101.474	9.904	16.977	0.964	899.813
335.003	400.266	80.056	19.978	101.390	9.738	17.253	1.030	899.810
335.503	400.739	80.056	19.978	101.325	9.478	17.674	0.997	899.830
336.003	401.243	80.055	19.980	101.416	9.271	18.002	0.978	899.792
336.503	401.746	80.055	19.980	101.622	9.217	18.087	1.007	899.822
337.003	402.240	80.058	19.980	101.854	9.294	17.963	0.996	899.826
337.503	402.746	80.057	19.980	101.767	9.386	17.796	1.001	899.836
338.003	403.248	80.056	19.980	101.546	9.417	17.735	1.008	899.830
338.503	403.728	80.056	19.981	101.353	9.369	17.808	0.981	899.830
339.003	404.252	80.056	19.982	101.127	9.257	17.989	1.003	899.831
339.503	404.707	80.056	19.981	100.784	9.147	18.169	0.979	899.835
340.004	405.216	80.055	19.981	100.715	9.119	18.221	0.965	899.847
340.503	405.735	80.054	19.980	100.736	9.151	18.174	1.027	899.817
341.003	406.251	80.056	19.980	100.758	9.202	18.092	1.034	899.831
341.504	406.713	80.056	19.981	100.841	9.247	18.014	0.979	899.834
342.003	407.213	80.057	19.981	100.748	9.277	17.966	0.963	899.809
342.503	407.745	80.058	19.981	100.659	9.279	17.962	1.033	899.830
343.003	408.259	80.057	19.980	100.616	9.278	17.968	1.045	899.785
343.503	408.763	80.055	19.980	100.612	9.289	17.954	1.017	899.828
344.003	409.253	80.056	19.980	100.572	9.328	17.897	0.995	899.816
344.503	409.749	80.055	19.982	100.740	9.383	17.810	0.986	899.820
345.003	410.231	80.057	19.982	100.894	9.438	17.720	0.978	899.802
345.503	410.775	80.057	19.981	100.966	9.499	17.619	1.026	899.826
346.003	411.277	80.058	19.981	100.923	9.558	17.520	1.046	899.867
346.503	411.763	80.060	19.979	100.898	9.618	17.423	0.988	899.848
347.003	412.287	80.059	19.981	100.800	9.687	17.308	1.009	899.861
347.503	412.767	80.059	19.981	100.750	9.762	17.189	1.004	899.843
348.004	413.299	80.060	19.980	100.762	9.835	17.072	1.013	899.824
348.503	413.801	80.059	19.981	100.823	9.908	16.953	1.035	899.843
349.003	414.328	80.057	19.980	100.861	9.991	16.821	1.029	899.867
349.503	414.833	80.056	19.980	100.872	10.081	16.676	1.032	899.863
350.003	415.371	80.056	19.980	100.831	10.178	16.521	1.042	899.885
350.503	415.859	80.057	19.980	100.786	10.293	16.337	1.026	899.869
351.004	416.365	80.057	19.979	100.752	10.417	16.136	0.994	899.875
351.503	416.853	80.057	19.980	100.724	10.549	15.924	0.994	899.883
352.003	417.365	80.059	19.980	100.742	10.689	15.694	1.000	899.856
352.503	417.907	80.055	19.980	100.778	10.839	15.448	1.054	899.905
353.003	418.414	80.057	19.980	100.805	10.999	15.188	1.049	899.883
353.503	418.894	80.057	19.979	100.827	11.172	14.903	0.987	899.870
354.003	419.417	80.056	19.980	100.845	11.344	14.619	1.004	899.870
354.503	419.934	80.058	19.979	100.864	11.529	14.315	1.040	899.875
355.003	420.456	80.056	19.979	100.862	11.724	13.993	1.039	899.892
355.503	420.976	80.057	19.980	100.864	11.921	13.669	1.042	899.924
356.003	421.465	80.057	19.980	100.868	12.122	13.336	1.009	899.911
356.503	422.029	80.056	19.978	100.868	12.323	13.005	1.054	899.912
357.003	422.513	80.057	19.978	100.862	12.528	12.667	1.047	899.902
357.503	423.048	80.059	19.979	100.873	12.736	12.322	1.019	899.900
358.003	423.566	80.058	19.979	100.870	12.948	11.973	1.053	899.915
358.503	424.095	80.059	19.980	100.876	13.157	11.625	1.047	899.911
359.003	424.591	80.060	19.979	100.892	13.367	11.274	1.026	899.939
359.503	425.094	80.058	19.979	100.916	13.572	10.931	0.999	899.928
360.003	425.611	80.056	19.980	100.940	13.779	10.582	1.019	899.915
360.503	426.156	80.056	19.979	100.969	13.982	10.239	1.062	899.900
361.003	426.650	80.055	19.980	101.000	14.179	9.905	1.038	899.910
361.504	427.155	80.056	19.980	101.035	14.375	9.571	0.998	899.922
362.004	427.659	80.054	19.980	101.060	14.566	9.246	1.009	899.945
362.504	428.195	80.057	19.980	101.089	14.751	8.929	1.041	899.937
363.003	428.730	80.058	19.979	101.128	14.940	8.606	1.072	899.947
363.503	429.231	80.057	19.980	101.150	15.124	8.290	1.036	899.944
364.003	429.719	80.057	19.980	101.165	15.302	7.989	0.989	899.955
364.503	430.254	80.057	19.979	101.182	15.474	7.698	1.022	899.951
365.003	430.795	80.057	19.979	101.197	15.646	7.408	1.076	899.964
365.503	431.299	80.057	19.981	101.218	15.813	7.125	1.046	899.950
366.003	431.793	80.055	19.979	101.242	15.982	6.842	0.997	899.959
366.503	432.311	80.056	19.980	101.276	16.140	6.575	1.011	899.956
367.004	432.839	80.057	19.980	101.312	16.298	6.306	1.046	899.972
367.504	433.348	80.054	19.980	101.347	16.448	6.051	1.038	899.958
368.004	433.848	80.056	19.980	101.380	16.597	5.800	1.009	899.980
368.503	434.358	80.056	19.979	101.422	16.742	5.555	1.010	899.957
369.003	434.847	80.054	19.979	101.466	16.879	5.326	1.000	899.986
369.503	435.355	80.056	19.980	101.507	17.013	5.100	0.997	899.965
370.003	435.860	80.056	19.979	101.548	17.139	4.889	1.012	899.993
370.504	436.368	80.056	19.979	101.590	17.267	4.674	1.013	899.971
371.003	436.863	80.054	19.980	101.620	17.384	4.477	1.003	899.993
371.503	437.383	80.054	19.979	101.633	17.500	4.282	1.015	899.982
372.003	437.894	80.053	19.979	101.644	17.612	4.094	1.030	899.982
372.503	438.382	80.053	19.980	101.651	17.719	3.915	0.999	899.993
373.003	438.941	80.052	19.980	101.653	17.824	3.741	1.047	899.956
373.503	439.434	80.054	19.980	101.659	17.924	3.579	1.051	899.992
374.003	439.924	80.055	19.979	101.670	18.022	3.422	0.983	899.997
374.503	440.434	80.053	19.980	101.683	18.111	3.280	1.000	900.005
375.003	440.945	80.056	19.981	101.692	18.197	3.144	1.020	900.017
375.503	441.456	80.057	19.980	101.693	18.282	3.016	1.022	900.018
376.003	441.951	80.056	19.980	101.688	18.359	2.894	1.007	900.049
376.503	442.472	80.054	19.980	101.679	18.440	2.764	1.016	900.013
377.003	443.001	80.056	19.979	101.674	18.513	2.643	1.050	900.026
377.503	443.456	80.056	19.979	101.673	18.583	2.527	0.984	900.027
378.003	443.938	80.055	19.980	101.667	18.650	2.413	0.937	900.010
378.503	444.438	80.054	19.979	101.664	18.715	2.299	0.982	900.013
379.004	444.939	80.056	19.980	101.659	18.779	2.189	0.999	900.016
379.504	445.435	80.056	19.980	101.647	18.837	2.093	0.996	900.039
380.004	445.926	80.056	19.980	101.637	18.894	2.000	0.988	900.065
380.504	446.398	80.057	19.980	101.623	18.945	1.916	0.963	900.012
381.004	446.914	80.056	19.979	101.592	18.999	1.832	0.989	900.021
381.504	447.416	80.055	19.979	101.560	19.047	1.759	1.019	900.043
382.003	447.912	80.056	19.979	101.522	19.093	1.689	0.997	900.041
382.503	448.426	80.056	19.979	101.470	19.137	1.623	1.010	900.022
383.003	448.920	80.057	19.979	101.422	19.180	1.559	1.009	900.021
383.503	449.441	80.057	19.980	101.392	19.222	1.496	1.015	900.039
384.003	449.946	80.055	19.980	101.377	19.261	1.440	1.025	900.052
384.503	450.437	80.056	19.979	101.366	19.298	1.385	0.997	900.038
385.003	450.924	80.056	19.979	101.367	19.332	1.335	0.979	900.053
385.503	451.422	80.056	19.979	101.377	19.369	1.278	0.984	900.047
386.003	451.949	80.059	19.979	101.383	19.403	1.227	1.026	900.043
386.503	452.426	80.058	19.980	101.380	19.433	1.181	1.005	899.999
387.003	452.914	80.058	19.979	101.368	19.463	1.134	0.964	900.064
387.503	453.429	80.056	19.980	101.356	19.493	1.085	1.003	900.073
388.003	453.925	80.054	19.980	101.338	19.525	1.032	1.011	900.038
388.503	454.394	80.057	19.979	101.310	19.550	0.991	0.964	900.073
389.004	454.886	80.055	19.980	101.279	19.577	0.947	0.961	900.061
389.504	455.386	80.056	19.980	101.254	19.607	0.898	0.992	900.031
390.004	455.853	80.057	19.980	101.220	19.637	0.849	0.967	900.028
390.504	456.379	80.056	19.979	101.188	19.667	0.802	0.993	900.044
391.004	456.898	80.057	19.979	101.158	19.696	0.757	1.045	900.068
391.503	457.394	80.059	19.980	101.130	19.726	0.707	1.016	900.022
392.003	457.882	80.056	19.980	101.101	19.755	0.662	0.985	900.105
392.503	458.351	80.057	19.979	101.077	19.785	0.613	0.957	900.067
393.003	458.846	80.057	19.980	101.054	19.819	0.559	0.964	900.041
393.503	459.352	80.056	19.980	101.035	19.843	0.521	1.001	900.065
394.003	459.846	80.056	19.979	101.024	19.872	0.476	1.000	900.047
394.504	460.349	80.054	19.982	101.014	19.900	0.430	0.996	900.027
395.004	460.842	80.054	19.982	101.006	19.928	0.383	0.995	900.073
395.504	461.357	80.055	19.981	101.000	19.949	0.349	1.008	900.052
396.004	461.852	80.054	19.981	100.995	19.974	0.309	1.010	900.069
396.504	462.346	80.055	19.981	100.990	19.997	0.271	0.989	900.071
397.004	462.828	80.055	19.981	100.984	20.017	0.238	0.976	900.054
397.504	463.319	80.052	19.981	100.973	20.036	0.208	0.974	900.101
398.004	463.857	80.052	19.980	100.960	20.055	0.179	1.029	900.076
398.503	464.357	80.052	19.981	100.950	20.067	0.161	1.038	900.082
399.004	464.842	80.053	19.982	100.941	20.082	0.135	0.984	900.092
399.504	465.342	80.053	19.980	100.931	20.092	0.121	0.984	900.094
400.004	465.849	80.052	19.981	100.921	20.103	0.104	1.008	900.074
400.504	466.354	80.054	19.982	100.912	20.111	0.092	1.012	900.121
401.004	466.839	80.055	19.981	100.897	20.119	0.077	0.989	900.093
401.504	467.348	80.055	19.981	100.882	20.129	0.063	0.994	900.117
402.004	467.833	80.054	19.980	100.876	20.138	0.052	0.994	900.128
402.504	468.331	80.056	19.981	100.876	20.144	0.044	0.983	900.099
403.004	468.817	80.056	19.981	100.874	20.149	0.038	0.984	900.113
403.504	469.303	80.056	19.980	100.871	20.157	0.029	0.973	900.092
404.003	469.825	80.053	19.980	100.866	20.156	0.032	1.009	900.108
404.504	470.320	80.054	19.980	100.857	20.160	0.028	1.016	900.102
405.004	470.820	80.054	19.979	100.845	20.163	0.026	0.994	900.104
405.504	471.320	80.053	19.980	100.837	20.165	0.024	1.001	900.125
406.003	471.793	80.053	19.980	100.836	20.167	0.023	0.974	900.109
406.504	472.307	80.053	19.979	100.832	20.169	0.020	0.986	900.131
407.004	472.822	80.053	19.980	100.823	20.169	0.023	1.029	900.115
407.504	473.317	80.057	19.978	100.816	20.171	0.022	1.010	900.133
408.003	473.820	80.059	19.979	100.815	20.175	0.014	0.998	900.120
408.504	474.307	80.059	19.979	100.810	20.174	0.018	0.990	900.150
409.004	474.810	80.056	19.978	100.804	20.177	0.014	0.990	900.142
409.503	475.336	80.055	19.978	100.794	20.180	0.014	1.029	900.144
410.004	475.821	80.056	19.979	100.784	20.181	0.017	1.011	900.160
410.504	476.311	80.058	19.978	100.769	20.182	0.016	0.975	900.128
411.004	476.808	80.057	19.978	100.759	20.181	0.021	0.986	900.168
411.504	477.302	80.058	19.979	100.754	20.181	0.023	0.991	900.149
412.004	477.834	80.057	19.979	100.752	20.184	0.016	1.026	900.126
412.503	478.296	80.058	19.979	100.741	20.185	0.013	0.994	900.163
413.003	478.819	80.058	19.978	100.737	20.183	0.017	0.985	900.167
413.504	479.279	80.059	19.979	100.724	20.186	0.017	0.982	900.174
414.004	479.776	80.059	19.980	100.719	20.184	0.023	0.957	900.158
414.503	480.299	80.057	19.978	100.715	20.187	0.020	1.020	900.189
415.004	480.793	80.055	19.978	100.716	20.190	0.017	1.016	900.156
415.504	481.297	80.057	19.979	100.717	20.187	0.026	0.997	900.157
416.004	481.782	80.054	19.978	100.716	20.189	0.026	0.989	900.184
416.504	482.277	80.053	19.978	100.697	20.191	0.024	0.980	900.173
417.004	482.796	80.054	19.979	100.683	20.194	0.017	1.014	900.170
417.505	483.277	80.053	19.979	100.672	20.191	0.023	1.000	900.195
418.004	483.797	80.054	19.979	100.663	20.193	0.020	1.002	900.171
418.503	484.280	80.057	19.979	100.657	20.192	0.022	1.004	900.218
419.003	484.821	80.057	19.979	100.659	20.192	0.024	1.024	900.169
419.504	485.308	80.055	19.979	100.665	20.194	0.021	1.027	900.196
420.004	485.795	80.056	19.980	100.667	20.195	0.021	0.973	900.232
420.504	486.299	80.052	19.978	100.658	20.196	0.019	0.991	900.210
421.004	486.835	80.055	19.979	100.647	20.198	0.016	1.040	900.196
421.504	487.318	80.055	19.978	100.638	20.197	0.016	1.020	900.188
422.004	487.824	80.055	19.978	100.626	20.201	0.007	0.990	900.208
422.504	488.304	80.055	19.979	100.619	20.202	0.005	0.987	900.213
423.003	488.800	80.054	19.979	100.611	20.204	0.003	0.976	900.216
423.503	489.326	80.053	19.980	100.606	20.201	0.010	1.021	900.210
424.004	489.816	80.055	19.979	100.602	20.201	0.011	1.015	900.208
424.504	490.305	80.056	19.979	100.602	20.197	0.020	0.979	900.214
425.004	490.790	80.054	19.980	100.602	20.199	0.018	0.975	900.175
425.504	491.289	80.053	19.979	100.604	20.198	0.019	0.984	900.252
426.004	491.835	80.052	19.978	100.602	20.199	0.018	1.044	900.227
426.504	492.308	80.055	19.979	100.596	20.198	0.019	1.018	900.225
427.004	492.851	80.054	19.979	100.590	20.200	0.016	1.016	900.212
427.505	493.329	80.055	19.978	100.582	20.202	0.012	1.021	900.199
428.004	493.812	80.056	19.979	100.585	20.199	0.018	0.962	900.241
428.504	494.299	80.055	19.979	100.591	20.203	0.010	0.970	900.232
429.004	494.798	80.054	19.979	100.600	20.203	0.010	0.985	900.246
429.504	495.334	80.057	19.979	100.605	20.202	0.012	1.034	900.210
430.005	495.808	80.054	19.979	100.601	20.201	0.013	1.010	900.271
430.505	496.319	80.054	19.979	100.593	20.201	0.012	0.985	900.242
431.005	496.829	80.055	19.979	100.588	20.206	0.004	1.022	900.267
431.504	497.289	80.056	19.979	100.583	20.200	0.012	0.971	900.277
432.004	497.832	80.057	19.980	100.576	20.204	0.005	1.003	900.283
432.504	498.313	80.055	19.979	100.577	20.207	-0.000	1.024	900.262
433.004	498.813	80.056	19.978	100.579	20.204	0.004	0.981	900.275
433.504	499.302	80.058	19.979	100.576	20.204	0.006	0.989	900.272
434.004	499.790	80.057	19.979	100.575	20.206	0.002	0.977	900.256
434.504	500.291	80.056	19.979	100.578	20.202	0.010	0.989	900.287
435.004	500.803	80.056	19.978	100.578	20.208	0.002	1.013	900.246
435.504	501.301	80.055	19.978	100.580	20.204	0.010	1.010	900.263
436.004	501.816	80.056	19.978	100.582	20.205	0.008	1.014	900.299
436.503	502.315	80.056	19.979	100.582	20.201	0.015	1.014	900.270
437.004	502.784	80.054	19.978	100.583	20.205	0.009	0.967	900.268
437.504	503.310	80.057	19.979	100.583	20.204	0.013	0.995	900.328
438.004	503.804	80.055	19.978	100.585	20.205	0.010	1.020	900.286
438.504	504.311	80.059	19.977	100.587	20.206	0.009	1.000	900.275
439.004	504.804	80.057	19.978	100.588	20.207	0.008	1.000	900.299
439.504	505.313	80.056	19.978	100.591	20.205	0.011	1.002	900.316
440.004	505.784	80.057	19.978	100.593	20.209	0.006	0.980	900.289
440.504	506.288	80.058	19.978	100.588	20.210	0.003	0.975	900.301
441.004	506.767	80.056	19.978	100.589	20.208	0.005	0.983	900.310
441.505	507.243	80.056	19.978	100.588	20.212	-0.000	0.956	900.338
442.004	507.749	80.054	19.979	100.582	20.208	0.006	0.982	900.285
442.504	508.276	80.054	19.979	100.577	20.211	0.003	1.032	900.305
443.005	508.761	80.055	19.979	100.576	20.208	0.008	1.012	900.311
443.505	509.294	80.054	19.979	100.572	20.207	0.009	1.018	900.334
444.005	509.782	80.054	19.979	100.571	20.211	0.003	1.021	900.358
444.504	510.319	80.055	19.979	100.571	20.209	0.007	1.025	900.363
445.004	510.780	80.053	19.979	100.569	20.207	0.010	0.998	900.350
445.505	511.309	80.055	19.978	100.566	20.212	0.002	0.991	900.350
446.004	511.762	80.055	19.978	100.567	20.209	0.009	0.983	900.355
446.504	512.308	80.056	19.978	100.561	20.205	0.015	0.999	900.366
447.004	512.809	80.056	19.978	100.563	20.209	0.008	1.046	900.325
447.504	513.330	80.055	19.979	100.566	20.213	0.001	1.022	900.348
448.004	513.796	80.056	19.978	100.570	20.210	0.007	0.988	900.339
448.504	514.301	80.058	19.979	100.570	20.210	0.005	0.971	900.317
449.004	514.804	80.056	19.979	100.569	20.213	-0.001	1.007	900.377
449.504	515.337	80.057	19.979	100.564	20.210	0.005	1.037	900.372
450.004	515.810	80.057	19.979	100.559	20.209	0.006	1.006	900.400
450.504	516.284	80.055	19.979	100.558	20.213	0.000	0.946	900.374
451.004	516.810	80.058	19.979	100.560	20.211	0.003	1.000	900.356
451.504	517.329	80.057	19.978	100.560	20.210	0.005	1.045	900.378
452.004	517.820	80.056	19.979	100.560	20.212	0.002	1.011	900.380
452.504	518.296	80.056	19.979	100.558	20.214	-0.003	0.967	900.375
453.004	518.834	80.055	19.980	100.553	20.214	-0.004	1.014	900.427
453.504	519.321	80.057	19.979	100.548	20.214	-0.007	1.026	900.410
454.004	519.815	80.057	19.978	100.552	20.216	-0.009	0.980	900.400
454.504	520.325	80.055	19.979	100.554	20.214	-0.006	1.004	900.411
455.004	520.803	80.057	19.978	100.554	20.216	-0.008	0.989	900.417
455.504	521.318	80.054	19.979	100.554	20.212	-0.002	0.993	900.422
456.004	521.809	80.054	19.980	100.559	20.211	0.000	1.007	900.426
456.504	522.300	80.056	19.979	100.559	20.213	-0.001	0.981	900.413
457.004	522.782	80.057	19.979	100.558	20.213	0.001	0.972	900.399
457.505	523.313	80.057	19.979	100.561	20.210	0.004	1.014	900.386
458.004	523.813	80.056	19.977	100.563	20.214	-0.003	1.030	900.414
458.504	524.295	80.055	19.978	100.558	20.212	0.003	0.982	900.434
459.004	524.806	80.057	19.978	100.553	20.209	0.008	0.994	900.431
459.504	525.299	80.056	19.977	100.556	20.212	0.002	1.004	900.413
460.004	525.803	80.055	19.978	100.561	20.213	-0.001	0.996	900.460
460.505	526.311	80.056	19.978	100.568	20.215	-0.004	1.011	900.431
461.004	526.795	80.056	19.978	100.576	20.215	-0.006	0.992	900.447
461.505	527.311	80.057	19.980	100.576	20.216	-0.010	1.000	900.436
462.005	527.813	80.057	19.979	100.572	20.218	-0.014	1.019	900.442
462.504	528.321	80.057	19.979	100.567	20.215	-0.009	1.010	900.479
463.004	528.815	80.057	19.980	100.565	20.214	-0.007	1.002	900.460
463.504	529.306	80.056	19.979	100.562	20.212	-0.004	0.985	900.444
464.004	529.791	80.053	19.979	100.562	20.214	-0.006	0.976	900.466
464.505	530.318	80.055	19.978	100.558	20.217	-0.007	1.011	900.473
465.005	530.811	80.055	19.978	100.561	20.218	-0.007	1.020	900.485
465.505	531.313	80.053	19.980	100.556	20.218	-0.007	0.996	900.475
466.005	531.827	80.054	19.980	100.553	20.221	-0.012	1.016	900.502
466.505	532.346	80.053	19.980	100.557	20.218	-0.006	1.033	900.473
467.005	532.814	80.053	19.980	100.562	20.217	-0.003	0.987	900.495
467.505	533.328	80.056	19.980	100.557	20.220	-0.008	0.982	900.482
468.005	533.836	80.053	19.979	100.562	20.218	-0.003	1.023	900.474
468.504	534.333	80.054	19.978	100.568	20.219	-0.006	1.005	900.520
469.004	534.820	80.056	19.978	100.573	20.218	-0.003	0.983	900.521
469.505	535.313	80.055	19.979	100.579	20.221	-0.007	0.980	900.513
470.004	535.825	80.056	19.979	100.583	20.220	-0.006	1.005	900.498
470.505	536.331	80.054	19.979	100.578	20.216	-0.000	1.019	900.504
471.005	536.790	80.055	19.979	100.574	20.220	-0.006	0.965	900.527
471.505	537.293	80.055	19.979	100.565	20.219	-0.005	0.961	900.534
472.005	537.821	80.053	19.979	100.555	20.221	-0.008	1.031	900.498
472.504	538.294	80.054	19.979	100.552	20.219	-0.007	1.002	900.553
473.004	538.831	80.055	19.980	100.551	20.220	-0.008	1.011	900.531
473.504	539.298	80.054	19.979	100.547	20.219	-0.007	1.004	900.561
474.004	539.838	80.054	19.980	100.546	20.224	-0.018	1.007	900.552
474.504	540.337	80.053	19.979	100.548	20.221	-0.013	1.039	900.543
475.004	540.826	80.054	19.979	100.542	20.219	-0.008	0.988	900.528
475.505	541.289	80.057	19.979	100.543	20.220	-0.009	0.952	900.558
476.005	541.841	80.053	19.978	100.543	20.222	-0.013	1.015	900.547
476.505	542.328	80.055	19.979	100.538	20.220	-0.009	1.039	900.546
477.004	542.808	80.056	19.979	100.539	20.222	-0.012	0.967	900.562
477.504	543.329	80.053	19.978	100.544	20.220	-0.008	1.002	900.567
478.004	543.819	80.055	19.979	100.541	20.222	-0.012	1.012	900.558
478.504	544.320	80.055	19.979	100.542	0.000	0.000	0.990	900.534
479.004	544.809	80.055	19.979	100.542	0.000	0.000	0.989	900.613
479.504	545.309	80.052	19.979	100.544	0.000	0.000	0.989	900.605
480.005	545.825	80.053	19.978	100.547	0.000	0.000	1.017	900.555
480.504	546.312	80.054	19.978	100.546	0.000	0.000	1.003	900.623
481.004	546.806	80.057	19.978	100.551	0.000	0.000	0.981	900.592
481.504	547.328	80.055	19.977	100.557	0.000	0.000	1.016	900.592
482.004	547.845	80.056	19.978	100.557	0.000	0.000	1.038	900.606
482.505	548.295	80.056	19.978	100.552	0.000	0.000	0.967	900.594
483.005	548.827	80.055	19.977	100.553	0.000	0.000	0.982	900.617
483.504	549.348	80.056	19.978	100.549	0.000	0.000	1.054	900.616
484.004	549.834	80.057	19.978	100.547	0.000	0.000	1.007	900.642
484.504	550.341	80.056	19.977	100.547	0.000	0.000	0.993	900.647
485.004	550.840	80.057	19.976	100.549	0.000	0.000	1.007	900.629
485.504	551.326	80.057	19.976	100.551	0.000	0.000	0.985	900.626
486.004	551.803	80.057	19.976	100.556	0.000	0.000	0.963	900.643
486.504	552.316	80.056	19.976	100.560	0.000	0.000	0.990	900.657
487.004	552.810	80.054	19.977	100.558	0.000	0.000	1.007	900.642
487.504	553.291	80.055	19.977	100.555	0.000	0.000	0.975	900.640
488.004	553.803	80.054	19.976	100.554	0.000	0.000	0.992	900.661
