File Name:	PMMA_CN_20mm_60Kmin_4mg_R3.txt	Version: 8.3.7.3
Date:	23 Aug 2024
Operator:	KH
Test ID:	PMMA_CN_20mm_4mg_60K_R3
Sample ID:	PMMA_CN_20mm_4mg
Sample Mass (mg):	3.9800
Sample Cup Mass (mg):	182.3700
End Total Mass (mg):	0.0000
Heating Rate (C/s):	1.0000
Combuster Temperature (C):	900.0
N2 Flow Rate (cc/min):	80.0
O2 Flow Rate (cc/min):	20.0
Calibration File:	Coeff.txt
T Correction Coefficients:	0.308738730	0.013615500	0.000000000
Time Shift (s):	10.0
Pre-Test Comments:
Post-Test Comments:
Baseline Flow:	100.439
Baseline O2:	20.306
Instrument ID:	2700
@
Time (s)	Temperature (C)	N2 Flow (cc/min)	O2 Flow (cc/min)	Total Flow (cc/min)	Oxygen (%)	HRR (W/g)	Heating Rate (C/s)	Combustor Temp (C)
0.000	75.023	80.055	19.997	100.439	20.307	-10.126	0.044	898.889
0.500	75.026	80.055	19.997	100.433	20.287	-8.628	0.025	898.880
1.000	75.030	80.056	19.996	100.426	20.268	-7.114	0.007	898.848
1.499	75.060	80.054	19.995	100.424	20.254	-5.901	0.034	898.837
1.999	75.094	80.056	19.995	100.448	20.233	-4.196	0.064	898.841
2.499	75.112	80.054	19.994	100.509	20.220	-3.042	0.052	898.863
3.000	75.137	80.055	19.995	100.593	20.208	-2.059	0.043	898.850
3.500	75.226	80.055	19.994	100.696	20.203	-1.596	0.114	898.839
4.000	75.248	80.054	19.995	100.811	20.197	-1.093	0.111	898.831
4.500	75.324	80.055	19.995	100.905	20.192	-0.734	0.098	898.888
5.000	75.382	80.053	19.995	100.978	20.191	-0.890	0.134	898.855
5.500	75.488	80.051	19.995	101.039	20.187	-1.444	0.164	898.875
6.000	75.577	80.054	19.996	101.087	20.185	-2.665	0.195	898.843
6.500	75.653	80.054	19.994	101.118	20.186	-4.481	0.165	898.824
7.000	75.751	80.051	19.994	101.141	20.179	-5.910	0.174	898.846
7.500	75.889	80.050	19.995	101.150	20.181	-8.085	0.236	898.863
8.000	76.020	80.051	19.994	101.151	20.179	-9.656	0.269	898.830
8.500	76.133	80.053	19.994	101.143	20.180	-10.962	0.244	898.851
9.000	76.242	80.056	19.994	101.132	20.180	-11.550	0.222	898.872
9.500	76.373	80.054	19.995	101.127	20.179	-11.647	0.240	898.845
10.000	76.528	80.054	19.995	101.122	20.175	-11.126	0.286	898.851
10.500	76.667	80.052	19.994	101.116	20.166	-10.022	0.293	898.844
11.000	76.835	80.052	19.994	101.113	20.146	-7.985	0.307	898.840
11.500	76.968	80.054	19.995	101.111	20.116	-5.031	0.301	898.842
12.000	77.126	80.056	19.996	101.112	20.086	-1.988	0.291	898.863
12.500	77.312	80.054	19.996	101.136	20.059	0.741	0.345	898.841
12.999	77.510	80.052	19.995	101.206	20.040	2.875	0.384	898.835
13.500	77.729	80.051	19.994	101.320	20.027	4.442	0.416	898.829
14.000	78.014	80.053	19.995	101.463	20.025	5.243	0.504	898.827
14.501	78.251	80.052	19.994	101.621	20.020	6.096	0.522	898.843
15.000	78.529	80.051	19.993	101.766	20.026	6.085	0.516	898.810
15.500	78.803	80.053	19.994	101.863	20.029	6.360	0.552	898.806
16.000	79.116	80.054	19.995	101.919	20.036	6.400	0.587	898.830
16.500	79.461	80.056	19.995	101.940	20.040	6.670	0.658	898.806
17.000	79.800	80.057	19.995	101.928	20.049	6.514	0.684	898.813
17.500	80.155	80.056	19.995	101.907	20.055	6.477	0.694	898.832
18.000	80.473	80.055	19.995	101.881	20.070	5.726	0.672	898.818
18.500	80.877	80.054	19.994	101.842	20.074	5.692	0.722	898.810
19.000	81.226	80.055	19.996	101.798	20.078	5.564	0.753	898.832
19.500	81.657	80.056	19.996	101.751	20.080	5.562	0.780	898.834
20.000	82.040	80.054	19.995	101.706	20.089	5.013	0.814	898.823
20.500	82.447	80.054	19.994	101.665	20.092	4.998	0.790	898.807
21.000	82.883	80.056	19.995	101.627	20.102	4.501	0.843	898.808
21.500	83.302	80.055	19.994	101.589	20.106	4.503	0.856	898.802
22.000	83.764	80.055	19.993	101.561	20.112	4.187	0.881	898.791
22.500	84.170	80.057	19.994	101.526	20.115	4.188	0.868	898.838
23.000	84.660	80.055	19.994	101.488	20.128	3.476	0.896	898.810
23.500	85.087	80.054	19.994	101.445	20.125	3.880	0.916	898.802
24.000	85.519	80.053	19.993	101.406	20.131	3.476	0.859	898.826
24.501	85.962	80.055	19.994	101.368	20.132	3.492	0.875	898.801
25.001	86.438	80.056	19.995	101.336	20.134	3.459	0.919	898.829
25.500	86.899	80.055	19.994	101.315	20.139	3.069	0.938	898.798
26.000	87.408	80.053	19.993	101.304	20.141	2.925	0.970	898.794
26.500	87.866	80.055	19.994	101.292	20.145	2.589	0.966	898.808
27.000	88.349	80.054	19.993	101.280	20.146	2.537	0.942	898.750
27.500	88.834	80.058	19.993	101.270	20.151	2.221	0.969	898.791
27.999	89.320	80.057	19.994	101.252	20.153	2.210	0.971	898.816
28.500	89.820	80.053	19.993	101.230	20.158	1.897	0.986	898.783
28.999	90.331	80.056	19.994	101.213	20.158	2.030	1.011	898.780
29.500	90.818	80.052	19.993	101.198	20.162	1.842	0.997	898.776
30.000	91.328	80.052	19.993	101.179	20.164	1.946	0.996	898.766
30.500	91.820	80.054	19.993	101.164	20.165	2.008	1.002	898.777
31.000	92.312	80.054	19.994	101.157	20.169	1.846	0.984	898.770
31.500	92.824	80.054	19.993	101.149	20.173	1.668	1.004	898.790
32.000	93.330	80.055	19.994	101.145	20.173	1.695	1.018	898.796
32.500	93.841	80.055	19.993	101.141	20.174	1.677	1.016	898.735
33.001	94.345	80.056	19.993	101.140	20.178	1.300	1.014	898.775
33.500	94.884	80.058	19.994	101.141	20.178	1.276	1.044	898.762
34.000	95.370	80.056	19.994	101.140	20.179	1.274	1.026	898.767
34.499	95.892	80.055	19.994	101.136	20.182	1.083	1.008	898.789
35.000	96.421	80.054	19.994	101.131	20.182	1.143	1.051	898.753
35.500	96.961	80.056	19.993	101.124	20.185	0.837	1.069	898.761
36.000	97.475	80.058	19.993	101.114	20.184	0.909	1.053	898.767
36.500	97.997	80.054	19.995	101.104	20.184	0.901	1.036	898.757
37.000	98.493	80.053	19.993	101.093	20.189	0.527	1.019	898.756
37.500	99.027	80.053	19.994	101.080	20.189	0.655	1.030	898.762
38.000	99.566	80.052	19.994	101.066	20.189	0.716	1.073	898.745
38.500	100.113	80.053	19.994	101.055	20.193	0.496	1.085	898.748
39.000	100.623	80.054	19.994	101.050	20.195	0.319	1.056	898.763
39.500	101.135	80.053	19.995	101.049	20.196	0.267	1.022	898.761
40.000	101.661	80.054	19.995	101.050	20.199	0.010	1.038	898.731
40.501	102.200	80.053	19.995	101.054	20.195	0.249	1.064	898.757
41.000	102.736	80.055	19.994	101.052	20.196	0.209	1.076	898.742
41.500	103.275	80.056	19.994	101.046	20.199	0.090	1.076	898.766
42.000	103.782	80.053	19.994	101.042	20.203	-0.168	1.045	898.734
42.500	104.349	80.055	19.993	101.042	20.203	-0.037	1.074	898.731
43.000	104.870	80.054	19.994	101.045	20.202	0.216	1.089	898.772
43.500	105.393	80.053	19.995	101.045	20.202	0.325	1.044	898.774
44.000	105.889	80.055	19.993	101.048	20.204	0.317	1.019	898.755
44.500	106.426	80.055	19.993	101.046	20.205	0.365	1.032	898.750
45.000	106.976	80.055	19.995	101.037	20.201	0.864	1.086	898.743
45.500	107.491	80.055	19.993	101.026	20.206	0.682	1.065	898.748
46.000	108.043	80.055	19.993	101.024	20.209	0.628	1.067	898.735
46.500	108.583	80.056	19.993	101.026	20.208	0.761	1.092	898.737
47.000	109.105	80.054	19.993	101.028	20.210	0.695	1.062	898.739
47.500	109.597	80.054	19.995	101.033	20.212	0.578	1.014	898.716
48.000	110.148	80.055	19.994	101.037	20.209	0.898	1.043	898.743
48.500	110.714	80.055	19.995	101.031	20.210	0.809	1.118	898.749
49.000	111.203	80.056	19.996	101.018	20.208	0.912	1.055	898.782
49.500	111.770	80.058	19.995	101.013	20.211	0.693	1.056	898.708
50.000	112.309	80.056	19.995	101.005	20.211	0.583	1.107	898.732
50.500	112.838	80.055	19.996	100.995	20.213	0.251	1.067	898.727
51.000	113.395	80.055	19.996	100.987	20.217	-0.254	1.086	898.750
51.500	113.943	80.053	19.995	100.978	20.217	-0.402	1.106	898.769
52.000	114.459	80.055	19.994	100.964	20.216	-0.444	1.063	898.743
52.500	114.983	80.055	19.994	100.951	20.216	-0.500	1.040	898.743
53.000	115.540	80.052	19.995	100.938	20.214	-0.254	1.082	898.766
53.500	116.060	80.054	19.996	100.927	20.217	-0.359	1.076	898.764
54.000	116.586	80.052	19.994	100.923	20.214	-0.119	1.045	898.751
54.500	117.121	80.052	19.994	100.922	20.216	-0.223	1.062	898.760
55.000	117.644	80.056	19.994	100.919	20.216	-0.182	1.058	898.741
55.500	118.178	80.053	19.993	100.914	20.216	-0.267	1.056	898.740
56.000	118.702	80.053	19.996	100.914	20.217	-0.447	1.058	898.761
56.500	119.268	80.053	19.995	100.913	20.219	-0.633	1.090	898.729
57.000	119.785	80.053	19.995	100.914	20.218	-0.487	1.084	898.748
57.500	120.329	80.053	19.995	100.925	20.219	-0.487	1.061	898.750
58.000	120.859	80.053	19.995	100.945	20.217	-0.147	1.074	898.752
58.500	121.398	80.052	19.995	100.961	20.217	0.075	1.068	898.766
59.001	121.927	80.055	19.994	100.968	20.219	0.105	1.067	898.730
59.501	122.458	80.054	19.994	100.976	20.219	0.203	1.061	898.759
60.000	122.991	80.053	19.994	100.969	20.217	0.447	1.065	898.754
60.500	123.506	80.056	19.995	100.960	20.220	0.189	1.048	898.755
61.000	124.073	80.055	19.994	100.953	20.219	0.266	1.081	898.748
61.500	124.560	80.054	19.994	100.953	20.217	0.444	1.054	898.742
62.000	125.107	80.052	19.993	100.949	20.219	0.286	1.034	898.764
62.500	125.629	80.054	19.993	100.951	20.222	0.174	1.068	898.763
63.001	126.175	80.057	19.993	100.957	20.221	0.223	1.067	898.747
63.501	126.704	80.056	19.994	100.964	20.222	0.227	1.076	898.741
64.000	127.239	80.056	19.994	100.964	20.224	0.013	1.064	898.741
64.501	127.715	80.056	19.994	100.964	20.219	0.280	1.011	898.725
65.000	128.242	80.055	19.993	100.955	20.222	-0.014	1.003	898.769
65.501	128.791	80.055	19.993	100.937	20.213	0.598	1.076	898.756
66.000	129.297	80.057	19.993	100.919	20.217	0.271	1.056	898.741
66.500	129.822	80.055	19.993	100.906	20.218	0.230	1.032	898.779
67.000	130.392	80.057	19.994	100.899	20.221	0.141	1.096	898.754
67.500	130.911	80.058	19.995	100.900	20.219	0.420	1.089	898.759
68.000	131.449	80.056	19.994	100.909	20.220	0.461	1.056	898.748
68.500	131.988	80.056	19.994	100.909	20.221	0.539	1.077	898.769
69.000	132.492	80.054	19.994	100.904	20.221	0.663	1.043	898.748
69.500	133.017	80.054	19.995	100.898	20.224	0.585	1.028	898.777
70.001	133.524	80.056	19.995	100.893	20.219	1.081	1.032	898.775
70.500	134.087	80.055	19.994	100.887	20.220	1.098	1.070	898.772
71.000	134.616	80.057	19.995	100.889	20.221	1.147	1.092	898.785
71.501	135.124	80.057	19.995	100.898	20.217	1.470	1.037	898.819
72.000	135.658	80.056	19.994	100.906	20.221	1.166	1.043	898.776
72.500	136.195	80.054	19.994	100.913	20.221	1.120	1.072	898.785
73.000	136.728	80.053	19.996	100.916	20.222	0.963	1.070	898.783
73.500	137.249	80.055	19.995	100.917	20.221	0.999	1.053	898.759
74.001	137.785	80.055	19.995	100.909	20.217	1.267	1.057	898.762
74.500	138.302	80.054	19.994	100.899	20.217	1.184	1.054	898.780
75.000	138.852	80.056	19.994	100.888	20.218	1.145	1.066	898.789
75.500	139.379	80.056	19.994	100.879	20.216	1.196	1.076	898.791
76.001	139.860	80.052	19.993	100.869	20.219	1.016	1.008	898.745
76.501	140.430	80.053	19.994	100.863	20.220	0.805	1.052	898.813
77.000	140.911	80.054	19.993	100.853	20.218	0.946	1.052	898.769
77.500	141.439	80.053	19.993	100.843	20.220	0.737	1.009	898.786
78.000	141.958	80.051	19.995	100.836	20.220	0.675	1.046	898.782
78.500	142.491	80.050	19.996	100.829	20.222	0.528	1.051	898.806
79.001	143.033	80.050	19.995	100.826	20.218	0.801	1.074	898.813
79.501	143.557	80.051	19.995	100.831	20.218	0.871	1.067	898.789
80.000	144.035	80.048	19.995	100.838	20.219	0.873	1.003	898.799
80.500	144.561	80.049	19.993	100.846	20.219	0.962	1.004	898.801
81.001	145.092	80.049	19.994	100.850	20.216	1.349	1.057	898.797
81.500	145.584	80.048	19.993	100.849	20.216	1.421	1.022	898.794
82.001	146.141	80.052	19.994	100.851	20.214	1.639	1.049	898.793
82.501	146.639	80.052	19.996	100.849	20.214	1.564	1.056	898.808
83.000	147.172	80.052	19.995	100.852	20.217	1.346	1.032	898.791
83.500	147.707	80.050	19.995	100.857	20.217	1.293	1.067	898.836
84.000	148.207	80.051	19.995	100.864	20.217	1.206	1.035	898.832
84.500	148.727	80.051	19.994	100.865	20.217	1.102	1.020	898.779
85.001	149.251	80.053	19.994	100.870	20.213	1.407	1.044	898.793
85.501	149.772	80.053	19.994	100.871	20.215	1.265	1.045	898.803
86.000	150.288	80.054	19.993	100.871	20.221	0.841	1.036	898.816
86.501	150.806	80.051	19.994	100.871	20.220	0.949	1.033	898.809
87.001	151.321	80.052	19.994	100.869	20.217	1.280	1.034	898.811
87.500	151.819	80.052	19.995	100.863	20.215	1.548	1.014	898.812
88.000	152.356	80.051	19.995	100.852	20.216	1.614	1.036	898.845
88.500	152.875	80.052	19.995	100.842	20.213	1.864	1.056	898.844
89.000	153.368	80.052	19.995	100.834	20.213	1.837	1.012	898.821
89.501	153.912	80.050	19.996	100.835	20.214	1.719	1.036	898.837
90.001	154.394	80.051	19.994	100.842	20.212	1.788	1.026	898.841
90.501	154.933	80.052	19.994	100.844	20.215	1.423	1.021	898.814
91.001	155.420	80.050	19.994	100.852	20.212	1.438	1.027	898.825
91.500	155.934	80.053	19.993	100.858	20.210	1.571	1.001	898.828
92.001	156.453	80.051	19.994	100.858	20.211	1.473	1.032	898.832
92.501	156.978	80.054	19.993	100.855	20.206	1.686	1.044	898.818
93.000	157.511	80.056	19.993	100.858	20.209	1.438	1.058	898.831
93.501	158.018	80.056	19.993	100.856	20.208	1.559	1.040	898.841
94.001	158.508	80.054	19.993	100.851	20.210	1.443	0.996	898.849
94.501	159.034	80.053	19.993	100.843	20.206	1.606	1.015	898.834
95.001	159.579	80.053	19.995	100.838	20.208	1.471	1.071	898.851
95.501	160.086	80.056	19.995	100.824	20.209	1.622	1.053	898.820
96.000	160.603	80.055	19.994	100.824	20.207	1.789	1.025	898.833
96.500	161.099	80.054	19.993	100.830	20.205	2.025	1.012	898.869
97.000	161.591	80.057	19.993	100.833	20.208	1.994	0.988	898.856
97.500	162.114	80.057	19.993	100.840	20.207	2.245	1.015	898.841
98.001	162.600	80.057	19.993	100.859	20.206	2.278	1.009	898.880
98.501	163.124	80.057	19.993	100.867	20.205	2.363	1.010	898.857
99.001	163.648	80.057	19.994	100.864	20.203	2.500	1.047	898.850
99.501	164.165	80.056	19.994	100.867	20.203	2.480	1.041	898.834
100.001	164.676	80.057	19.994	100.877	20.203	2.499	1.028	898.878
100.500	165.209	80.058	19.994	100.877	20.206	2.246	1.045	898.870
101.001	165.721	80.060	19.994	100.871	20.206	2.235	1.046	898.849
101.501	166.251	80.057	19.993	100.876	20.205	2.394	1.042	898.882
102.000	166.781	80.058	19.994	100.884	20.209	2.195	1.059	898.909
102.501	167.248	80.058	19.993	100.872	20.203	2.545	0.997	898.855
103.001	167.743	80.055	19.994	100.863	20.207	2.201	0.962	898.885
103.501	168.264	80.056	19.994	100.862	20.205	2.402	1.016	898.865
104.001	168.780	80.058	19.994	100.852	20.202	2.754	1.037	898.863
104.501	169.281	80.058	19.995	100.836	20.199	3.035	1.017	898.886
105.001	169.802	80.059	19.995	100.832	20.199	3.160	1.023	898.902
105.500	170.308	80.055	19.994	100.833	20.202	3.162	1.027	898.880
106.001	170.831	80.056	19.995	100.834	20.199	3.597	1.028	898.890
106.501	171.333	80.058	19.996	100.838	20.197	3.809	1.026	898.900
107.000	171.864	80.057	19.995	100.840	20.199	3.693	1.032	898.883
107.501	172.359	80.058	19.995	100.841	20.197	3.861	1.025	898.891
108.001	172.850	80.059	19.994	100.840	20.196	3.853	0.987	898.897
108.500	173.389	80.058	19.994	100.835	20.197	3.699	1.031	898.907
109.001	173.909	80.058	19.995	100.829	20.194	3.827	1.058	898.899
109.501	174.413	80.058	19.994	100.828	20.196	3.584	1.024	898.917
110.001	174.919	80.060	19.994	100.832	20.192	3.867	1.010	898.893
110.501	175.419	80.059	19.995	100.834	20.192	3.879	1.006	898.876
111.001	175.956	80.056	19.994	100.831	20.189	4.156	1.037	898.909
111.501	176.465	80.056	19.995	100.826	20.190	4.190	1.047	898.900
112.001	176.968	80.058	19.996	100.821	20.185	4.614	1.012	898.896
112.501	177.485	80.056	19.995	100.805	20.186	4.593	1.019	898.899
113.001	178.022	80.056	19.994	100.790	20.185	4.590	1.053	898.900
113.501	178.500	80.056	19.993	100.779	20.184	4.684	1.015	898.907
114.001	179.036	80.056	19.994	100.774	20.185	4.599	1.015	898.932
114.501	179.539	80.060	19.995	100.771	20.183	4.721	1.039	898.958
115.001	180.057	80.059	19.994	100.774	20.182	4.703	1.020	898.922
115.502	180.574	80.059	19.994	100.782	20.178	4.969	1.034	898.976
116.002	181.078	80.059	19.993	100.795	20.177	5.096	1.022	898.947
116.501	181.586	80.057	19.993	100.800	20.181	4.750	1.013	898.933
117.001	182.097	80.059	19.993	100.804	20.178	4.958	1.018	898.934
117.501	182.614	80.059	19.994	100.804	20.177	5.014	1.028	898.932
118.001	183.130	80.058	19.994	100.800	20.181	4.697	1.033	898.967
118.501	183.610	80.059	19.994	100.794	20.175	5.093	0.996	898.972
119.001	184.135	80.057	19.994	100.789	20.174	5.109	1.005	898.955
119.501	184.636	80.055	19.993	100.784	20.171	5.322	1.026	898.930
120.001	185.162	80.057	19.994	100.784	20.172	5.318	1.027	898.964
120.501	185.667	80.056	19.992	100.788	20.169	5.643	1.030	898.951
121.001	186.156	80.055	19.993	100.791	20.168	5.753	0.994	898.957
121.501	186.669	80.055	19.994	100.796	20.166	6.027	1.002	898.941
122.001	187.172	80.055	19.993	100.798	20.168	5.949	1.015	898.955
122.501	187.670	80.055	19.994	100.802	20.165	6.189	1.001	898.956
123.001	188.166	80.056	19.994	100.803	20.165	6.155	0.995	898.972
123.501	188.668	80.055	19.995	100.799	20.165	6.144	0.998	898.970
124.001	189.199	80.057	19.995	100.801	20.162	6.396	1.032	898.982
124.501	189.726	80.056	19.995	100.804	20.165	6.210	1.057	898.955
125.001	190.212	80.054	19.994	100.804	20.164	6.323	1.014	898.960
125.501	190.733	80.057	19.995	100.805	20.164	6.355	1.008	898.941
126.001	191.248	80.056	19.994	100.816	20.165	6.311	1.036	898.963
126.500	191.760	80.055	19.994	100.816	20.166	6.269	1.027	898.963
127.001	192.252	80.056	19.995	100.818	20.165	6.356	1.004	898.971
127.501	192.789	80.053	19.995	100.810	20.165	6.386	1.028	898.991
128.001	193.310	80.055	19.994	100.802	20.158	7.008	1.058	899.013
128.501	193.841	80.053	19.995	100.793	20.159	7.054	1.052	898.997
129.001	194.307	80.051	19.994	100.789	20.163	6.771	0.997	898.959
129.501	194.807	80.055	19.994	100.785	20.159	7.154	0.967	899.020
130.001	195.341	80.055	19.993	100.792	20.160	7.142	1.034	898.998
130.501	195.861	80.055	19.993	100.793	20.159	7.294	1.054	898.999
131.001	196.362	80.057	19.994	100.792	20.159	7.314	1.022	899.020
131.501	196.845	80.057	19.994	100.789	20.158	7.381	0.984	899.008
132.001	197.352	80.056	19.993	100.788	20.158	7.419	0.989	899.024
132.501	197.852	80.055	19.994	100.781	20.154	7.693	1.007	898.986
133.001	198.359	80.055	19.994	100.781	20.158	7.262	1.007	899.034
133.501	198.902	80.056	19.993	100.778	20.154	7.511	1.050	899.034
134.001	199.394	80.055	19.994	100.777	20.153	7.370	1.035	899.012
134.501	199.907	80.054	19.993	100.774	20.152	7.260	1.005	899.054
135.001	200.424	80.056	19.992	100.775	20.153	7.008	1.030	899.038
135.502	200.919	80.055	19.992	100.766	20.155	6.747	1.012	899.003
136.001	201.440	80.058	19.992	100.761	20.154	6.789	1.016	899.044
136.501	201.957	80.058	19.993	100.759	20.156	6.635	1.038	899.068
137.001	202.441	80.057	19.994	100.751	20.156	6.805	1.000	899.071
137.502	202.953	80.056	19.993	100.745	20.152	7.381	0.995	899.049
138.002	203.422	80.054	19.992	100.747	20.155	7.425	0.982	899.059
138.501	203.981	80.054	19.993	100.744	20.154	7.773	1.030	899.022
139.001	204.501	80.055	19.993	100.740	20.156	7.826	1.079	899.061
139.501	204.985	80.055	19.993	100.741	20.152	8.336	1.003	899.034
140.001	205.464	80.054	19.995	100.745	20.155	8.153	0.964	899.030
140.501	206.010	80.056	19.993	100.751	20.151	8.476	1.025	899.046
141.001	206.502	80.054	19.993	100.762	20.154	8.293	1.037	899.045
141.501	207.018	80.058	19.994	100.778	20.153	8.296	1.008	899.070
142.001	207.535	80.057	19.993	100.793	20.158	7.813	1.033	899.059
142.501	208.033	80.056	19.995	100.806	20.152	8.180	1.016	899.058
143.001	208.544	80.056	19.995	100.810	20.154	7.934	1.010	899.075
143.501	209.050	80.053	19.993	100.811	20.151	8.075	1.016	899.070
144.001	209.550	80.053	19.994	100.805	20.150	8.066	1.006	899.083
144.501	210.070	80.053	19.994	100.789	20.150	8.001	1.020	899.074
145.001	210.549	80.052	19.993	100.764	20.148	8.062	1.000	899.099
145.501	211.070	80.053	19.994	100.748	20.151	7.748	1.000	899.067
146.001	211.563	80.055	19.994	100.730	20.149	7.797	1.014	899.114
146.501	212.107	80.052	19.993	100.712	20.149	7.858	1.036	899.094
147.002	212.603	80.054	19.994	100.705	20.149	7.860	1.039	899.090
147.501	213.095	80.057	19.994	100.707	20.147	8.121	0.989	899.077
148.001	213.589	80.055	19.995	100.704	20.149	7.850	0.987	899.080
148.501	214.149	80.053	19.995	100.706	20.143	8.295	1.054	899.088
149.001	214.623	80.052	19.995	100.712	20.145	8.103	1.035	899.082
149.501	215.116	80.054	19.996	100.719	20.146	8.064	0.967	899.104
150.001	215.653	80.055	19.995	100.720	20.145	8.079	1.029	899.146
150.501	216.143	80.054	19.995	100.729	20.144	8.147	1.026	899.096
151.001	216.595	80.056	19.996	100.737	20.147	7.955	0.942	899.130
151.501	217.155	80.056	19.995	100.745	20.146	8.108	1.012	899.104
152.001	217.682	80.054	19.994	100.750	20.139	8.746	1.087	899.149
152.501	218.148	80.058	19.995	100.756	20.141	8.625	0.994	899.122
153.001	218.687	80.059	19.994	100.759	20.140	8.765	1.004	899.143
153.502	219.191	80.057	19.996	100.762	20.138	8.964	1.042	899.136
154.002	219.684	80.056	19.994	100.763	20.137	9.075	0.998	899.112
154.502	220.187	80.057	19.994	100.757	20.139	9.029	0.997	899.138
155.001	220.698	80.057	19.995	100.754	20.137	9.278	1.014	899.144
155.501	221.225	80.056	19.994	100.758	20.136	9.415	1.038	899.161
156.001	221.707	80.057	19.995	100.758	20.136	9.395	1.009	899.143
156.502	222.209	80.057	19.996	100.762	20.132	9.667	0.983	899.184
157.002	222.723	80.057	19.995	100.770	20.134	9.490	1.015	899.144
157.502	223.220	80.056	19.994	100.771	20.130	9.751	1.011	899.162
158.001	223.747	80.057	19.993	100.764	20.131	9.576	1.024	899.171
158.502	224.230	80.057	19.994	100.761	20.134	9.267	1.010	899.155
159.002	224.737	80.057	19.995	100.757	20.129	9.536	0.991	899.155
159.501	225.276	80.059	19.995	100.751	20.130	9.466	1.048	899.182
160.001	225.747	80.054	19.995	100.750	20.131	9.318	1.010	899.162
160.502	226.216	80.055	19.995	100.748	20.126	9.773	0.939	899.163
161.002	226.775	80.057	19.995	100.740	20.123	10.140	1.028	899.176
161.501	227.295	80.055	19.994	100.734	20.126	10.163	1.079	899.191
162.002	227.767	80.057	19.995	100.731	20.126	10.430	0.992	899.200
162.501	228.285	80.055	19.994	100.726	20.129	10.457	0.991	899.178
163.001	228.793	80.052	19.995	100.721	20.130	10.637	1.026	899.187
163.502	229.274	80.054	19.993	100.723	20.127	10.856	0.989	899.155
164.001	229.748	80.055	19.994	100.727	20.125	10.969	0.956	899.212
164.501	230.275	80.054	19.995	100.730	20.128	10.657	1.001	899.191
165.001	230.795	80.053	19.995	100.733	20.123	10.884	1.047	899.226
165.501	231.281	80.053	19.994	100.740	20.121	10.829	1.006	899.183
166.001	231.808	80.053	19.995	100.749	20.129	10.044	1.013	899.191
166.501	232.282	80.055	19.995	100.751	20.123	10.405	1.000	899.188
167.002	232.825	80.056	19.995	100.756	20.127	10.130	1.016	899.216
167.502	233.309	80.056	19.996	100.760	20.126	10.181	1.027	899.209
168.002	233.795	80.055	19.995	100.752	20.125	10.249	0.971	899.190
168.501	234.348	80.056	19.994	100.733	20.125	10.204	1.040	899.292
169.002	234.822	80.058	19.995	100.717	20.127	10.092	1.026	899.216
169.502	235.348	80.056	19.995	100.695	20.125	10.269	1.000	899.217
170.002	235.832	80.055	19.996	100.675	20.127	10.080	1.009	899.263
170.502	236.329	80.054	19.995	100.665	20.127	9.969	0.981	899.277
171.002	236.815	80.051	19.994	100.668	20.123	10.211	0.983	899.179
171.502	237.333	80.054	19.995	100.675	20.127	9.997	1.004	899.241
172.002	237.824	80.055	19.995	100.688	20.131	9.682	1.010	899.232
172.501	238.358	80.055	19.994	100.702	20.128	9.913	1.025	899.261
173.001	238.848	80.055	19.995	100.712	20.130	9.741	1.023	899.248
173.502	239.350	80.054	19.995	100.723	20.133	9.670	0.991	899.245
174.001	239.844	80.054	19.994	100.729	20.130	9.988	0.997	899.228
174.501	240.326	80.057	19.993	100.725	20.130	10.044	0.976	899.258
175.001	240.824	80.056	19.994	100.721	20.128	10.272	0.979	899.263
175.502	241.338	80.055	19.993	100.725	20.130	10.347	1.012	899.261
176.002	241.829	80.055	19.994	100.724	20.130	10.428	1.005	899.308
176.502	242.357	80.054	19.992	100.722	20.135	10.149	1.020	899.253
177.001	242.880	80.056	19.994	100.726	20.140	9.760	1.051	899.264
177.501	243.346	80.054	19.993	100.732	20.139	9.862	0.988	899.314
178.002	243.840	80.054	19.994	100.736	20.141	9.578	0.959	899.253
178.502	244.383	80.053	19.995	100.734	20.141	9.455	1.037	899.267
179.002	244.847	80.055	19.995	100.731	20.142	9.439	1.007	899.251
179.502	245.377	80.056	19.994	100.732	20.141	9.448	0.995	899.300
180.001	245.913	80.057	19.994	100.733	20.144	9.246	1.066	899.290
180.502	246.381	80.056	19.992	100.728	20.146	9.144	1.003	899.293
181.002	246.901	80.055	19.993	100.720	20.147	9.158	0.987	899.314
181.502	247.376	80.055	19.993	100.717	20.150	9.054	0.994	899.286
182.002	247.913	80.054	19.993	100.711	20.150	9.065	1.012	899.323
182.502	248.423	80.055	19.993	100.696	20.152	8.950	1.048	899.299
183.002	248.907	80.053	19.993	100.685	20.155	8.689	0.994	899.308
183.502	249.421	80.054	19.992	100.681	20.155	8.634	0.997	899.342
184.002	249.918	80.055	19.993	100.678	20.160	8.212	1.011	899.294
184.502	250.409	80.054	19.994	100.673	20.158	8.271	0.988	899.336
185.002	250.912	80.055	19.995	100.680	20.159	8.010	0.994	899.314
185.502	251.428	80.054	19.994	100.691	20.158	8.159	1.020	899.300
186.002	251.950	80.053	19.993	100.695	20.160	7.961	1.038	899.342
186.502	252.437	80.054	19.992	100.695	20.160	7.870	1.008	899.326
187.002	252.893	80.054	19.993	100.697	20.160	7.803	0.943	899.333
187.502	253.435	80.056	19.993	100.691	20.161	7.767	0.998	899.329
188.002	253.936	80.057	19.994	100.682	20.160	7.875	1.042	899.365
188.502	254.450	80.055	19.994	100.675	20.160	7.900	1.015	899.360
189.002	254.935	80.056	19.993	100.672	20.162	7.738	1.000	899.355
189.502	255.410	80.056	19.994	100.667	20.160	7.967	0.960	899.310
190.002	255.920	80.056	19.994	100.669	20.161	8.046	0.985	899.349
190.502	256.419	80.057	19.993	100.669	20.159	8.216	1.009	899.327
191.002	256.946	80.059	19.992	100.674	20.159	8.189	1.026	899.350
191.502	257.446	80.057	19.992	100.681	20.164	7.855	1.026	899.343
192.003	257.968	80.056	19.993	100.691	20.165	7.729	1.023	899.345
192.502	258.489	80.055	19.993	100.696	20.167	7.550	1.044	899.349
193.002	258.968	80.056	19.992	100.696	20.169	7.335	1.000	899.366
193.502	259.471	80.058	19.993	100.696	20.169	7.384	0.982	899.354
194.002	259.973	80.056	19.994	100.702	20.167	7.505	1.005	899.344
194.502	260.476	80.056	19.994	100.703	20.168	7.307	1.004	899.364
195.002	261.002	80.054	19.994	100.703	20.167	7.402	1.029	899.358
195.502	261.504	80.054	19.995	100.704	20.169	7.302	1.029	899.360
196.002	262.001	80.058	19.994	100.699	20.166	7.598	1.000	899.364
196.502	262.503	80.057	19.994	100.692	20.167	7.471	0.999	899.362
197.002	262.996	80.054	19.993	100.687	20.167	7.485	0.995	899.375
197.502	263.482	80.056	19.994	100.679	20.166	7.532	0.979	899.378
198.002	263.979	80.054	19.994	100.680	20.162	7.840	0.982	899.370
198.502	264.484	80.054	19.994	100.684	20.164	7.702	1.001	899.396
199.002	265.019	80.054	19.993	100.679	20.166	7.405	1.039	899.405
199.503	265.489	80.053	19.995	100.683	20.165	7.529	1.005	899.401
200.003	265.989	80.054	19.994	100.688	20.166	7.325	0.971	899.425
200.502	266.505	80.055	19.995	100.689	20.164	7.478	1.017	899.396
201.002	266.978	80.052	19.997	100.688	20.162	7.600	0.989	899.365
201.502	267.507	80.057	19.996	100.694	20.162	7.571	1.001	899.398
202.002	268.022	80.055	19.995	100.692	20.163	7.550	1.044	899.430
202.502	268.505	80.054	19.995	100.693	20.163	7.541	0.998	899.430
203.002	268.997	80.053	19.994	100.691	20.160	7.742	0.976	899.403
203.502	269.519	80.053	19.995	100.690	20.159	7.910	1.015	899.428
204.002	270.023	80.054	19.995	100.691	20.160	7.898	1.026	899.436
204.502	270.512	80.053	19.995	100.689	20.157	8.192	0.993	899.404
205.002	270.997	80.052	19.995	100.688	20.156	8.267	0.973	899.435
205.502	271.523	80.055	19.995	100.690	20.155	8.391	1.011	899.449
206.002	272.030	80.054	19.994	100.697	20.154	8.500	1.034	899.422
206.502	272.519	80.054	19.995	100.698	20.155	8.551	0.997	899.441
207.002	272.993	80.055	19.995	100.702	20.153	8.758	0.962	899.441
207.502	273.510	80.057	19.995	100.706	20.151	8.981	0.990	899.454
208.002	273.999	80.054	19.993	100.708	20.149	9.110	1.006	899.463
208.502	274.524	80.052	19.993	100.710	20.146	9.374	1.014	899.449
209.002	275.025	80.054	19.993	100.711	20.146	9.389	1.026	899.461
209.502	275.527	80.055	19.994	100.709	20.145	9.448	1.002	899.477
210.002	276.002	80.054	19.994	100.708	20.144	9.506	0.976	899.435
210.502	276.511	80.054	19.994	100.706	20.145	9.494	0.984	899.465
211.003	277.016	80.055	19.994	100.704	20.144	9.631	1.014	899.474
211.503	277.527	80.054	19.994	100.698	20.141	9.873	1.016	899.503
212.003	278.050	80.052	19.994	100.696	20.139	10.086	1.034	899.486
212.503	278.532	80.056	19.995	100.693	20.142	9.869	1.005	899.495
213.003	279.021	80.054	19.993	100.688	20.139	10.008	0.971	899.519
213.502	279.508	80.056	19.994	100.684	20.137	10.087	0.976	899.471
214.003	280.032	80.053	19.993	100.682	20.137	9.973	1.011	899.466
214.503	280.550	80.055	19.995	100.676	20.137	9.880	1.043	899.505
215.002	281.039	80.053	19.994	100.671	20.132	10.246	1.007	899.481
215.502	281.550	80.054	19.994	100.670	20.130	10.358	0.999	899.538
216.003	282.028	80.055	19.995	100.669	20.127	10.655	0.988	899.494
216.503	282.554	80.055	19.995	100.673	20.126	10.862	1.004	899.496
217.003	283.022	80.055	19.993	100.675	20.127	10.946	0.995	899.496
217.502	283.526	80.055	19.995	100.673	20.124	11.181	0.973	899.513
218.002	284.045	80.058	19.995	100.670	20.123	11.354	1.023	899.522
218.503	284.520	80.053	19.993	100.665	20.122	11.489	0.994	899.495
219.002	285.035	80.052	19.994	100.659	20.122	11.486	0.991	899.524
219.502	285.541	80.051	19.992	100.659	20.118	11.784	1.022	899.537
220.002	286.011	80.051	19.993	100.663	20.116	11.997	0.975	899.541
220.502	286.526	80.053	19.993	100.665	20.118	11.897	0.985	899.553
221.002	287.062	80.054	19.993	100.675	20.114	12.186	1.051	899.543
221.502	287.571	80.052	19.994	100.687	20.116	12.014	1.044	899.541
222.003	288.043	80.054	19.994	100.692	20.111	12.357	0.980	899.560
222.503	288.535	80.055	19.994	100.691	20.107	12.671	0.964	899.504
223.002	289.038	80.054	19.994	100.690	20.107	12.580	0.996	899.533
223.502	289.539	80.055	19.996	100.684	20.102	12.958	1.004	899.533
224.002	290.037	80.055	19.994	100.670	20.096	13.442	0.999	899.559
224.502	290.554	80.055	19.993	100.663	20.095	13.528	1.014	899.569
225.003	291.031	80.056	19.994	100.662	20.094	13.551	0.994	899.527
225.503	291.547	80.055	19.994	100.659	20.094	13.575	0.994	899.544
226.002	292.060	80.054	19.995	100.656	20.088	13.916	1.030	899.533
226.502	292.551	80.052	19.994	100.659	20.090	13.726	1.004	899.556
227.002	293.046	80.053	19.994	100.659	20.086	14.111	0.985	899.566
227.503	293.565	80.053	19.994	100.650	20.086	14.029	1.013	899.534
228.002	294.033	80.050	19.993	100.650	20.081	14.345	0.987	899.538
228.502	294.550	80.054	19.993	100.653	20.081	14.320	0.985	899.551
229.002	295.074	80.055	19.994	100.653	20.078	14.605	1.041	899.559
229.503	295.558	80.055	19.995	100.654	20.073	15.020	1.009	899.578
230.002	296.039	80.056	19.994	100.661	20.072	14.995	0.966	899.559
230.502	296.565	80.053	19.993	100.661	20.071	15.111	1.007	899.576
231.002	297.057	80.054	19.993	100.660	20.069	15.263	1.019	899.576
231.502	297.543	80.053	19.994	100.659	20.067	15.367	0.978	899.582
232.002	298.075	80.055	19.993	100.659	20.065	15.493	1.016	899.590
232.503	298.550	80.054	19.992	100.663	20.060	15.914	1.007	899.554
233.003	299.046	80.052	19.994	100.664	20.058	16.163	0.972	899.559
233.503	299.577	80.051	19.993	100.670	20.056	16.420	1.027	899.587
234.002	300.090	80.055	19.994	100.676	20.055	16.665	1.044	899.614
234.502	300.590	80.054	19.994	100.673	20.053	16.869	1.013	899.569
235.002	301.078	80.054	19.993	100.677	20.053	16.873	0.988	899.571
235.502	301.576	80.052	19.993	100.683	20.051	17.071	0.986	899.586
236.002	302.084	80.049	19.994	100.679	20.049	17.186	1.006	899.591
236.502	302.597	80.051	19.991	100.676	20.045	17.516	1.020	899.616
237.002	303.113	80.052	19.994	100.683	20.046	17.555	1.029	899.615
237.502	303.587	80.050	19.993	100.682	20.043	17.923	0.991	899.597
238.002	304.102	80.051	19.993	100.679	20.041	18.142	0.989	899.614
238.502	304.596	80.052	19.993	100.683	20.039	18.386	1.008	899.606
239.002	305.088	80.049	19.992	100.688	20.039	18.502	0.987	899.619
239.502	305.616	80.052	19.992	100.686	20.031	19.083	1.020	899.632
240.003	306.050	80.053	19.993	100.685	20.031	19.001	0.960	899.654
240.503	306.545	80.051	19.992	100.676	20.027	19.230	0.929	899.616
241.003	307.120	80.050	19.992	100.664	20.029	19.139	1.072	899.646
241.502	307.599	80.052	19.993	100.653	20.026	19.417	1.054	899.668
242.003	308.112	80.054	19.992	100.652	20.026	19.450	0.992	899.652
242.502	308.611	80.054	19.993	100.648	20.028	19.306	1.012	899.627
243.002	309.098	80.053	19.994	100.654	20.026	19.513	0.986	899.620
243.502	309.606	80.053	19.994	100.662	20.021	19.974	0.996	899.647
244.002	310.073	80.054	19.995	100.657	20.020	19.928	0.974	899.655
244.502	310.589	80.052	19.994	100.644	20.013	20.350	0.982	899.628
245.003	311.083	80.054	19.993	100.634	20.012	20.245	1.010	899.645
245.502	311.593	80.056	19.994	100.624	20.007	20.623	1.004	899.665
246.002	312.097	80.055	19.994	100.616	20.004	20.696	1.015	899.650
246.502	312.590	80.055	19.993	100.618	20.005	20.460	0.998	899.664
247.002	313.074	80.052	19.992	100.625	20.002	20.631	0.976	899.670
247.502	313.574	80.052	19.993	100.632	20.000	20.775	0.984	899.676
248.002	314.080	80.052	19.993	100.634	19.995	21.112	1.006	899.644
248.503	314.631	80.054	19.994	100.630	19.994	21.045	1.056	899.687
249.003	315.113	80.056	19.992	100.626	19.988	21.416	1.033	899.665
249.502	315.606	80.054	19.993	100.623	19.986	21.596	0.976	899.663
250.002	316.090	80.052	19.993	100.622	19.987	21.437	0.977	899.674
250.502	316.578	80.055	19.993	100.616	19.981	21.826	0.971	899.675
251.003	317.102	80.053	19.994	100.619	19.982	21.764	1.012	899.694
251.503	317.586	80.051	19.994	100.627	19.978	22.145	1.008	899.702
252.002	318.088	80.051	19.994	100.636	19.973	22.528	0.986	899.685
252.503	318.595	80.052	19.993	100.645	19.973	22.516	1.009	899.671
253.003	319.079	80.052	19.993	100.655	19.966	23.073	0.991	899.706
253.502	319.581	80.051	19.993	100.666	19.959	23.615	0.986	899.662
254.002	320.095	80.051	19.994	100.672	19.958	23.652	1.016	899.678
254.502	320.573	80.052	19.993	100.674	19.951	24.256	0.991	899.695
255.002	321.088	80.053	19.992	100.672	19.945	24.691	0.993	899.699
255.502	321.590	80.054	19.994	100.678	19.944	24.795	1.018	899.709
256.002	322.085	80.055	19.993	100.687	19.934	25.538	0.998	899.718
256.502	322.594	80.056	19.994	100.692	19.931	25.756	1.004	899.679
257.002	323.073	80.055	19.995	100.695	19.925	26.228	0.987	899.681
257.502	323.592	80.052	19.993	100.703	19.919	26.711	0.998	899.673
258.002	324.068	80.052	19.994	100.704	19.910	27.360	0.994	899.716
258.503	324.586	80.052	19.993	100.698	19.904	27.890	0.992	899.715
259.003	325.098	80.053	19.994	100.695	19.897	28.416	1.030	899.709
259.503	325.573	80.053	19.995	100.698	19.887	29.153	0.988	899.716
260.003	326.071	80.054	19.993	100.698	19.878	29.854	0.973	899.697
260.503	326.570	80.052	19.992	100.699	19.871	30.403	0.997	899.718
261.002	327.101	80.053	19.993	100.701	19.866	30.744	1.030	899.713
261.502	327.584	80.052	19.992	100.701	19.857	31.476	1.015	899.717
262.002	328.077	80.051	19.993	100.696	19.848	32.136	0.976	899.715
262.503	328.623	80.052	19.995	100.695	19.836	33.065	1.038	899.707
263.003	329.097	80.052	19.994	100.697	19.828	33.654	1.019	899.691
263.502	329.579	80.052	19.994	100.698	19.814	34.664	0.956	899.715
264.003	330.089	80.054	19.992	100.699	19.804	35.521	0.991	899.728
264.503	330.577	80.054	19.994	100.702	19.795	36.290	0.998	899.759
265.003	331.082	80.052	19.993	100.700	19.781	37.428	0.994	899.715
265.502	331.578	80.053	19.994	100.697	19.769	38.277	1.002	899.706
266.002	332.101	80.052	19.993	100.698	19.760	38.986	1.019	899.738
266.502	332.590	80.053	19.995	100.700	19.745	40.146	1.011	899.723
267.002	333.087	80.052	19.993	100.703	19.735	40.866	0.986	899.750
267.503	333.603	80.051	19.993	100.705	19.724	41.680	1.013	899.713
268.003	334.090	80.051	19.994	100.704	19.711	42.680	1.002	899.718
268.503	334.602	80.051	19.994	100.708	19.699	43.612	0.997	899.752
269.003	335.100	80.053	19.993	100.706	19.686	44.669	1.010	899.774
269.503	335.586	80.055	19.993	100.706	19.672	45.811	0.986	899.731
270.002	336.082	80.054	19.993	100.708	19.659	46.879	0.982	899.740
270.502	336.619	80.053	19.994	100.710	19.643	48.170	1.033	899.726
271.002	337.080	80.052	19.993	100.711	19.629	49.302	0.998	899.741
271.502	337.594	80.053	19.993	100.710	19.612	50.626	0.975	899.756
272.002	338.132	80.054	19.993	100.703	19.601	51.484	1.052	899.776
272.502	338.610	80.054	19.994	100.703	19.584	52.812	1.016	899.740
273.002	339.110	80.048	19.993	100.703	19.567	54.118	0.978	899.766
273.503	339.619	80.049	19.993	100.701	19.551	55.342	1.008	899.735
274.003	340.080	80.048	19.993	100.711	19.537	56.398	0.971	899.764
274.502	340.615	80.049	19.993	100.715	19.519	57.840	0.996	899.743
275.003	341.075	80.049	19.993	100.716	19.501	59.236	0.994	899.799
275.502	341.589	80.049	19.993	100.715	19.486	60.482	0.973	899.769
276.003	342.097	80.051	19.994	100.714	19.468	61.914	1.021	899.812
276.503	342.605	80.051	19.993	100.708	19.457	62.783	1.017	899.810
277.003	343.106	80.049	19.993	100.708	19.437	64.285	1.011	899.813
277.502	343.627	80.053	19.995	100.706	19.419	65.726	1.021	899.796
278.003	344.106	80.054	19.994	100.700	19.401	67.123	0.998	899.794
278.504	344.600	80.052	19.995	100.697	19.381	68.686	0.972	899.822
279.004	345.143	80.051	19.995	100.698	19.360	70.311	1.038	899.843
279.504	345.605	80.051	19.995	100.698	19.344	71.590	1.006	899.821
280.003	346.111	80.053	19.994	100.699	19.321	73.290	0.969	899.845
280.502	346.582	80.052	19.994	100.705	19.306	74.423	0.977	899.844
281.003	347.098	80.052	19.994	100.706	19.280	76.431	0.987	899.835
281.503	347.612	80.051	19.993	100.700	19.265	77.584	1.030	899.830
282.002	348.110	80.050	19.995	100.700	19.241	79.380	1.011	899.839
282.503	348.629	80.052	19.993	100.699	19.221	80.850	1.016	899.850
283.003	349.126	80.051	19.994	100.694	19.201	82.432	1.016	899.832
283.503	349.582	80.050	19.994	100.691	19.179	84.086	0.953	899.853
284.003	350.106	80.050	19.993	100.695	19.157	85.729	0.981	899.846
284.503	350.576	80.050	19.993	100.692	19.138	87.130	0.995	899.846
285.002	351.096	80.048	19.993	100.691	19.111	89.203	0.990	899.847
285.503	351.595	80.050	19.993	100.696	19.094	90.553	1.018	899.823
286.003	352.089	80.046	19.992	100.696	19.066	92.730	0.992	899.861
286.503	352.562	80.048	19.992	100.694	19.048	94.252	0.966	899.847
287.003	353.102	80.051	19.993	100.694	19.022	96.273	1.013	899.876
287.504	353.586	80.050	19.993	100.696	18.999	98.106	1.025	899.859
288.004	354.095	80.052	19.993	100.700	18.976	99.989	0.992	899.862
288.504	354.581	80.052	19.992	100.704	18.951	102.023	0.995	899.869
289.003	355.068	80.053	19.993	100.706	18.926	103.984	0.974	899.849
289.503	355.549	80.051	19.992	100.711	18.900	106.027	0.967	899.838
290.003	356.059	80.050	19.992	100.712	18.873	108.035	0.990	899.859
290.503	356.569	80.052	19.993	100.712	18.847	110.044	1.020	899.863
291.004	357.069	80.052	19.993	100.716	18.823	111.857	1.010	899.865
291.504	357.576	80.053	19.993	100.719	18.798	113.623	1.008	899.873
292.003	358.048	80.051	19.992	100.726	18.768	115.711	0.980	899.892
292.503	358.540	80.052	19.992	100.730	18.738	117.959	0.964	899.831
293.003	359.019	80.051	19.994	100.727	18.710	120.056	0.971	899.848
293.503	359.532	80.052	19.992	100.720	18.683	122.033	0.993	899.852
294.003	360.056	80.053	19.992	100.715	18.651	124.403	1.037	899.855
294.503	360.515	80.052	19.993	100.707	18.622	126.578	0.982	899.858
295.004	361.019	80.051	19.992	100.705	18.588	129.039	0.963	899.858
295.503	361.533	80.050	19.992	100.706	18.560	131.081	1.018	899.834
296.003	362.061	80.052	19.993	100.699	18.528	133.395	1.042	899.888
296.503	362.536	80.052	19.992	100.694	18.498	135.569	1.004	899.858
297.003	363.060	80.052	19.992	100.694	18.464	138.167	0.999	899.890
297.504	363.559	80.052	19.992	100.692	18.432	140.581	1.023	899.899
298.004	364.090	80.052	19.992	100.695	18.399	143.086	1.030	899.886
298.504	364.558	80.050	19.993	100.711	18.367	145.521	0.998	899.917
299.004	365.029	80.051	19.993	100.728	18.332	148.284	0.939	899.900
299.504	365.537	80.051	19.993	100.737	18.296	151.029	0.980	899.919
300.003	366.049	80.050	19.993	100.743	18.260	153.782	1.021	899.899
300.503	366.526	80.050	19.993	100.747	18.222	156.693	0.990	899.880
301.003	367.024	80.050	19.993	100.755	18.187	159.337	0.975	899.922
301.503	367.533	80.052	19.994	100.763	18.148	162.296	1.006	899.907
302.003	368.023	80.052	19.994	100.772	18.105	165.522	0.998	899.929
302.503	368.514	80.051	19.994	100.785	18.069	168.227	0.980	899.900
303.003	369.039	80.051	19.993	100.797	18.031	171.062	1.015	899.955
303.504	369.535	80.053	19.993	100.808	17.988	174.226	1.021	899.920
304.004	370.074	80.052	19.994	100.816	17.950	177.154	1.036	899.924
304.503	370.524	80.052	19.994	100.820	17.909	180.324	0.990	899.942
305.003	371.024	80.053	19.992	100.823	17.870	183.347	0.950	899.944
305.503	371.534	80.053	19.994	100.824	17.828	186.821	1.010	899.968
306.003	372.043	80.052	19.992	100.821	17.786	190.239	1.018	899.944
306.504	372.523	80.051	19.993	100.819	17.744	193.610	0.988	899.967
307.003	373.038	80.052	19.993	100.825	17.705	196.768	0.995	899.964
307.503	373.526	80.053	19.993	100.829	17.663	200.034	1.004	899.951
308.003	374.041	80.053	19.993	100.831	17.623	203.073	1.003	899.962
308.503	374.517	80.052	19.993	100.836	17.580	206.424	0.991	899.976
309.004	375.016	80.052	19.992	100.841	17.539	209.514	0.974	899.969
309.503	375.546	80.052	19.993	100.843	17.498	212.780	1.029	899.975
310.003	376.007	80.055	19.992	100.851	17.462	215.671	0.992	899.958
310.503	376.513	80.056	19.992	100.864	17.421	218.746	0.967	899.981
311.003	377.030	80.054	19.993	100.874	17.381	221.474	1.023	899.963
311.503	377.483	80.052	19.993	100.878	17.339	224.476	0.970	899.979
312.003	378.011	80.051	19.993	100.875	17.293	227.730	0.980	899.990
312.504	378.493	80.053	19.993	100.864	17.245	230.977	1.009	899.966
313.004	378.951	80.054	19.993	100.844	17.203	233.823	0.940	899.962
313.504	379.477	80.052	19.993	100.825	17.155	237.331	0.984	899.945
314.004	379.954	80.052	19.992	100.815	17.114	240.443	1.003	899.987
314.503	380.457	80.051	19.992	100.812	17.071	243.776	0.980	899.969
315.004	380.959	80.050	19.992	100.812	17.027	247.165	1.004	899.981
315.504	381.446	80.052	19.992	100.817	16.978	250.979	0.988	899.970
316.004	381.949	80.053	19.992	100.815	16.915	255.863	0.989	899.961
316.504	382.441	80.053	19.992	100.815	16.831	262.299	0.996	899.995
317.003	382.918	80.051	19.992	100.803	16.754	268.278	0.970	899.987
317.503	383.413	80.051	19.992	100.793	16.694	272.791	0.971	900.017
318.004	383.941	80.053	19.993	100.805	16.640	276.738	1.023	900.012
318.503	384.423	80.052	19.993	100.837	16.593	280.155	1.011	900.012
319.003	384.911	80.051	19.993	100.860	16.556	282.866	0.970	899.974
319.503	385.397	80.051	19.992	100.896	16.521	285.095	0.974	900.004
320.003	385.898	80.049	19.992	100.936	16.483	287.312	0.988	899.988
320.503	386.402	80.051	19.992	100.953	16.444	289.845	1.005	900.001
321.003	386.907	80.055	19.993	100.954	16.402	292.813	1.008	900.026
321.504	387.401	80.052	19.991	100.961	16.353	296.419	0.998	900.049
322.004	387.918	80.052	19.993	100.959	16.291	300.976	1.011	900.037
322.504	388.405	80.052	19.993	100.947	16.205	307.456	1.004	900.038
323.003	388.896	80.052	19.993	100.946	16.103	315.562	0.979	900.026
323.503	389.378	80.054	19.993	100.948	15.996	324.145	0.972	900.031
324.004	389.897	80.052	19.993	100.939	15.898	332.133	1.001	900.032
324.504	390.393	80.051	19.993	100.939	15.829	337.809	1.016	900.040
325.003	390.852	80.052	19.993	100.951	15.754	344.004	0.956	900.020
325.503	391.359	80.051	19.993	100.967	15.653	352.576	0.966	900.030
326.003	391.833	80.051	19.993	100.981	15.555	360.684	0.981	900.072
326.504	392.326	80.056	19.993	101.001	15.488	366.471	0.967	900.037
327.004	392.849	80.056	19.992	101.047	15.464	368.414	1.015	900.051
327.504	393.350	80.053	19.993	101.104	15.438	370.495	1.025	900.069
328.004	393.833	80.052	19.993	101.143	15.368	376.042	0.985	900.024
328.503	394.316	80.051	19.992	101.171	15.264	383.930	0.965	900.056
329.004	394.833	80.053	19.993	101.185	15.168	391.255	0.999	900.053
329.504	395.329	80.051	19.993	101.176	15.105	396.248	1.014	900.045
330.003	395.815	80.053	19.993	101.166	15.076	398.827	0.983	900.059
330.503	396.309	80.056	19.994	101.142	15.062	400.215	0.979	900.076
331.004	396.813	80.054	19.994	101.114	15.066	399.964	0.997	900.054
331.504	397.296	80.055	19.994	101.078	15.070	399.666	0.987	900.040
332.004	397.820	80.056	19.994	101.030	15.053	400.821	1.007	900.039
332.504	398.311	80.056	19.993	100.958	15.019	403.174	1.015	900.067
333.003	398.785	80.056	19.993	100.885	14.989	405.270	0.965	900.059
333.503	399.303	80.054	19.993	100.828	14.972	406.561	0.992	900.063
334.004	399.772	80.054	19.992	100.780	14.953	408.070	0.986	900.058
334.504	400.309	80.056	19.993	100.776	14.916	411.040	1.006	900.066
335.004	400.793	80.053	19.994	100.765	14.875	414.337	1.022	900.094
335.504	401.270	80.053	19.994	100.763	14.839	417.140	0.961	900.065
336.004	401.773	80.052	19.994	100.763	14.836	417.392	0.980	900.087
336.503	402.321	80.051	19.993	100.768	14.844	416.683	1.051	900.086
337.003	402.798	80.055	19.992	100.711	14.831	417.528	1.025	900.103
337.504	403.290	80.056	19.993	100.674	14.799	419.945	0.969	900.085
338.003	403.804	80.054	19.992	100.650	14.762	422.689	1.005	900.119
338.504	404.308	80.052	19.992	100.645	14.747	423.894	1.018	900.097
339.004	404.796	80.053	19.993	100.658	14.744	424.184	0.992	900.110
339.504	405.307	80.054	19.992	100.696	14.768	422.533	0.998	900.081
340.004	405.798	80.055	19.992	100.712	14.793	420.724	1.001	900.080
340.505	406.292	80.054	19.994	100.727	14.815	419.030	0.986	900.118
341.004	406.816	80.055	19.994	100.712	14.821	418.467	1.019	900.107
341.504	407.313	80.056	19.994	100.689	14.831	417.804	1.021	900.130
342.004	407.868	80.054	19.993	100.675	14.843	416.941	1.053	900.110
342.503	408.332	80.056	19.992	100.663	14.861	415.697	1.019	900.146
343.004	408.843	80.055	19.993	100.654	14.884	414.044	0.975	900.132
343.504	409.373	80.053	19.993	100.661	14.911	412.168	1.041	900.124
344.004	409.838	80.053	19.993	100.676	14.946	409.645	0.995	900.146
344.503	410.354	80.052	19.994	100.684	14.980	407.050	0.982	900.141
345.003	410.843	80.053	19.994	100.691	15.020	403.970	1.005	900.110
345.503	411.330	80.055	19.994	100.689	15.063	400.667	0.975	900.129
346.004	411.847	80.052	19.995	100.683	15.113	396.870	1.004	900.116
346.504	412.349	80.054	19.994	100.663	15.160	393.249	1.019	900.133
347.004	412.869	80.054	19.993	100.648	15.215	389.112	1.022	900.146
347.504	413.350	80.054	19.993	100.649	15.273	384.828	1.001	900.126
348.004	413.890	80.056	19.993	100.660	15.336	380.173	1.021	900.114
348.504	414.362	80.055	19.994	100.665	15.401	375.334	1.012	900.139
349.004	414.885	80.053	19.993	100.663	15.470	370.177	0.995	900.141
349.504	415.401	80.053	19.991	100.654	15.546	364.452	1.040	900.132
350.003	415.908	80.052	19.992	100.636	15.622	358.663	1.024	900.156
350.503	416.426	80.053	19.993	100.621	15.705	352.276	1.025	900.139
351.003	416.906	80.054	19.993	100.607	15.787	345.917	0.998	900.133
351.504	417.459	80.052	19.994	100.607	15.878	338.874	1.033	900.137
352.004	417.933	80.053	19.994	100.612	15.965	332.139	1.027	900.108
352.503	418.449	80.052	19.994	100.622	16.060	324.746	0.990	900.163
353.003	418.956	80.050	19.994	100.621	16.153	317.433	1.023	900.151
353.504	419.475	80.053	19.993	100.627	16.253	309.549	1.025	900.142
354.004	419.974	80.054	19.994	100.630	16.354	301.671	1.018	900.177
354.503	420.500	80.052	19.994	100.623	16.452	293.990	1.026	900.165
355.003	420.997	80.050	19.993	100.610	16.556	285.770	1.022	900.148
355.504	421.519	80.049	19.994	100.602	16.660	277.568	1.018	900.163
356.004	421.983	80.053	19.994	100.592	16.763	269.382	0.986	900.144
356.504	422.495	80.053	19.994	100.587	16.869	261.013	0.976	900.147
357.004	423.050	80.051	19.994	100.588	16.974	252.600	1.068	900.182
357.503	423.555	80.052	19.994	100.593	17.077	244.422	1.061	900.205
358.004	424.073	80.053	19.993	100.600	17.183	235.902	1.023	900.174
358.504	424.574	80.053	19.993	100.612	17.283	227.828	1.020	900.189
359.004	425.065	80.056	19.994	100.625	17.388	219.401	0.992	900.209
359.504	425.613	80.057	19.994	100.641	17.485	211.536	1.038	900.188
360.004	426.119	80.053	19.994	100.659	17.587	203.332	1.054	900.218
360.504	426.634	80.052	19.994	100.678	17.681	195.692	1.022	900.218
361.003	427.132	80.053	19.994	100.695	17.773	188.282	1.013	900.218
361.503	427.614	80.055	19.994	100.712	17.867	180.708	0.980	900.193
362.003	428.110	80.055	19.994	100.730	17.960	173.208	0.978	900.224
362.503	428.643	80.053	19.994	100.755	18.049	166.189	1.028	900.205
363.004	429.150	80.052	19.995	100.776	18.133	159.420	1.040	900.227
363.504	429.665	80.052	19.994	100.801	18.219	152.714	1.022	900.221
364.004	430.136	80.053	19.993	100.828	18.301	146.298	0.986	900.202
364.504	430.655	80.056	19.993	100.854	18.383	139.890	0.990	900.218
365.003	431.196	80.054	19.994	100.878	18.458	134.030	1.060	900.231
365.504	431.684	80.055	19.995	100.912	18.536	127.940	1.029	900.214
366.004	432.150	80.054	19.993	100.944	18.607	122.377	0.954	900.217
366.504	432.702	80.055	19.993	100.971	18.677	116.887	1.017	900.211
367.004	433.219	80.056	19.993	101.004	18.745	111.579	1.069	900.210
367.504	433.673	80.055	19.993	101.031	18.813	106.222	0.972	900.249
368.003	434.228	80.057	19.994	101.054	18.878	101.191	1.009	900.224
368.504	434.700	80.057	19.995	101.080	18.941	96.250	1.025	900.242
369.004	435.236	80.056	19.994	101.104	18.999	91.665	1.008	900.231
369.504	435.724	80.056	19.994	101.122	19.058	87.135	1.024	900.229
370.004	436.236	80.056	19.994	101.139	19.112	82.947	0.999	900.270
370.504	436.700	80.054	19.994	101.152	19.166	78.775	0.976	900.259
371.004	437.211	80.052	19.995	101.153	19.213	75.192	0.975	900.239
371.504	437.729	80.051	19.994	101.155	19.260	71.593	1.029	900.251
372.004	438.265	80.051	19.994	101.156	19.305	68.238	1.055	900.261
372.504	438.743	80.055	19.995	101.159	19.347	65.014	1.014	900.233
373.005	439.220	80.054	19.994	101.160	19.391	61.705	0.954	900.287
373.505	439.720	80.056	19.994	101.166	19.431	58.745	0.976	900.240
374.005	440.254	80.055	19.995	101.171	19.469	55.893	1.034	900.289
374.505	440.743	80.053	19.995	101.170	19.507	53.039	1.023	900.269
375.004	441.246	80.056	19.994	101.172	19.541	50.482	0.992	900.264
375.505	441.756	80.055	19.993	101.175	19.578	47.729	1.013	900.279
376.004	442.237	80.053	19.993	101.177	19.608	45.558	0.992	900.269
376.504	442.741	80.053	19.994	101.177	19.642	43.070	0.985	900.303
377.004	443.240	80.051	19.994	101.176	19.670	41.061	1.003	900.274
377.504	443.730	80.052	19.993	101.171	19.700	38.928	0.989	900.281
378.004	444.241	80.051	19.994	101.169	19.729	36.914	1.001	900.301
378.504	444.750	80.051	19.993	101.160	19.752	35.316	1.019	900.310
379.005	445.262	80.052	19.993	101.153	19.778	33.405	1.020	900.275
379.504	445.752	80.052	19.994	101.149	19.801	31.797	1.002	900.285
380.004	446.233	80.051	19.993	101.141	19.820	30.499	0.971	900.315
380.505	446.752	80.054	19.995	101.129	19.841	29.033	1.000	900.315
381.004	447.235	80.053	19.993	101.121	19.859	27.798	1.002	900.293
381.504	447.722	80.053	19.992	101.112	19.881	26.280	0.970	900.307
382.004	448.221	80.054	19.993	101.104	19.900	25.075	0.985	900.278
382.505	448.721	80.053	19.994	101.096	19.918	23.966	0.999	900.326
383.005	449.223	80.054	19.993	101.086	19.935	22.800	1.003	900.289
383.504	449.711	80.053	19.993	101.074	19.952	21.740	0.991	900.294
384.004	450.216	80.051	19.993	101.062	19.966	20.768	0.993	900.284
384.505	450.712	80.053	19.992	101.048	19.982	19.742	1.001	900.273
385.004	451.204	80.054	19.994	101.031	19.994	19.002	0.988	900.306
385.504	451.694	80.053	19.993	101.012	20.009	18.071	0.981	900.302
386.004	452.223	80.056	19.993	101.001	20.026	16.916	1.019	900.306
386.505	452.695	80.055	19.993	100.991	20.034	16.472	1.001	900.324
387.004	453.220	80.052	19.992	100.980	20.045	15.846	0.997	900.336
387.505	453.731	80.053	19.992	100.968	20.062	14.746	1.036	900.335
388.005	454.210	80.053	19.992	100.956	20.072	14.190	0.990	900.325
388.504	454.710	80.056	19.994	100.941	20.086	13.274	0.980	900.327
389.004	455.208	80.055	19.993	100.925	20.097	12.645	0.998	900.349
389.504	455.692	80.052	19.993	100.906	20.110	11.733	0.981	900.318
390.005	456.217	80.054	19.993	100.888	20.122	10.950	1.009	900.316
390.504	456.705	80.055	19.995	100.875	20.130	10.496	1.013	900.322
391.004	457.219	80.056	19.994	100.858	20.142	9.736	1.002	900.367
391.504	457.690	80.057	19.993	100.843	20.153	8.919	0.986	900.362
392.004	458.233	80.056	19.993	100.831	20.164	8.035	1.014	900.337
392.505	458.729	80.054	19.992	100.820	20.175	7.131	1.037	900.342
393.005	459.244	80.052	19.993	100.806	20.186	6.308	1.011	900.357
393.505	459.701	80.053	19.993	100.795	20.194	5.694	0.973	900.356
394.005	460.190	80.054	19.992	100.774	20.206	4.759	0.946	900.345
394.505	460.697	80.053	19.993	100.760	20.212	4.286	0.996	900.371
395.005	461.182	80.054	19.993	100.749	20.224	3.385	0.992	900.334
395.505	461.693	80.054	19.992	100.734	20.231	2.823	0.996	900.349
396.004	462.193	80.053	19.993	100.719	20.234	2.544	1.012	900.376
396.504	462.663	80.054	19.993	100.708	20.240	2.057	0.970	900.388
397.004	463.167	80.056	19.994	100.695	20.248	1.446	0.974	900.376
397.504	463.700	80.056	19.993	100.685	20.255	0.981	1.037	900.385
398.004	464.200	80.054	19.992	100.677	20.260	0.694	1.033	900.384
398.504	464.667	80.052	19.994	100.667	20.262	0.637	0.967	900.368
399.005	465.176	80.050	19.993	100.667	20.270	0.147	0.976	900.371
399.505	465.675	80.053	19.993	100.667	20.275	-0.217	1.008	900.396
400.004	466.188	80.051	19.993	100.667	20.275	-0.323	1.013	900.385
400.504	466.694	80.052	19.994	100.671	20.278	-0.587	1.018	900.405
401.004	467.198	80.051	19.993	100.672	20.279	-0.684	1.010	900.406
401.505	467.672	80.051	19.993	100.667	20.283	-0.845	0.979	900.422
402.004	468.190	80.052	19.994	100.666	20.283	-0.745	0.992	900.425
402.504	468.717	80.054	19.994	100.664	20.281	-0.527	1.045	900.421
403.004	469.200	80.053	19.994	100.665	20.286	-0.767	1.010	900.432
403.504	469.693	80.052	19.992	100.672	20.285	-0.638	0.976	900.410
404.004	470.190	80.052	19.993	100.676	20.285	-0.560	0.990	900.432
404.505	470.666	80.052	19.992	100.670	20.286	-0.704	0.973	900.417
405.005	471.182	80.054	19.991	100.661	20.288	-1.023	0.992	900.415
405.505	471.669	80.051	19.991	100.652	20.289	-1.099	1.003	900.458
406.005	472.157	80.051	19.992	100.641	20.292	-1.210	0.976	900.415
406.505	472.690	80.053	19.991	100.638	20.294	-1.377	1.021	900.434
407.005	473.196	80.052	19.993	100.640	20.294	-1.330	1.039	900.444
407.505	473.674	80.056	19.993	100.651	20.295	-1.310	0.983	900.458
408.005	474.163	80.054	19.993	100.652	20.298	-1.326	0.967	900.427
408.505	474.657	80.052	19.993	100.651	20.293	-0.831	0.983	900.436
409.004	475.163	80.052	19.993	100.639	20.295	-0.936	1.000	900.436
409.504	475.691	80.051	19.994	100.626	20.295	-0.902	1.035	900.446
410.004	476.177	80.052	19.994	100.615	20.293	-0.816	1.014	900.439
410.504	476.676	80.054	19.993	100.615	20.295	-0.990	0.983	900.460
411.005	477.178	80.050	19.993	100.612	20.298	-1.351	1.000	900.477
411.506	477.671	80.050	19.994	100.614	20.297	-1.361	0.996	900.463
412.005	478.174	80.051	19.993	100.617	20.300	-1.665	0.997	900.465
412.504	478.684	80.053	19.995	100.622	20.298	-1.527	1.013	900.468
413.004	479.178	80.052	19.995	100.621	20.300	-1.582	1.004	900.487
413.505	479.669	80.052	19.994	100.619	20.300	-1.525	0.985	900.485
414.005	480.181	80.052	19.993	100.621	20.297	-1.224	1.003	900.501
414.505	480.673	80.051	19.993	100.617	20.297	-1.244	1.004	900.497
415.005	481.168	80.051	19.993	100.602	20.299	-1.333	0.986	900.486
415.505	481.699	80.052	19.994	100.585	20.295	-0.916	1.025	900.506
416.004	482.168	80.055	19.994	100.580	20.298	-1.036	1.001	900.484
416.504	482.670	80.051	19.993	100.575	20.299	-0.965	0.971	900.488
417.005	483.163	80.052	19.993	100.575	20.297	-0.855	0.994	900.509
417.505	483.642	80.053	19.992	100.584	20.300	-1.034	0.972	900.482
418.005	484.166	80.051	19.993	100.596	20.298	-0.930	1.003	900.510
418.505	484.664	80.053	19.994	100.599	20.300	-1.207	1.023	900.515
419.005	485.166	80.053	19.992	100.606	20.301	-1.441	1.000	900.521
419.505	485.657	80.051	19.993	100.606	20.298	-1.355	0.993	900.516
420.005	486.170	80.049	19.992	100.602	20.299	-1.415	1.003	900.514
420.505	486.663	80.051	19.992	100.597	20.300	-1.513	1.006	900.554
421.005	487.155	80.052	19.993	100.594	20.299	-1.296	0.986	900.526
421.504	487.662	80.052	19.992	100.590	20.300	-1.296	0.999	900.530
422.004	488.142	80.050	19.992	100.589	20.301	-1.305	0.987	900.547
422.505	488.658	80.051	19.993	100.586	20.302	-1.370	0.996	900.542
423.005	489.144	80.051	19.992	100.578	20.300	-1.256	1.001	900.551
423.505	489.684	80.049	19.992	100.568	20.303	-1.563	1.027	900.548
424.005	490.158	80.052	19.994	100.560	20.301	-1.388	1.015	900.552
424.505	490.665	80.053	19.993	100.557	20.305	-1.663	0.981	900.542
425.005	491.155	80.052	19.993	100.558	20.303	-1.459	0.997	900.558
425.504	491.638	80.050	19.993	100.569	20.304	-1.394	0.973	900.562
426.005	492.149	80.048	19.992	100.584	20.304	-1.225	0.993	900.564
426.506	492.656	80.049	19.993	100.594	20.302	-0.986	1.018	900.537
427.005	493.171	80.051	19.993	100.597	20.301	-0.793	1.023	900.565
427.504	493.663	80.051	19.992	100.597	20.302	-0.835	1.008	900.585
428.004	494.161	80.052	19.992	100.592	20.304	-0.975	0.989	900.613
428.505	494.651	80.054	19.993	100.582	20.306	-1.089	0.987	900.596
429.005	495.147	80.052	19.993	100.576	20.306	-1.154	0.986	900.568
429.505	495.653	80.053	19.995	100.571	20.303	-1.023	1.001	900.625
430.005	496.146	80.053	19.994	100.575	20.306	-1.407	0.999	900.606
430.505	496.661	80.053	19.993	100.579	20.304	-1.260	1.009	900.598
431.004	497.163	80.053	19.993	100.583	20.299	-0.981	1.017	900.592
431.505	497.648	80.053	19.992	100.585	20.299	-1.088	0.987	900.610
432.005	498.140	80.055	19.993	100.580	20.301	-1.336	0.978	900.590
432.504	498.663	80.053	19.993	100.568	20.302	-1.515	1.016	900.585
433.004	499.134	80.053	19.992	100.558	20.303	-1.722	0.993	900.608
433.505	499.648	80.057	19.993	100.549	20.303	-1.878	0.984	900.578
434.005	500.119	80.052	19.993	100.541	20.302	-1.948	0.984	900.620
434.505	500.653	80.055	19.994	100.539	20.298	-1.672	1.005	900.588
435.005	501.112	80.058	19.994	100.535	20.305	-2.227	0.994	900.623
435.505	501.624	80.056	19.993	100.533	20.303	-1.966	0.971	900.608
436.005	502.152	80.055	19.995	100.536	20.306	-2.152	1.039	900.635
436.505	502.632	80.054	19.994	100.542	20.302	-1.719	1.009	900.610
437.004	503.126	80.051	19.992	100.550	20.304	-1.734	0.974	900.629
437.505	503.594	80.053	19.993	100.559	20.305	-1.693	0.962	900.615
438.005	504.104	80.052	19.994	100.564	20.304	-1.544	0.978	900.604
438.505	504.620	80.052	19.994	100.565	20.302	-1.300	1.027	900.604
439.004	505.129	80.054	19.994	100.569	20.304	-1.308	1.025	900.625
439.504	505.615	80.053	19.994	100.577	20.305	-1.368	0.994	900.614
440.004	506.120	80.055	19.993	100.588	20.308	-1.521	0.991	900.610
440.505	506.632	80.058	19.993	100.602	20.306	-1.356	1.017	900.622
441.005	507.111	80.056	19.993	100.614	20.309	-1.556	0.990	900.646
441.505	507.596	80.055	19.994	100.619	20.307	-1.410	0.964	900.640
442.005	508.091	80.054	19.993	100.616	20.309	-1.553	0.981	900.652
442.505	508.577	80.054	19.993	100.612	20.309	-1.595	0.981	900.624
443.006	509.103	80.056	19.993	100.608	20.305	-1.285	1.011	900.683
443.506	509.612	80.054	19.994	100.605	20.303	-1.143	1.035	900.647
444.005	510.096	80.053	19.993	100.597	20.306	-1.257	0.993	900.674
444.505	510.611	80.056	19.994	100.587	20.306	-1.222	0.999	900.675
445.005	511.108	80.055	19.994	100.577	20.307	-1.291	1.012	900.663
445.506	511.624	80.056	19.994	100.570	20.301	-0.870	1.012	900.685
446.005	512.106	80.058	19.994	100.562	20.305	-1.164	0.998	900.646
446.505	512.637	80.057	19.995	100.559	20.303	-0.935	1.013	900.693
447.005	513.142	80.057	19.995	100.558	20.302	-0.921	1.036	900.675
447.505	513.642	80.055	19.994	100.555	20.303	-1.088	1.005	900.662
448.005	514.120	80.056	19.994	100.548	20.306	-1.226	0.978	900.679
448.505	514.610	80.060	19.993	100.550	20.307	-1.343	0.967	900.666
449.005	515.131	80.059	19.993	100.553	20.311	-1.667	1.012	900.698
449.505	515.610	80.056	19.992	100.552	20.307	-1.495	1.000	900.668
450.005	516.120	80.057	19.994	100.555	20.308	-1.621	0.989	900.706
450.505	516.633	80.054	19.995	100.556	20.309	-1.785	1.024	900.695
451.005	517.138	80.055	19.993	100.550	20.307	-1.746	1.017	900.669
451.506	517.613	80.058	19.993	100.542	20.307	-1.773	0.979	900.706
452.005	518.118	80.056	19.995	100.542	20.311	-2.028	0.981	900.712
452.505	518.633	80.055	19.993	100.542	20.310	-1.848	1.021	900.707
453.005	519.148	80.053	19.993	100.545	20.308	-1.556	1.031	900.714
453.505	519.650	80.055	19.992	100.543	20.312	-1.700	1.018	900.748
454.005	520.131	80.055	19.993	100.544	20.311	-1.513	0.983	900.704
454.505	520.605	80.054	19.994	100.546	20.311	-1.320	0.954	900.703
455.005	521.138	80.055	19.994	100.546	20.312	-1.317	1.008	900.760
455.505	521.624	80.054	19.993	100.543	20.313	-1.385	1.019	900.711
456.005	522.121	80.054	19.994	100.547	20.312	-1.231	0.982	900.699
456.505	522.628	80.054	19.993	100.552	20.309	-1.053	1.004	900.737
457.005	523.132	80.056	19.994	100.555	20.311	-1.317	1.011	900.728
457.505	523.615	80.054	19.994	100.560	20.314	-1.738	0.988	900.717
458.005	524.131	80.053	19.994	100.572	20.310	-1.596	0.999	900.746
458.505	524.642	80.051	19.994	100.578	20.310	-1.706	1.026	900.746
459.005	525.119	80.051	19.993	100.578	20.311	-1.904	0.988	900.739
459.506	525.601	80.052	19.993	100.572	20.310	-1.790	0.959	900.760
460.006	526.125	80.052	19.993	100.559	20.309	-1.653	1.006	900.731
460.505	526.616	80.052	19.993	100.547	20.310	-1.755	1.015	900.731
461.006	527.115	80.053	19.992	100.538	20.311	-1.871	0.990	900.754
461.505	527.614	80.050	19.992	100.530	20.310	-1.721	0.999	900.754
462.005	528.118	80.053	19.992	100.522	20.311	-1.809	1.003	900.753
462.505	528.613	80.052	19.992	100.517	20.304	-1.368	1.000	900.768
463.005	529.108	80.054	19.992	100.512	20.306	-1.458	0.990	900.769
463.505	529.604	80.053	19.993	100.510	20.305	-1.360	0.990	900.766
464.005	530.127	80.054	19.993	100.513	20.308	-1.431	1.019	900.791
464.505	530.601	80.056	19.991	100.526	20.310	-1.492	0.997	900.775
465.005	531.141	80.055	19.992	100.541	20.312	-1.509	1.013	900.812
465.505	531.621	80.054	19.992	100.553	20.312	-1.455	1.019	900.783
466.006	532.163	80.054	19.993	100.563	20.313	-1.519	1.022	900.764
466.506	532.600	80.053	19.991	100.567	20.313	-1.546	0.979	900.746
467.006	533.098	80.054	19.993	100.561	20.314	-1.651	0.935	900.781
467.506	533.625	80.056	19.993	100.555	20.313	-1.639	1.025	900.788
468.005	534.130	80.057	19.992	100.555	20.309	-1.469	1.032	900.799
468.505	534.617	80.055	19.994	100.555	20.311	-1.657	0.993	900.808
469.005	535.096	80.053	19.995	100.559	20.312	-1.788	0.965	900.797
469.505	535.616	80.053	19.994	100.561	20.311	-1.678	0.999	900.826
470.005	536.122	80.053	19.993	100.565	20.310	-1.539	1.026	900.776
470.506	536.629	80.054	19.991	100.559	20.314	-1.775	1.014	900.821
471.005	537.153	80.053	19.993	100.554	20.314	-1.729	1.031	900.835
471.506	537.593	80.054	19.993	100.545	20.318	-1.952	0.963	900.803
472.006	538.091	80.052	19.992	100.537	20.312	-1.477	0.939	900.828
472.505	538.602	80.051	19.993	100.528	20.314	-1.698	1.010	900.818
473.005	539.112	80.055	19.994	100.526	20.315	-1.794	1.021	900.803
473.505	539.595	80.055	19.994	100.524	20.313	-1.757	0.993	900.846
474.005	540.138	80.054	19.994	100.526	20.311	-1.610	1.026	900.842
474.505	540.609	80.054	19.995	100.530	20.310	-1.638	1.013	900.835
475.005	541.114	80.055	19.993	100.538	20.311	-1.714	0.976	900.838
475.505	541.606	80.057	19.993	100.546	20.311	-1.726	0.997	900.818
476.005	542.119	80.055	19.993	100.549	20.315	-2.048	1.005	900.844
476.506	542.632	80.055	19.993	100.550	20.316	-2.160	1.026	900.849
477.006	543.090	80.055	19.994	100.549	20.315	-2.000	0.971	900.808
477.505	543.609	80.052	19.993	100.542	20.312	-1.797	0.977	900.822
478.006	544.101	80.055	19.994	100.534	20.312	-1.770	1.011	900.833
478.505	544.609	80.058	19.994	100.529	20.311	-1.630	1.001	900.841
479.005	545.083	80.057	19.993	100.526	20.314	-1.889	0.982	900.839
479.505	545.596	80.055	19.994	100.529	20.313	-1.864	0.986	900.864
480.005	546.083	80.053	19.995	100.534	20.315	-1.991	0.999	900.834
480.505	546.570	80.052	19.994	100.540	20.316	-2.041	0.974	900.840
481.005	547.137	80.055	19.994	100.543	20.314	-1.870	1.055	900.846
481.505	547.634	80.052	19.993	100.547	20.318	-2.187	1.064	900.840
482.005	548.116	80.053	19.995	100.549	20.317	-2.031	0.978	900.841
482.506	548.605	80.056	19.994	100.551	20.316	-1.906	0.971	900.900
483.006	549.128	80.054	19.994	100.553	20.316	-1.859	1.012	900.869
483.505	549.590	80.054	19.993	100.554	20.315	-1.812	0.985	900.839
484.005	550.118	80.056	19.994	100.552	20.315	-1.733	0.990	900.840
484.506	550.594	80.056	19.993	100.549	20.317	-1.866	1.004	900.872
485.006	551.104	80.056	19.993	100.547	20.314	-1.653	0.986	900.859
485.505	551.595	80.055	19.994	100.545	20.314	-1.673	1.001	900.843
486.005	552.079	80.057	19.993	100.544	20.316	-1.912	0.976	900.879
486.505	552.580	80.056	19.993	100.548	20.314	-1.714	0.986	900.872
487.005	553.095	80.053	19.992	100.550	20.314	-1.780	1.015	900.890
487.505	553.583	80.055	19.993	100.548	20.315	-1.922	1.002	900.882
488.005	554.093	80.053	19.993	100.548	20.312	-1.802	0.997	900.891
488.506	554.573	80.049	19.992	100.547	20.314	-2.012	0.989	900.864
489.006	555.100	80.053	19.992	100.543	20.314	-2.013	1.007	900.904
489.506	555.563	80.053	19.993	100.539	20.314	-2.052	0.990	900.900
490.006	556.083	80.053	19.992	100.537	20.315	-2.085	0.984	900.898
490.505	556.596	80.052	19.992	100.533	20.313	-1.983	1.034	900.888
491.005	557.081	80.051	19.993	100.532	20.316	-2.152	0.997	900.926
491.505	557.600	80.053	19.993	100.532	20.314	-1.967	1.004	900.883
492.005	558.119	80.052	19.992	100.530	20.315	-2.012	1.037	900.900
492.505	558.623	80.051	19.993	100.529	20.316	-1.999	1.021	900.904
493.006	559.106	80.050	19.992	100.533	20.317	-2.098	0.987	900.915
493.506	559.612	80.051	19.993	100.533	20.315	-1.993	0.989	900.915
494.006	560.091	80.050	19.992	100.535	20.317	-1.975	0.985	900.906
494.506	560.615	80.053	19.992	100.540	20.315	-1.829	1.004	900.906
495.006	561.113	80.054	19.993	100.544	20.316	-1.940	1.023	900.921
495.506	561.571	80.052	19.993	100.550	20.315	-1.877	0.957	900.941
496.005	562.053	80.053	19.993	100.553	20.319	-2.144	0.940	900.933
496.505	562.552	80.051	19.993	100.557	20.317	-1.979	0.981	900.934
497.006	563.060	80.052	19.993	100.557	20.319	-2.134	1.006	900.916
497.506	563.541	80.052	19.993	100.556	20.316	-1.927	0.989	900.948
498.006	564.086	80.050	19.992	100.551	20.318	-1.971	1.026	900.921
498.506	564.564	80.051	19.992	100.552	20.316	-1.704	1.023	900.923
499.006	565.071	80.051	19.993	100.550	20.318	-1.822	0.986	900.927
499.505	565.590	80.052	19.993	100.546	20.315	-1.512	1.027	900.955
500.005	566.062	80.054	19.992	100.545	20.317	-1.629	0.990	900.956
500.505	566.576	80.053	19.993	100.544	20.315	-1.509	0.985	900.914
501.006	567.080	80.051	19.993	100.542	20.317	-1.702	1.018	900.933
501.506	567.563	80.051	19.992	100.536	20.316	-1.686	0.987	900.962
502.005	568.040	80.050	19.994	100.536	20.316	-1.730	0.960	900.925
502.505	568.567	80.051	19.993	100.538	20.317	-1.808	1.005	900.948
503.005	569.059	80.051	19.994	100.536	20.315	-1.723	1.019	900.982
503.505	569.566	80.050	19.993	100.533	20.316	-1.784	0.999	900.950
504.006	570.078	80.053	19.992	100.538	20.320	-2.094	1.019	900.932
504.506	570.579	80.053	19.992	100.539	20.318	-1.959	1.013	900.942
505.006	571.073	80.050	19.993	100.534	20.316	-1.866	0.995	900.958
505.506	571.616	80.053	19.992	100.527	20.318	-2.110	1.037	900.993
506.006	572.085	80.052	19.994	100.521	20.318	-2.244	1.012	900.987
506.506	572.595	80.050	19.993	100.516	20.315	-2.096	0.978	900.957
507.006	573.088	80.049	19.992	100.510	20.317	-2.265	1.003	900.978
507.506	573.575	80.050	19.993	100.509	20.312	-1.809	0.981	900.972
508.006	574.063	80.052	19.994	100.515	20.313	-1.777	0.975	900.974
508.506	574.560	80.051	19.994	100.521	20.315	-1.913	0.985	900.972
509.005	575.049	80.050	19.993	100.523	20.317	-2.071	0.986	900.989
509.506	575.550	80.052	19.993	100.529	20.315	-1.956	0.990	900.960
510.005	576.079	80.051	19.993	100.529	20.317	-2.255	1.030	900.985
510.505	576.565	80.055	19.993	100.528	20.316	-2.221	1.015	900.977
511.006	577.058	80.056	19.993	100.526	20.319	-2.547	0.979	900.968
511.506	577.556	80.054	19.993	100.528	20.316	-2.342	0.991	901.016
512.006	578.069	80.053	19.993	100.530	20.316	-2.287	1.011	900.972
512.506	578.570	80.050	19.992	100.540	20.314	-2.047	1.015	900.971
513.006	579.087	80.053	19.993	100.544	20.318	-2.209	1.017	901.004
513.506	579.560	80.055	19.993	100.552	20.319	-2.284	0.989	900.997
514.006	580.074	80.052	19.993	100.555	20.318	-2.217	0.988	901.001
514.506	580.570	80.051	19.993	100.555	20.318	-2.210	1.011	901.004
515.005	581.089	80.052	19.992	100.547	20.319	-2.279	1.014	901.005
515.506	581.591	80.049	19.992	100.545	20.319	-2.281	1.019	901.002
516.006	582.079	80.052	19.993	100.539	20.319	-2.318	0.991	900.978
516.506	582.564	80.052	19.992	100.541	20.320	-2.364	0.974	901.031
517.006	583.088	80.051	19.992	100.548	20.319	-2.226	1.008	900.983
517.506	583.569	80.054	19.993	100.559	20.320	-2.274	1.004	900.999
518.006	584.046	80.054	19.992	100.564	20.321	-2.290	0.959	900.990
518.506	584.580	80.054	19.993	100.568	20.317	-1.985	1.011	901.024
519.006	585.069	80.054	19.993	100.568	20.320	-2.111	1.022	901.028
519.506	585.604	80.054	19.993	100.560	20.317	-1.863	1.025	900.999
520.006	586.068	80.054	19.992	100.551	20.317	-1.827	0.999	901.010
520.506	586.591	80.057	19.993	100.545	20.319	-2.007	0.987	900.982
521.006	587.087	80.055	19.992	100.542	20.317	-1.915	1.019	901.007
521.506	587.585	80.054	19.993	100.544	20.317	-1.950	0.994	901.001
522.005	588.079	80.057	19.992	100.545	20.318	-2.017	0.992	901.025
522.506	588.565	80.054	19.992	100.546	20.316	-1.971	0.980	901.025
523.006	589.070	80.052	19.993	100.549	20.316	-2.112	0.991	901.023
523.506	589.545	80.053	19.992	100.551	20.316	-2.057	0.979	901.029
524.007	590.080	80.054	19.993	100.544	20.317	-2.062	1.010	901.003
524.507	590.575	80.056	19.994	100.541	20.317	-2.064	1.031	901.040
525.006	591.086	80.054	19.993	100.539	20.319	-2.285	1.007	901.044
525.506	591.556	80.055	19.993	100.536	20.315	-1.971	0.981	901.019
526.006	592.068	80.056	19.992	100.532	20.316	-2.089	0.982	901.021
526.506	592.555	80.055	19.992	100.530	20.317	-2.240	0.999	901.014
527.006	593.062	80.057	19.993	100.529	20.319	-2.448	0.995	901.004
527.506	593.565	80.057	19.992	100.527	20.317	-2.249	1.009	901.057
528.006	594.049	80.055	19.992	100.527	0.000	0.000	0.986	901.038
528.506	594.574	80.054	19.994	100.530	0.000	0.000	1.009	901.037
529.006	595.053	80.052	19.993	100.534	0.000	0.000	1.004	901.043
529.506	595.542	80.053	19.993	100.538	0.000	0.000	0.968	901.046
530.007	596.089	80.053	19.993	100.546	0.000	0.000	1.036	901.039
530.506	596.583	80.051	19.993	100.552	0.000	0.000	1.041	901.052
531.006	597.039	80.053	19.992	100.547	0.000	0.000	0.950	901.071
531.506	597.541	80.052	19.993	100.543	0.000	0.000	0.958	901.047
532.006	598.053	80.053	19.994	100.545	0.000	0.000	1.014	901.047
532.506	598.573	80.056	19.993	100.547	0.000	0.000	1.032	901.051
533.006	599.070	80.056	19.993	100.544	0.000	0.000	1.016	901.096
533.506	599.555	80.054	19.993	100.554	0.000	0.000	0.981	901.055
534.006	600.043	80.054	19.992	100.559	0.000	0.000	0.973	901.073
534.506	600.580	80.053	19.992	100.555	0.000	0.000	1.025	901.074
535.006	601.088	80.054	19.992	100.550	0.000	0.000	1.045	901.051
535.506	601.543	80.054	19.994	100.544	0.000	0.000	0.963	901.045
536.006	602.060	80.056	19.993	100.537	0.000	0.000	0.973	901.056
536.506	602.564	80.059	19.994	100.538	0.000	0.000	1.022	901.069
537.006	603.058	80.057	19.993	100.544	0.000	0.000	0.998	901.039
537.506	603.557	80.055	19.992	100.547	0.000	0.000	0.993	901.084
