File Name:	PMMA_CN_20mm_60Kmin_4mg_R4.txt	Version: 8.3.7.3
Date:	06 Sep 2024
Operator:	KH
Test ID:	PMMA_CN_20mm_4mg_60K_R4
Sample ID:	PMMA_CN_20mm_4mg
Sample Mass (mg):	3.9500
Sample Cup Mass (mg):	182.3500
End Total Mass (mg):	0.0000
Heating Rate (C/s):	1.0000
Combuster Temperature (C):	900.0
N2 Flow Rate (cc/min):	80.0
O2 Flow Rate (cc/min):	20.0
Calibration File:	Coeff.txt
T Correction Coefficients:	0.308738730	0.013615500	0.000000000
Time Shift (s):	10.0
Pre-Test Comments:
Post-Test Comments:
Baseline Flow:	100.406
Baseline O2:	20.370
Instrument ID:	2700
@
Time (s)	Temperature (C)	N2 Flow (cc/min)	O2 Flow (cc/min)	Total Flow (cc/min)	Oxygen (%)	HRR (W/g)	Heating Rate (C/s)	Combustor Temp (C)
0.000	75.083	80.100	19.997	100.406	20.383	-9.003	0.053	900.221
0.500	75.046	80.100	19.998	100.376	20.367	-7.947	-0.030	900.238
1.000	75.098	80.102	19.998	100.345	20.347	-6.552	0.014	900.216
1.500	75.128	80.100	19.997	100.323	20.326	-4.982	0.083	900.231
2.000	75.143	80.099	19.998	100.345	20.309	-3.670	0.045	900.221
2.501	75.209	80.101	19.999	100.407	20.294	-2.599	0.081	900.205
3.001	75.203	80.100	19.998	100.502	20.280	-1.543	0.060	900.220
3.500	75.266	80.100	19.997	100.612	20.270	-0.768	0.057	900.212
4.000	75.288	80.100	19.997	100.719	20.263	-0.139	0.085	900.192
4.500	75.381	80.099	19.997	100.799	20.259	0.059	0.115	900.223
5.000	75.468	80.100	19.997	100.851	20.257	-0.221	0.180	900.227
5.500	75.534	80.099	19.997	100.889	20.251	-0.936	0.153	900.250
6.000	75.636	80.098	19.996	100.920	20.249	-2.596	0.167	900.259
6.500	75.724	80.100	19.997	100.951	20.251	-4.960	0.189	900.216
7.000	75.810	80.099	19.997	100.973	20.251	-7.153	0.174	900.245
7.501	75.966	80.099	19.997	100.988	20.248	-8.852	0.242	900.226
8.001	76.054	80.100	19.997	100.997	20.244	-10.121	0.244	900.237
8.501	76.147	80.098	19.997	101.005	20.244	-10.901	0.182	900.267
9.001	76.317	80.098	19.997	101.008	20.241	-10.734	0.263	900.248
9.500	76.408	80.097	19.996	101.015	20.245	-10.702	0.260	900.264
10.000	76.551	80.098	19.996	101.021	20.239	-9.827	0.234	900.243
10.500	76.713	80.100	19.997	101.021	20.230	-8.657	0.305	900.252
11.001	76.862	80.099	19.997	101.020	20.211	-6.719	0.312	900.263
11.501	77.013	80.099	19.996	101.017	20.178	-3.706	0.301	900.257
12.001	77.200	80.101	19.997	101.025	20.150	-1.030	0.337	900.267
12.501	77.361	80.101	19.997	101.063	20.122	1.606	0.347	900.253
13.001	77.562	80.102	19.996	101.157	20.107	3.270	0.362	900.272
13.501	77.804	80.104	19.998	101.308	20.094	4.821	0.443	900.265
14.001	78.015	80.103	19.998	101.484	20.086	5.980	0.452	900.244
14.501	78.291	80.102	19.997	101.649	20.087	6.336	0.488	900.238
15.001	78.583	80.102	19.998	101.781	20.088	6.681	0.569	900.247
15.501	78.881	80.102	19.997	101.851	20.093	6.721	0.589	900.274
16.001	79.200	80.104	19.998	101.859	20.101	6.396	0.616	900.253
16.501	79.524	80.101	19.998	101.838	20.102	6.585	0.643	900.256
17.002	79.824	80.102	19.998	101.812	20.114	5.853	0.625	900.253
17.501	80.169	80.102	19.998	101.781	20.120	5.723	0.645	900.271
18.001	80.549	80.099	19.997	101.753	20.125	5.631	0.725	900.278
18.501	80.889	80.103	19.997	101.723	20.132	5.395	0.721	900.263
19.000	81.305	80.101	19.998	101.695	20.137	5.291	0.756	900.238
19.501	81.703	80.100	19.999	101.667	20.147	4.894	0.814	900.243
20.001	82.073	80.100	19.998	101.641	20.151	4.838	0.767	900.247
20.501	82.488	80.098	19.998	101.608	20.158	4.581	0.785	900.260
21.001	82.928	80.101	19.997	101.573	20.163	4.462	0.855	900.244
21.501	83.345	80.100	19.998	101.534	20.168	4.349	0.857	900.259
22.001	83.767	80.098	19.999	101.501	20.176	3.949	0.840	900.238
22.501	84.221	80.101	19.998	101.474	20.180	3.779	0.875	900.272
23.001	84.659	80.103	19.998	101.453	20.187	3.526	0.892	900.266
23.501	85.105	80.099	19.998	101.435	20.191	3.493	0.886	900.273
24.000	85.589	80.103	19.998	101.420	20.193	3.673	0.931	900.269
24.501	86.060	80.103	19.998	101.401	20.197	3.574	0.954	900.245
25.001	86.546	80.102	19.999	101.376	20.207	3.060	0.956	900.274
25.501	86.980	80.101	19.999	101.355	20.205	3.367	0.920	900.268
26.001	87.467	80.101	19.999	101.334	20.211	3.210	0.922	900.257
26.501	87.908	80.101	19.999	101.310	20.210	3.390	0.929	900.261
27.001	88.438	80.102	19.999	101.285	20.215	2.966	0.970	900.253
27.501	88.885	80.100	19.999	101.267	20.218	2.868	0.977	900.256
28.001	89.408	80.102	19.999	101.252	20.223	2.639	0.970	900.276
28.501	89.901	80.101	19.999	101.233	20.225	2.627	1.015	900.240
29.001	90.429	80.101	19.999	101.214	20.230	2.344	1.021	900.268
29.501	90.909	80.103	19.998	101.202	20.230	2.501	1.009	900.277
30.001	91.428	80.104	19.999	101.184	20.232	2.555	1.000	900.258
30.501	91.941	80.103	20.000	101.164	20.237	2.272	1.033	900.268
31.000	92.449	80.103	19.999	101.145	20.239	2.138	1.021	900.280
31.500	92.983	80.101	19.998	101.125	20.241	1.995	1.041	900.287
32.001	93.448	80.104	19.998	101.106	20.242	1.833	0.998	900.294
32.501	93.989	80.104	19.998	101.093	20.243	1.873	1.006	900.263
33.001	94.461	80.103	19.998	101.080	20.245	1.829	1.013	900.273
33.501	95.043	80.104	19.997	101.063	20.244	1.908	1.053	900.308
34.001	95.534	80.104	19.998	101.061	20.248	1.734	1.072	900.315
34.501	96.058	80.100	19.998	101.057	20.248	1.847	1.015	900.278
35.001	96.606	80.104	19.998	101.048	20.251	1.692	1.072	900.299
35.501	97.106	80.105	19.998	101.037	20.255	1.421	1.048	900.283
36.001	97.618	80.102	19.999	101.033	20.255	1.463	1.011	900.311
36.501	98.123	80.102	19.998	101.018	20.256	1.441	1.018	900.286
37.001	98.633	80.101	19.998	101.003	20.253	1.763	1.015	900.292
37.501	99.199	80.101	19.997	100.995	20.256	1.589	1.076	900.266
38.002	99.737	80.103	19.997	100.988	20.254	1.982	1.104	900.296
38.502	100.245	80.102	19.998	100.989	20.256	1.906	1.046	900.283
39.001	100.793	80.104	19.997	100.993	20.260	1.695	1.057	900.277
39.501	101.305	80.104	19.997	100.997	20.262	1.549	1.060	900.294
40.002	101.805	80.102	19.998	100.989	20.262	1.542	1.012	900.287
40.501	102.335	80.103	19.997	100.984	20.267	1.192	1.031	900.275
41.001	102.873	80.103	19.997	100.976	20.266	1.237	1.068	900.273
41.501	103.415	80.103	19.999	100.966	20.264	1.384	1.081	900.270
42.001	103.965	80.101	19.999	100.954	20.268	1.175	1.092	900.288
42.501	104.509	80.101	19.999	100.956	20.270	1.059	1.093	900.270
43.002	105.011	80.101	19.998	100.956	20.272	0.931	1.046	900.281
43.501	105.609	80.100	19.998	100.951	20.270	1.118	1.100	900.283
44.001	106.094	80.101	19.999	100.950	20.270	1.182	1.083	900.248
44.501	106.619	80.103	19.999	100.943	20.272	1.170	1.010	900.282
45.002	107.162	80.101	19.997	100.931	20.270	1.327	1.067	900.261
45.502	107.711	80.102	19.998	100.917	20.274	1.065	1.093	900.284
46.001	108.241	80.105	19.998	100.909	20.275	1.055	1.080	900.255
46.501	108.769	80.103	19.998	100.905	20.279	0.782	1.057	900.293
47.001	109.318	80.101	19.999	100.907	20.278	0.929	1.076	900.277
47.502	109.838	80.101	19.999	100.907	20.279	0.813	1.070	900.290
48.001	110.359	80.099	19.999	100.913	20.279	0.800	1.041	900.292
48.501	110.910	80.101	19.997	100.912	20.276	1.071	1.072	900.298
49.001	111.483	80.101	19.997	100.907	20.278	0.974	1.125	900.297
49.501	112.009	80.101	19.998	100.901	20.280	0.921	1.099	900.289
50.001	112.538	80.102	19.998	100.896	20.280	0.888	1.055	900.315
50.501	113.083	80.103	19.998	100.891	20.283	0.654	1.073	900.330
51.001	113.578	80.102	19.998	100.893	20.281	0.803	1.040	900.305
51.501	114.133	80.103	19.998	100.886	20.281	0.825	1.050	900.307
52.001	114.678	80.102	19.998	100.880	20.278	1.041	1.100	900.317
52.501	115.200	80.103	19.998	100.878	20.281	0.956	1.068	900.330
53.001	115.739	80.101	19.998	100.873	20.281	1.056	1.061	900.294
53.501	116.254	80.101	19.998	100.867	20.280	1.267	1.053	900.293
54.001	116.813	80.105	19.998	100.867	20.282	1.176	1.073	900.294
54.501	117.310	80.101	19.997	100.869	20.280	1.293	1.055	900.294
55.001	117.847	80.102	19.998	100.868	20.283	1.030	1.034	900.314
55.501	118.400	80.102	19.998	100.869	20.284	0.902	1.091	900.265
56.001	118.911	80.101	19.998	100.864	20.283	0.996	1.064	900.302
56.501	119.438	80.103	19.998	100.858	20.287	0.711	1.038	900.299
57.001	120.013	80.103	19.998	100.856	20.283	1.031	1.103	900.320
57.500	120.566	80.102	19.998	100.855	20.287	0.742	1.128	900.311
58.001	121.082	80.102	19.999	100.856	20.286	0.727	1.068	900.288
58.502	121.625	80.100	19.999	100.862	20.290	0.468	1.060	900.329
59.001	122.177	80.100	19.999	100.861	20.290	0.477	1.095	900.291
59.501	122.661	80.101	19.999	100.856	20.291	0.422	1.036	900.304
60.001	123.218	80.100	19.998	100.845	20.288	0.632	1.042	900.275
60.501	123.715	80.100	19.998	100.835	20.289	0.552	1.053	900.298
61.001	124.267	80.100	19.999	100.823	20.286	0.908	1.048	900.287
61.501	124.787	80.098	19.998	100.824	20.286	0.947	1.072	900.318
62.002	125.304	80.101	19.998	100.828	20.285	0.886	1.037	900.317
62.501	125.869	80.100	19.998	100.834	20.286	0.788	1.082	900.285
63.001	126.374	80.101	19.997	100.837	20.285	0.842	1.070	900.287
63.501	126.892	80.100	19.999	100.836	20.287	0.730	1.024	900.285
64.001	127.432	80.101	19.999	100.834	20.285	0.938	1.058	900.296
64.501	127.931	80.102	19.999	100.829	20.285	0.921	1.038	900.285
65.001	128.492	80.104	19.998	100.830	20.285	1.027	1.059	900.278
65.502	129.020	80.101	19.997	100.834	20.286	1.011	1.088	900.300
66.001	129.574	80.102	19.998	100.837	20.285	1.066	1.083	900.340
66.501	130.083	80.102	19.997	100.835	20.285	1.042	1.062	900.321
67.002	130.567	80.101	19.997	100.831	20.284	1.072	0.992	900.312
67.502	131.112	80.106	19.998	100.829	20.284	1.178	1.030	900.277
68.001	131.637	80.104	19.998	100.825	20.280	1.545	1.070	900.294
68.502	132.176	80.103	19.997	100.824	20.279	1.654	1.064	900.307
69.001	132.683	80.105	19.998	100.823	20.282	1.500	1.047	900.305
69.501	133.213	80.103	19.998	100.833	20.284	1.341	1.037	900.319
70.001	133.728	80.104	19.997	100.835	20.284	1.345	1.045	900.309
70.501	134.260	80.103	19.997	100.832	20.282	1.508	1.046	900.283
71.002	134.783	80.100	19.997	100.832	20.283	1.396	1.054	900.277
71.502	135.313	80.103	19.998	100.829	20.282	1.580	1.053	900.299
72.001	135.807	80.101	19.998	100.822	20.282	1.624	1.025	900.283
72.501	136.383	80.101	19.998	100.817	20.281	1.716	1.070	900.286
73.001	136.877	80.105	19.998	100.819	20.283	1.577	1.070	900.316
73.501	137.412	80.103	19.999	100.822	20.281	1.742	1.029	900.308
74.001	137.958	80.102	19.998	100.825	20.283	1.587	1.080	900.305
74.501	138.493	80.102	19.998	100.821	20.281	1.691	1.081	900.284
75.001	138.957	80.099	19.998	100.818	20.285	1.365	0.999	900.304
75.501	139.518	80.101	19.998	100.812	20.284	1.401	1.025	900.299
76.001	140.030	80.100	19.997	100.807	20.281	1.644	1.073	900.334
76.501	140.599	80.101	19.997	100.803	20.283	1.477	1.081	900.317
77.001	141.074	80.101	19.997	100.804	20.282	1.598	1.044	900.310
77.501	141.612	80.100	19.998	100.806	20.284	1.519	1.013	900.322
78.002	142.127	80.100	19.998	100.806	20.282	1.732	1.052	900.291
78.502	142.665	80.103	19.998	100.804	20.281	1.836	1.053	900.318
79.002	143.162	80.101	19.998	100.802	20.282	1.803	1.035	900.304
79.501	143.666	80.101	19.998	100.797	20.280	2.005	1.001	900.327
80.001	144.199	80.102	19.998	100.794	20.280	2.026	1.037	900.306
80.501	144.737	80.099	19.998	100.795	20.282	1.843	1.071	900.290
81.001	145.222	80.102	19.998	100.796	20.279	2.087	1.023	900.319
81.501	145.724	80.103	19.997	100.800	20.278	2.223	0.987	900.318
82.001	146.254	80.101	19.997	100.802	20.281	2.041	1.032	900.326
82.501	146.788	80.103	19.997	100.802	20.275	2.512	1.065	900.319
83.001	147.319	80.101	19.998	100.803	20.279	2.170	1.065	900.319
83.501	147.832	80.103	19.997	100.801	20.279	2.188	1.043	900.321
84.002	148.332	80.104	19.997	100.799	20.275	2.364	1.013	900.291
84.502	148.894	80.103	19.997	100.801	20.279	2.104	1.063	900.348
85.001	149.385	80.101	19.996	100.796	20.279	2.124	1.053	900.310
85.501	149.915	80.100	19.996	100.789	20.283	1.752	1.020	900.331
86.001	150.439	80.100	19.997	100.785	20.284	1.669	1.054	900.322
86.501	150.943	80.101	19.997	100.786	20.281	1.926	1.027	900.311
87.002	151.457	80.100	19.997	100.780	20.283	1.851	1.018	900.284
87.502	151.988	80.100	19.997	100.781	20.279	2.131	1.046	900.319
88.001	152.466	80.101	19.996	100.785	20.281	1.987	1.009	900.340
88.501	152.994	80.099	19.997	100.781	20.279	2.133	1.005	900.314
89.001	153.501	80.100	19.997	100.776	20.280	2.006	1.035	900.325
89.501	153.994	80.103	19.997	100.776	20.278	2.157	1.001	900.322
90.001	154.552	80.102	19.998	100.775	20.271	2.721	1.051	900.336
90.501	155.048	80.101	19.998	100.776	20.276	2.260	1.054	900.336
91.001	155.567	80.099	19.997	100.780	20.279	2.030	1.015	900.332
91.501	156.097	80.100	19.998	100.785	20.275	2.441	1.048	900.340
92.001	156.623	80.101	19.998	100.783	20.278	2.295	1.056	900.316
92.502	157.108	80.101	19.998	100.781	20.276	2.455	1.010	900.338
93.002	157.660	80.101	19.997	100.780	20.278	2.258	1.038	900.329
93.502	158.139	80.102	19.997	100.783	20.274	2.587	1.032	900.339
94.001	158.679	80.098	19.997	100.779	20.276	2.487	1.019	900.353
94.501	159.133	80.101	19.998	100.780	20.274	2.716	0.994	900.328
95.001	159.665	80.101	19.997	100.781	20.278	2.402	0.985	900.326
95.501	160.203	80.101	19.997	100.778	20.276	2.603	1.070	900.349
96.002	160.709	80.100	19.997	100.778	20.274	2.781	1.044	900.340
96.502	161.225	80.100	19.998	100.783	20.276	2.548	1.023	900.328
97.001	161.743	80.101	19.998	100.785	20.278	2.394	1.035	900.320
97.501	162.254	80.101	19.998	100.785	20.276	2.443	1.029	900.342
98.001	162.745	80.099	19.997	100.786	20.271	2.845	1.001	900.346
98.502	163.266	80.100	19.997	100.782	20.271	2.846	1.012	900.349
99.001	163.792	80.102	19.997	100.775	20.271	2.816	1.048	900.348
99.501	164.302	80.100	19.997	100.773	20.272	2.769	1.036	900.344
100.002	164.805	80.101	19.997	100.776	20.271	2.834	1.013	900.345
100.502	165.316	80.101	19.997	100.775	20.272	2.728	1.014	900.366
101.001	165.838	80.100	19.997	100.773	20.273	2.613	1.033	900.329
101.501	166.319	80.098	19.998	100.771	20.268	2.982	1.003	900.320
102.002	166.850	80.097	19.997	100.766	20.269	3.024	1.011	900.321
102.502	167.362	80.100	19.998	100.760	20.268	3.127	1.043	900.358
103.002	167.903	80.101	19.999	100.760	20.262	3.633	1.053	900.352
103.502	168.379	80.100	19.998	100.763	20.267	3.240	1.017	900.357
104.001	168.890	80.101	19.998	100.768	20.266	3.433	0.988	900.336
104.501	169.394	80.101	19.998	100.773	20.268	3.263	1.015	900.311
105.001	169.933	80.100	19.998	100.775	20.265	3.459	1.043	900.303
105.501	170.444	80.100	19.998	100.773	20.261	3.786	1.050	900.358
106.002	170.916	80.100	19.998	100.771	20.260	3.938	0.983	900.388
106.502	171.399	80.100	19.999	100.772	20.263	3.786	0.954	900.342
107.002	171.951	80.101	19.999	100.774	20.259	3.977	1.036	900.364
107.501	172.469	80.100	19.998	100.776	20.262	3.797	1.070	900.359
108.001	172.954	80.103	19.999	100.775	20.261	3.911	1.003	900.311
108.501	173.496	80.102	20.000	100.782	20.264	3.636	1.027	900.328
109.001	173.986	80.100	20.000	100.780	20.262	3.708	1.031	900.369
109.501	174.523	80.100	20.000	100.772	20.257	4.084	1.027	900.364
110.002	175.021	80.099	20.000	100.767	20.258	4.069	1.035	900.362
110.501	175.554	80.100	19.999	100.768	20.257	4.121	1.030	900.350
111.002	176.072	80.102	19.999	100.761	20.256	4.178	1.050	900.362
111.502	176.539	80.099	19.998	100.760	20.256	4.104	0.986	900.358
112.001	177.058	80.099	19.999	100.764	20.257	4.072	0.987	900.364
112.501	177.556	80.097	19.999	100.766	20.253	4.372	1.017	900.389
113.001	178.078	80.097	19.998	100.761	20.249	4.688	1.020	900.329
113.502	178.579	80.099	19.998	100.755	20.250	4.655	1.023	900.339
114.002	179.095	80.100	19.999	100.753	20.247	4.945	1.018	900.359
114.501	179.584	80.101	19.999	100.758	20.249	4.956	1.005	900.347
115.001	180.134	80.101	19.998	100.757	20.243	5.478	1.038	900.342
115.502	180.603	80.100	19.998	100.758	20.245	5.296	1.018	900.328
116.002	181.126	80.098	19.998	100.763	20.244	5.376	0.992	900.340
116.502	181.670	80.103	19.999	100.765	20.243	5.497	1.067	900.361
117.002	182.150	80.101	19.998	100.759	20.242	5.520	1.025	900.345
117.502	182.647	80.103	19.999	100.758	20.239	5.739	0.978	900.328
118.001	183.176	80.103	20.000	100.762	20.234	6.102	1.027	900.364
118.501	183.701	80.102	19.998	100.765	20.234	6.199	1.053	900.342
119.001	184.212	80.105	19.998	100.767	20.237	5.992	1.036	900.364
119.501	184.718	80.103	19.998	100.768	20.238	6.010	1.018	900.323
120.001	185.229	80.103	19.998	100.768	20.238	6.047	1.017	900.342
120.501	185.736	80.104	19.998	100.768	20.234	6.320	1.017	900.345
121.001	186.247	80.101	19.997	100.763	20.234	6.357	1.017	900.369
121.502	186.752	80.101	19.998	100.755	20.231	6.508	1.016	900.354
122.002	187.243	80.103	19.998	100.748	20.232	6.445	0.996	900.382
122.502	187.781	80.102	19.998	100.744	20.231	6.510	1.030	900.344
123.001	188.261	80.102	19.998	100.741	20.232	6.423	1.019	900.378
123.501	188.784	80.101	19.999	100.744	20.232	6.525	1.002	900.359
124.002	189.291	80.101	19.997	100.745	20.229	6.723	1.029	900.378
124.502	189.811	80.104	19.998	100.748	20.228	6.803	1.028	900.332
125.001	190.315	80.101	19.998	100.751	20.227	7.024	1.024	900.356
125.502	190.797	80.100	19.997	100.751	20.225	7.117	0.986	900.352
126.001	191.322	80.103	19.997	100.741	20.224	7.140	1.007	900.372
126.502	191.842	80.101	19.997	100.742	20.224	7.193	1.045	900.382
127.002	192.364	80.101	19.997	100.737	20.225	7.112	1.042	900.387
127.501	192.829	80.103	19.998	100.730	20.227	7.006	0.987	900.389
128.001	193.378	80.102	19.998	100.731	20.224	7.241	1.013	900.381
128.502	193.860	80.103	19.997	100.736	20.221	7.530	1.030	900.373
129.002	194.368	80.102	19.998	100.736	20.222	7.551	0.990	900.376
129.502	194.868	80.102	19.997	100.740	20.223	7.498	1.009	900.391
130.001	195.425	80.103	19.998	100.741	20.221	7.661	1.057	900.368
130.501	195.904	80.100	19.999	100.735	20.224	7.363	1.036	900.377
131.002	196.424	80.104	19.998	100.733	20.221	7.593	0.999	900.404
131.501	196.917	80.103	19.998	100.732	20.226	7.144	1.013	900.420
132.001	197.401	80.101	19.998	100.732	20.224	7.276	0.978	900.368
132.502	197.946	80.103	19.998	100.728	20.224	7.287	1.028	900.376
133.002	198.463	80.103	19.999	100.729	20.223	7.390	1.062	900.381
133.502	198.966	80.105	19.998	100.731	20.220	7.626	1.020	900.380
134.001	199.467	80.102	19.997	100.731	20.220	7.604	1.003	900.408
134.502	199.986	80.100	19.998	100.729	20.222	7.471	1.019	900.416
135.002	200.490	80.102	19.997	100.728	20.220	7.610	1.022	900.355
135.502	200.984	80.103	19.997	100.725	20.221	7.520	0.999	900.369
136.002	201.523	80.100	19.998	100.719	20.222	7.464	1.034	900.373
136.502	202.003	80.102	19.999	100.715	20.221	7.601	1.020	900.385
137.002	202.513	80.102	19.998	100.713	20.221	7.599	0.989	900.412
137.502	203.018	80.101	19.998	100.715	20.216	7.987	1.014	900.366
138.002	203.542	80.103	19.997	100.718	20.219	7.778	1.029	900.380
138.502	204.073	80.106	19.998	100.721	20.214	8.157	1.056	900.387
139.001	204.546	80.102	19.998	100.723	20.219	7.786	1.005	900.389
139.501	205.058	80.104	19.998	100.724	20.219	7.816	0.984	900.414
140.002	205.579	80.100	19.999	100.723	20.216	8.083	1.032	900.411
140.502	206.095	80.104	19.999	100.724	20.220	7.755	1.037	900.417
141.002	206.617	80.102	19.997	100.724	20.218	7.929	1.038	900.426
141.502	207.094	80.101	19.998	100.722	20.219	7.898	0.999	900.441
142.002	207.593	80.102	19.998	100.724	20.218	7.967	0.976	900.411
142.502	208.083	80.102	19.998	100.727	20.217	7.997	0.990	900.396
143.001	208.626	80.102	19.998	100.725	20.218	7.859	1.033	900.411
143.501	209.098	80.104	19.997	100.722	20.215	8.090	1.014	900.398
144.002	209.597	80.103	19.998	100.720	20.213	8.192	0.970	900.398
144.502	210.108	80.102	19.998	100.717	20.215	8.073	1.011	900.398
145.001	210.635	80.100	19.996	100.716	20.211	8.386	1.039	900.407
145.502	211.139	80.101	19.998	100.714	20.212	8.336	1.030	900.432
146.002	211.646	80.103	19.998	100.716	20.212	8.417	1.011	900.421
146.502	212.163	80.102	19.998	100.719	20.210	8.629	1.024	900.389
147.002	212.650	80.104	19.999	100.715	20.214	8.257	1.003	900.371
147.502	213.127	80.102	19.998	100.713	20.208	8.653	0.964	900.380
148.002	213.657	80.101	19.998	100.715	20.211	8.507	1.008	900.413
148.502	214.142	80.101	19.998	100.708	20.210	8.656	1.015	900.422
149.002	214.695	80.103	19.998	100.707	20.207	8.957	1.038	900.391
149.503	215.214	80.102	19.998	100.712	20.209	8.789	1.072	900.408
150.003	215.704	80.102	19.998	100.715	20.209	8.873	1.009	900.389
150.502	216.206	80.104	19.998	100.718	20.212	8.706	0.992	900.394
151.002	216.712	80.103	19.998	100.724	20.208	9.026	1.008	900.388
151.502	217.232	80.103	19.999	100.722	20.206	9.084	1.026	900.402
152.002	217.729	80.102	19.998	100.717	20.202	9.342	1.017	900.441
152.502	218.238	80.102	19.998	100.717	20.204	9.199	1.006	900.406
153.002	218.733	80.102	19.999	100.714	20.203	9.260	1.004	900.399
153.502	219.222	80.102	19.998	100.711	20.202	9.311	0.984	900.404
154.002	219.760	80.102	19.998	100.709	20.199	9.538	1.028	900.413
154.502	220.260	80.104	19.997	100.714	20.199	9.557	1.038	900.407
155.003	220.765	80.104	19.998	100.714	20.200	9.538	1.005	900.409
155.502	221.277	80.102	19.998	100.710	20.201	9.438	1.018	900.431
156.002	221.791	80.101	19.997	100.705	20.201	9.421	1.026	900.413
156.502	222.275	80.100	19.997	100.702	20.202	9.360	0.997	900.438
157.003	222.820	80.102	19.998	100.698	20.200	9.557	1.029	900.399
157.502	223.277	80.100	19.997	100.691	20.197	9.772	1.003	900.403
158.002	223.822	80.100	19.998	100.690	20.197	9.715	1.002	900.411
158.502	224.286	80.101	19.999	100.693	20.196	9.738	1.009	900.402
159.002	224.788	80.102	19.998	100.700	20.194	9.942	0.966	900.425
159.502	225.302	80.102	19.998	100.701	20.193	10.045	1.016	900.429
160.002	225.812	80.104	19.997	100.703	20.193	9.993	1.023	900.444
160.502	226.351	80.103	19.998	100.705	20.195	9.801	1.048	900.421
161.003	226.813	80.101	19.998	100.705	20.196	9.709	1.002	900.414
161.502	227.336	80.100	19.997	100.702	20.192	10.089	0.985	900.445
162.002	227.857	80.099	19.997	100.703	20.194	9.939	1.043	900.448
162.502	228.334	80.101	19.999	100.699	20.194	9.997	0.998	900.400
163.002	228.841	80.100	19.998	100.698	20.193	9.960	0.984	900.394
163.503	229.330	80.099	19.998	100.702	20.191	10.112	0.995	900.414
164.002	229.820	80.098	19.999	100.702	20.191	10.152	0.979	900.433
164.502	230.327	80.098	19.998	100.697	20.189	10.341	0.997	900.425
165.002	230.845	80.100	19.998	100.701	20.189	10.390	1.024	900.427
165.502	231.333	80.100	19.998	100.706	20.186	10.668	1.006	900.418
166.003	231.845	80.100	19.998	100.705	20.189	10.554	1.000	900.409
166.502	232.334	80.100	19.998	100.706	20.189	10.724	1.001	900.381
167.002	232.859	80.098	19.997	100.709	20.190	10.708	1.014	900.430
167.503	233.326	80.099	19.998	100.709	20.188	10.867	0.991	900.408
168.003	233.827	80.102	19.998	100.708	20.187	10.912	0.968	900.389
168.502	234.320	80.101	19.997	100.706	20.187	10.869	0.994	900.417
169.002	234.849	80.101	19.997	100.704	20.186	10.859	1.022	900.409
169.503	235.357	80.102	19.997	100.703	20.188	10.649	1.036	900.428
170.003	235.873	80.101	19.997	100.703	20.190	10.467	1.024	900.410
170.503	236.387	80.103	19.997	100.704	20.190	10.404	1.030	900.415
171.003	236.892	80.106	19.998	100.707	20.192	10.263	1.019	900.423
171.503	237.393	80.104	19.996	100.707	20.196	10.096	1.006	900.460
172.002	237.931	80.104	19.998	100.706	20.197	9.997	1.039	900.440
172.502	238.413	80.101	19.998	100.703	20.196	10.124	1.021	900.449
173.002	238.907	80.102	19.998	100.693	20.200	9.882	0.976	900.392
173.503	239.414	80.102	19.998	100.682	20.201	9.895	1.000	900.403
174.003	239.919	80.100	19.997	100.675	20.199	10.102	1.012	900.399
174.503	240.405	80.102	19.998	100.673	20.199	10.095	0.992	900.416
175.002	240.873	80.101	19.999	100.669	20.203	9.785	0.955	900.379
175.502	241.393	80.100	19.998	100.674	20.201	9.867	0.988	900.405
176.002	241.928	80.103	19.998	100.684	20.205	9.615	1.055	900.412
176.502	242.425	80.104	19.997	100.687	20.202	9.784	1.032	900.401
177.002	242.935	80.102	19.997	100.691	20.205	9.479	1.007	900.427
177.502	243.451	80.103	19.997	100.697	20.205	9.475	1.026	900.435
178.002	243.910	80.102	19.997	100.692	20.209	9.199	0.974	900.435
178.503	244.445	80.101	19.996	100.687	20.210	9.176	0.994	900.414
179.002	244.941	80.102	19.997	100.683	20.209	9.262	1.032	900.394
179.502	245.450	80.101	19.997	100.680	20.211	9.168	1.005	900.420
180.002	245.972	80.104	19.997	100.674	20.213	9.060	1.031	900.420
180.502	246.468	80.102	19.998	100.674	20.217	8.575	1.018	900.465
181.002	246.951	80.101	19.997	100.670	20.215	8.695	0.980	900.389
181.502	247.472	80.107	19.997	100.670	20.216	8.487	1.004	900.412
182.002	247.974	80.106	19.997	100.667	20.216	8.564	1.022	900.440
182.502	248.459	80.105	19.997	100.668	20.221	8.135	0.987	900.412
183.002	248.992	80.105	19.998	100.670	20.219	8.219	1.019	900.404
183.502	249.471	80.105	19.998	100.672	20.220	8.157	1.012	900.431
184.002	249.988	80.104	19.997	100.677	20.218	8.313	0.994	900.408
184.502	250.488	80.104	19.998	100.678	20.224	7.867	1.016	900.406
185.003	250.981	80.100	19.998	100.678	20.226	7.703	0.994	900.428
185.502	251.479	80.101	19.997	100.672	20.225	7.800	0.991	900.445
186.002	251.957	80.099	19.998	100.668	20.226	7.744	0.977	900.418
186.502	252.478	80.099	19.998	100.664	20.227	7.700	0.998	900.425
187.002	252.965	80.103	19.997	100.663	20.228	7.661	1.007	900.434
187.503	253.478	80.104	19.998	100.664	20.228	7.633	1.000	900.421
188.003	253.973	80.103	19.998	100.677	20.229	7.450	1.008	900.419
188.502	254.479	80.102	19.999	100.685	20.228	7.545	1.002	900.417
189.002	254.989	80.102	19.999	100.686	20.232	7.209	1.016	900.398
189.503	255.491	80.105	19.998	100.685	20.233	7.174	1.011	900.438
190.003	256.029	80.102	19.999	100.685	20.233	7.260	1.041	900.440
190.502	256.524	80.102	19.998	100.680	20.234	7.121	1.033	900.418
191.003	257.038	80.104	19.998	100.684	20.235	7.032	1.009	900.442
191.502	257.504	80.104	19.998	100.686	20.234	7.143	0.981	900.443
192.002	258.014	80.104	19.999	100.690	20.233	7.268	0.976	900.422
192.502	258.529	80.106	19.998	100.688	20.232	7.303	1.024	900.431
193.003	259.000	80.107	19.999	100.682	20.231	7.399	0.986	900.452
193.502	259.502	80.106	19.999	100.676	20.232	7.312	0.974	900.410
194.002	260.011	80.102	19.998	100.677	20.229	7.585	1.012	900.440
194.502	260.502	80.101	19.998	100.676	20.229	7.576	1.000	900.427
195.002	261.032	80.103	19.998	100.682	20.229	7.599	1.021	900.450
195.503	261.526	80.102	19.998	100.688	20.234	7.220	1.023	900.428
196.003	262.045	80.102	19.998	100.689	20.232	7.375	1.012	900.439
196.503	262.539	80.103	19.998	100.686	20.232	7.370	1.013	900.444
197.003	263.028	80.099	19.998	100.683	20.230	7.489	0.983	900.421
197.503	263.521	80.102	19.999	100.678	20.228	7.738	0.982	900.436
198.003	264.041	80.105	19.998	100.677	20.225	7.971	1.013	900.429
198.503	264.545	80.103	19.998	100.680	20.223	8.228	1.024	900.427
199.003	265.035	80.104	19.997	100.677	20.227	7.865	0.995	900.445
199.503	265.560	80.102	19.998	100.681	20.223	8.221	1.015	900.447
200.003	266.053	80.103	19.998	100.683	20.226	7.993	1.018	900.449
200.502	266.536	80.106	19.998	100.680	20.224	8.141	0.976	900.483
201.003	267.074	80.101	19.998	100.675	20.223	8.263	1.021	900.433
201.502	267.546	80.102	19.999	100.677	20.225	8.067	1.010	900.431
202.002	268.055	80.103	19.998	100.675	20.221	8.423	0.982	900.451
202.502	268.541	80.102	19.998	100.674	20.223	8.277	0.994	900.460
203.003	269.029	80.102	19.998	100.676	20.218	8.674	0.973	900.426
203.503	269.519	80.103	19.998	100.676	20.218	8.725	0.978	900.437
204.003	270.034	80.103	19.996	100.677	20.220	8.537	1.005	900.438
204.503	270.562	80.102	19.996	100.676	20.218	8.646	1.044	900.439
205.002	271.054	80.101	19.996	100.675	20.217	8.763	1.021	900.465
205.502	271.525	80.101	19.997	100.670	20.217	8.749	0.963	900.445
206.002	272.049	80.103	19.997	100.665	20.214	9.008	0.994	900.458
206.502	272.548	80.103	19.997	100.665	20.215	8.885	1.023	900.428
207.002	273.036	80.104	19.997	100.664	20.213	8.948	0.988	900.445
207.502	273.540	80.106	19.996	100.666	20.212	9.031	0.991	900.436
208.003	274.020	80.101	19.997	100.667	20.211	9.058	0.983	900.444
208.503	274.546	80.103	19.997	100.669	20.211	9.155	1.007	900.440
209.002	275.059	80.104	19.997	100.660	20.210	9.247	1.040	900.431
209.502	275.548	80.103	19.997	100.663	20.208	9.426	1.001	900.432
210.002	276.022	80.100	19.996	100.663	20.207	9.529	0.962	900.442
210.503	276.566	80.101	19.997	100.664	20.207	9.487	1.018	900.441
211.003	277.015	80.102	19.997	100.661	20.206	9.650	0.994	900.443
211.502	277.536	80.103	19.997	100.664	20.205	9.717	0.970	900.447
212.003	278.044	80.100	19.997	100.659	20.204	9.763	1.028	900.434
212.503	278.527	80.103	19.998	100.659	20.201	9.950	0.991	900.414
213.003	279.055	80.104	19.998	100.662	20.199	10.135	1.011	900.445
213.503	279.521	80.101	19.998	100.666	20.196	10.396	0.995	900.447
214.003	280.051	80.104	19.998	100.665	20.198	10.230	0.997	900.418
214.503	280.563	80.103	19.998	100.671	20.193	10.612	1.043	900.429
215.002	281.080	80.102	19.998	100.670	20.194	10.464	1.030	900.441
215.502	281.556	80.102	19.998	100.671	20.196	10.298	0.992	900.427
216.003	282.051	80.101	19.997	100.669	20.191	10.721	0.969	900.439
216.503	282.548	80.102	19.998	100.670	20.187	11.047	0.993	900.430
217.003	283.046	80.105	19.998	100.662	20.190	10.772	0.996	900.439
217.502	283.565	80.103	19.998	100.663	20.187	10.975	1.017	900.398
218.002	284.081	80.104	19.998	100.661	20.183	11.335	1.034	900.441
218.502	284.562	80.105	19.998	100.661	20.184	11.320	0.997	900.433
219.002	285.077	80.103	19.998	100.664	20.184	11.321	0.996	900.455
219.503	285.572	80.106	19.999	100.666	20.182	11.474	1.009	900.459
220.004	286.066	80.105	19.998	100.663	20.182	11.621	0.988	900.456
220.503	286.547	80.104	19.999	100.664	20.176	12.148	0.976	900.437
221.002	287.048	80.104	19.998	100.663	20.175	12.224	0.983	900.467
221.503	287.573	80.103	19.997	100.661	20.172	12.490	1.025	900.442
222.003	288.068	80.104	19.998	100.663	20.168	12.725	1.020	900.428
222.503	288.576	80.104	19.998	100.668	20.167	12.727	1.003	900.450
223.003	289.066	80.104	19.997	100.669	20.166	12.797	0.999	900.457
223.502	289.553	80.105	19.997	100.670	20.166	12.743	0.977	900.396
224.003	290.068	80.104	19.996	100.670	20.164	12.884	1.001	900.417
224.503	290.591	80.103	19.997	100.673	20.161	13.113	1.038	900.444
225.003	291.094	80.103	19.999	100.669	20.160	13.269	1.026	900.425
225.503	291.606	80.103	19.998	100.664	20.157	13.533	1.014	900.484
226.003	292.102	80.103	19.998	100.663	20.154	13.775	1.008	900.457
226.503	292.573	80.102	19.998	100.663	20.154	13.753	0.968	900.443
227.003	293.080	80.100	19.997	100.658	20.150	13.991	0.977	900.456
227.503	293.565	80.101	19.998	100.655	20.147	14.214	0.992	900.463
228.003	294.082	80.101	19.998	100.650	20.144	14.502	1.002	900.458
228.503	294.605	80.101	19.997	100.648	20.140	14.919	1.040	900.439
229.003	295.085	80.103	19.998	100.649	20.138	15.210	1.005	900.461
229.502	295.589	80.102	19.997	100.652	20.138	15.261	0.983	900.461
230.003	296.088	80.103	19.996	100.660	20.133	15.709	1.002	900.431
230.503	296.609	80.107	19.998	100.666	20.131	15.920	1.021	900.441
231.003	297.083	80.105	19.997	100.669	20.127	16.202	0.995	900.443
231.503	297.576	80.106	19.997	100.667	20.128	15.957	0.967	900.410
232.002	298.108	80.106	19.998	100.662	20.127	15.936	1.026	900.453
232.503	298.613	80.105	19.997	100.658	20.125	16.085	1.036	900.442
233.003	299.092	80.107	19.999	100.658	20.121	16.416	0.984	900.429
233.502	299.606	80.106	19.998	100.659	20.118	16.611	0.994	900.417
234.003	300.086	80.105	19.998	100.663	20.118	16.679	0.994	900.443
234.503	300.637	80.106	19.999	100.667	20.117	16.781	1.030	900.431
235.003	301.113	80.103	19.998	100.663	20.112	17.197	1.026	900.453
235.503	301.581	80.104	19.998	100.658	20.113	17.132	0.944	900.422
236.004	302.104	80.105	19.999	100.650	20.111	17.257	0.990	900.429
236.504	302.603	80.104	19.998	100.641	20.109	17.379	1.023	900.433
237.003	303.103	80.104	19.998	100.637	20.102	18.049	1.001	900.401
237.502	303.601	80.101	19.997	100.636	20.104	17.918	0.999	900.479
238.003	304.121	80.104	19.997	100.632	20.100	18.326	1.016	900.430
238.503	304.620	80.105	19.997	100.639	20.100	18.317	1.018	900.439
239.003	305.101	80.104	19.998	100.650	20.093	18.903	0.981	900.411
239.503	305.585	80.104	19.996	100.654	20.095	18.815	0.965	900.435
240.003	306.093	80.105	19.997	100.658	20.092	18.970	0.991	900.412
240.504	306.612	80.103	19.997	100.660	20.091	18.975	1.026	900.407
241.003	307.084	80.104	19.997	100.655	20.088	19.155	0.992	900.402
241.503	307.615	80.105	19.998	100.650	20.088	19.065	1.003	900.442
242.003	308.107	80.105	19.997	100.646	20.084	19.345	1.023	900.442
242.503	308.607	80.104	19.997	100.647	20.082	19.492	0.992	900.432
243.003	309.085	80.105	19.996	100.650	20.076	19.981	0.978	900.414
243.503	309.579	80.106	19.996	100.653	20.078	19.847	0.972	900.417
244.003	310.075	80.107	19.997	100.650	20.077	19.952	0.989	900.428
244.503	310.599	80.105	19.998	100.645	20.077	19.980	1.020	900.437
245.003	311.076	80.106	19.997	100.639	20.078	19.901	1.001	900.412
245.503	311.596	80.105	19.998	100.636	20.073	20.349	0.998	900.409
246.003	312.096	80.103	19.998	100.633	20.071	20.466	1.020	900.412
246.503	312.586	80.107	19.998	100.631	20.067	20.776	0.989	900.424
247.003	313.066	80.109	19.998	100.635	20.066	20.864	0.971	900.424
247.502	313.570	80.106	19.999	100.640	20.063	21.054	0.984	900.398
248.002	314.098	80.106	19.998	100.643	20.063	21.114	1.032	900.425
248.503	314.609	80.103	19.997	100.648	20.058	21.526	1.039	900.407
249.003	315.080	80.105	19.998	100.653	20.058	21.614	0.982	900.416
249.503	315.580	80.106	19.998	100.653	20.054	21.903	0.971	900.422
250.003	316.091	80.102	19.998	100.653	20.050	22.242	1.010	900.447
250.503	316.578	80.105	19.998	100.654	20.045	22.659	0.998	900.394
251.003	317.098	80.107	19.998	100.650	20.045	22.511	1.008	900.453
251.503	317.600	80.104	19.998	100.651	20.039	22.860	1.022	900.442
252.003	318.082	80.106	19.997	100.649	20.036	23.075	0.983	900.439
252.503	318.577	80.106	19.998	100.644	20.033	23.272	0.977	900.400
253.003	319.084	80.106	19.999	100.643	20.031	23.408	1.002	900.434
253.502	319.601	80.106	19.998	100.648	20.027	23.691	1.024	900.424
254.003	320.119	80.104	19.999	100.646	20.019	24.278	1.034	900.446
254.503	320.598	80.105	19.998	100.650	20.017	24.404	0.996	900.419
255.004	321.099	80.103	19.999	100.654	20.011	24.822	0.980	900.433
255.503	321.605	80.103	20.000	100.647	20.006	25.186	1.007	900.460
256.003	322.113	80.102	19.999	100.637	20.000	25.613	1.014	900.429
256.503	322.616	80.102	19.999	100.637	19.991	26.304	1.011	900.451
257.003	323.103	80.104	19.999	100.636	19.984	26.839	0.991	900.422
257.503	323.600	80.105	19.998	100.636	19.978	27.283	0.984	900.437
258.003	324.097	80.105	19.999	100.644	19.970	27.917	0.994	900.431
258.503	324.595	80.106	20.000	100.654	19.965	28.352	0.995	900.428
259.003	325.096	80.104	19.999	100.654	19.957	29.004	0.998	900.439
259.503	325.589	80.103	19.999	100.655	19.952	29.378	0.994	900.434
260.003	326.080	80.104	19.999	100.659	19.943	30.134	0.985	900.416
260.503	326.540	80.102	19.998	100.661	19.932	30.970	0.951	900.417
261.003	327.082	80.101	19.998	100.662	19.923	31.672	1.002	900.388
261.503	327.583	80.103	19.998	100.667	19.913	32.456	1.044	900.400
262.002	328.074	80.102	19.998	100.671	19.907	32.962	0.991	900.450
262.503	328.571	80.103	19.998	100.672	19.896	33.753	0.986	900.427
263.004	329.105	80.104	19.997	100.678	19.888	34.391	1.031	900.430
263.503	329.611	80.102	19.998	100.677	19.877	35.291	1.041	900.394
264.003	330.112	80.100	20.000	100.679	19.864	36.243	1.008	900.436
264.503	330.586	80.099	19.999	100.679	19.853	37.075	0.975	900.407
265.003	331.091	80.099	19.999	100.678	19.841	38.009	0.979	900.427
265.503	331.617	80.100	19.999	100.675	19.834	38.615	1.032	900.412
266.003	332.076	80.101	19.999	100.676	19.818	39.773	0.985	900.411
266.502	332.591	80.101	20.000	100.677	19.807	40.711	0.975	900.400
267.002	333.097	80.102	19.998	100.676	19.795	41.649	1.021	900.404
267.503	333.615	80.101	19.998	100.676	19.787	42.325	1.023	900.388
268.003	334.116	80.101	19.999	100.675	19.769	43.795	1.019	900.412
268.503	334.597	80.104	19.999	100.674	19.757	44.763	0.981	900.418
269.004	335.102	80.104	19.999	100.672	19.742	45.914	0.985	900.419
269.504	335.580	80.103	20.000	100.675	19.726	47.150	0.984	900.401
270.003	336.101	80.102	20.000	100.678	19.713	48.074	0.999	900.413
270.503	336.564	80.101	19.999	100.677	19.700	49.120	0.984	900.418
271.003	337.071	80.103	19.999	100.677	19.685	50.274	0.970	900.436
271.504	337.592	80.101	19.999	100.681	19.668	51.485	1.028	900.422
272.004	338.093	80.101	19.999	100.680	19.655	52.526	1.023	900.414
272.503	338.593	80.102	19.998	100.681	19.639	53.863	1.002	900.423
273.002	339.074	80.102	19.998	100.684	19.624	55.008	0.981	900.418
273.503	339.596	80.101	19.998	100.686	19.608	56.271	1.004	900.421
274.003	340.085	80.102	19.998	100.682	19.592	57.468	1.011	900.435
274.503	340.580	80.100	19.997	100.677	19.574	58.928	0.983	900.449
275.003	341.085	80.100	19.998	100.675	19.557	60.218	0.999	900.404
275.504	341.590	80.098	19.998	100.674	19.539	61.668	1.011	900.434
276.003	342.095	80.100	19.998	100.670	19.524	62.820	1.011	900.448
276.503	342.587	80.103	19.998	100.673	19.503	64.459	0.997	900.426
277.003	343.092	80.101	19.997	100.680	19.489	65.655	0.996	900.461
277.503	343.608	80.102	19.998	100.684	19.471	67.035	1.021	900.477
278.003	344.098	80.103	19.998	100.684	19.452	68.553	1.006	900.456
278.503	344.584	80.102	19.998	100.688	19.433	70.065	0.976	900.478
279.003	345.077	80.104	19.998	100.691	19.409	71.903	0.980	900.442
279.503	345.595	80.105	19.998	100.688	19.395	73.035	1.011	900.408
280.003	346.064	80.104	19.997	100.684	19.375	74.546	0.987	900.447
280.503	346.554	80.103	19.999	100.685	19.351	76.429	0.958	900.437
281.004	347.094	80.103	19.999	100.684	19.333	77.786	1.029	900.428
281.503	347.587	80.101	19.998	100.685	19.314	79.241	1.033	900.454
282.003	348.099	80.102	19.998	100.686	19.293	80.824	1.005	900.438
282.503	348.597	80.101	19.997	100.690	19.272	82.466	1.010	900.438
283.003	349.094	80.101	19.998	100.689	19.251	84.088	0.996	900.445
283.503	349.574	80.101	19.998	100.688	19.231	85.716	0.977	900.450
284.003	350.078	80.102	19.997	100.684	19.205	87.713	0.984	900.454
284.503	350.587	80.105	19.998	100.682	19.183	89.516	1.013	900.442
285.003	351.060	80.103	19.998	100.682	19.161	91.212	0.981	900.453
285.503	351.542	80.100	19.997	100.681	19.142	92.737	0.954	900.437
286.004	352.078	80.100	19.998	100.681	19.116	94.709	1.016	900.448
286.504	352.562	80.101	19.999	100.682	19.093	96.396	1.020	900.450
287.003	353.081	80.099	19.998	100.680	19.070	98.214	1.005	900.431
287.503	353.564	80.103	19.998	100.680	19.042	100.373	1.002	900.422
288.003	354.081	80.101	19.996	100.685	19.021	101.949	1.000	900.481
288.503	354.564	80.104	19.997	100.689	19.000	103.522	1.000	900.459
289.003	355.063	80.104	19.997	100.693	18.973	105.664	0.981	900.471
289.504	355.573	80.103	19.997	100.697	18.948	107.624	1.009	900.418
290.003	356.061	80.103	19.997	100.698	18.922	109.674	0.998	900.429
290.503	356.532	80.103	19.998	100.695	18.898	111.536	0.958	900.433
291.004	357.034	80.101	19.998	100.691	18.869	113.799	0.973	900.464
291.503	357.558	80.102	19.999	100.689	18.841	116.030	1.026	900.446
292.003	358.045	80.101	19.998	100.689	18.813	118.252	1.011	900.416
292.504	358.546	80.102	19.998	100.687	18.785	120.388	0.988	900.481
293.004	359.040	80.102	19.998	100.691	18.753	122.753	0.995	900.438
293.503	359.540	80.101	19.997	100.696	18.726	124.832	0.995	900.464
294.003	360.067	80.102	19.998	100.698	18.696	127.145	1.028	900.423
294.503	360.543	80.101	19.999	100.700	18.669	129.107	1.002	900.435
295.004	361.038	80.101	19.998	100.704	18.639	131.396	0.970	900.462
295.504	361.534	80.101	19.997	100.708	18.611	133.513	0.991	900.457
296.003	362.050	80.101	19.998	100.709	18.575	136.206	1.013	900.425
296.503	362.527	80.102	19.997	100.711	18.541	138.719	0.994	900.407
297.003	363.039	80.102	19.998	100.709	18.508	141.293	0.988	900.450
297.504	363.533	80.099	19.998	100.708	18.475	143.840	1.006	900.426
298.003	364.015	80.101	19.997	100.704	18.443	146.288	0.977	900.443
298.503	364.529	80.100	19.996	100.702	18.407	149.062	0.996	900.424
299.003	365.016	80.096	19.996	100.699	18.370	151.881	1.000	900.444
299.503	365.529	80.099	19.997	100.704	18.337	154.473	0.999	900.435
300.003	366.023	80.097	19.998	100.709	18.299	157.414	1.008	900.446
300.503	366.518	80.099	19.998	100.714	18.264	160.037	0.989	900.462
301.003	367.008	80.100	19.998	100.716	18.221	163.383	0.985	900.431
301.503	367.525	80.099	19.998	100.724	18.182	166.453	1.007	900.447
302.003	368.017	80.099	19.997	100.730	18.143	169.463	1.008	900.436
302.503	368.519	80.099	19.998	100.735	18.104	172.461	0.995	900.432
303.003	369.026	80.099	19.999	100.741	18.063	175.563	1.009	900.445
303.504	369.504	80.100	19.998	100.749	18.022	178.743	0.984	900.432
304.004	369.994	80.101	19.998	100.755	17.979	182.065	0.968	900.462
304.503	370.502	80.100	19.997	100.757	17.937	185.265	0.998	900.458
305.004	370.992	80.102	19.997	100.759	17.894	188.558	0.998	900.448
305.504	371.506	80.101	19.998	100.763	17.849	192.071	1.004	900.450
306.004	371.991	80.102	19.997	100.766	17.808	195.279	0.999	900.444
306.504	372.506	80.103	19.997	100.768	17.766	198.438	1.001	900.447
307.003	372.987	80.102	19.997	100.769	17.725	201.680	0.997	900.426
307.503	373.509	80.102	19.997	100.771	17.681	205.121	1.003	900.457
308.003	373.956	80.100	19.997	100.774	17.639	208.314	0.968	900.450
308.504	374.488	80.101	19.998	100.777	17.598	211.595	0.978	900.466
309.004	375.007	80.103	19.998	100.772	17.557	214.896	1.052	900.439
309.503	375.486	80.101	19.998	100.773	17.514	218.284	0.999	900.455
310.003	375.972	80.101	19.997	100.778	17.465	222.132	0.965	900.474
310.503	376.488	80.102	19.998	100.780	17.422	225.531	1.002	900.456
311.003	376.988	80.103	19.998	100.781	17.370	229.527	1.016	900.451
311.504	377.449	80.105	19.998	100.790	17.324	233.076	0.960	900.454
312.004	377.958	80.105	19.998	100.794	17.275	236.848	0.970	900.441
312.504	378.424	80.103	19.998	100.793	17.236	239.869	0.976	900.443
313.003	378.962	80.103	19.998	100.792	17.196	242.927	1.004	900.458
313.503	379.436	80.102	19.997	100.794	17.159	245.880	1.012	900.437
314.003	379.946	80.103	19.998	100.794	17.130	248.196	0.984	900.430
314.503	380.427	80.105	19.998	100.795	17.107	249.762	0.990	900.427
315.004	380.931	80.103	19.999	100.797	17.079	251.685	0.985	900.442
315.504	381.423	80.103	19.999	100.795	17.039	254.523	0.997	900.452
316.004	381.949	80.104	19.999	100.789	16.990	257.888	1.017	900.432
316.504	382.428	80.106	19.999	100.777	16.931	262.042	1.004	900.428
317.004	382.915	80.105	19.998	100.770	16.880	265.756	0.967	900.467
317.504	383.385	80.107	19.997	100.766	16.837	268.817	0.959	900.461
318.003	383.911	80.105	19.998	100.765	16.799	271.513	0.996	900.438
318.503	384.388	80.104	19.998	100.768	16.772	273.316	1.002	900.458
319.004	384.910	80.104	19.999	100.770	16.748	274.813	0.999	900.451
319.504	385.400	80.104	20.000	100.772	16.715	276.866	1.012	900.452
320.003	385.912	80.104	19.999	100.772	16.658	280.780	1.002	900.469
320.504	386.380	80.102	19.999	100.768	16.585	286.221	0.980	900.464
321.004	386.877	80.104	19.998	100.760	16.504	292.338	0.965	900.464
321.504	387.346	80.103	19.998	100.760	16.414	299.278	0.967	900.448
322.003	387.851	80.101	19.999	100.780	16.329	306.233	0.974	900.451
322.503	388.399	80.103	19.998	100.800	16.263	311.856	1.053	900.461
323.003	388.851	80.103	19.998	100.824	16.203	316.569	0.999	900.426
323.504	389.342	80.102	19.998	100.870	16.138	321.592	0.942	900.439
324.004	389.870	80.104	19.998	100.904	16.062	327.718	1.019	900.421
324.504	390.348	80.100	19.998	100.906	15.974	334.348	1.006	900.463
325.004	390.848	80.102	19.999	100.929	15.863	342.602	0.978	900.488
325.504	391.343	80.102	19.999	100.955	15.749	351.551	0.996	900.464
326.004	391.839	80.100	19.999	100.964	15.651	359.504	0.992	900.457
326.503	392.351	80.100	19.998	101.007	15.574	365.939	1.008	900.456
327.003	392.833	80.099	19.996	101.070	15.515	370.758	0.994	900.446
327.504	393.326	80.099	19.997	101.092	15.473	374.520	0.975	900.474
328.004	393.809	80.102	19.996	101.108	15.452	376.858	0.976	900.419
328.504	394.308	80.100	19.996	101.124	15.420	379.212	0.982	900.446
329.003	394.840	80.100	19.997	101.096	15.376	382.827	1.031	900.475
329.504	395.298	80.099	19.997	101.046	15.323	386.842	0.990	900.418
330.004	395.784	80.100	19.997	101.008	15.262	391.667	0.943	900.429
330.504	396.323	80.100	19.997	101.002	15.185	397.803	1.024	900.441
331.004	396.819	80.099	19.998	100.999	15.111	403.719	1.035	900.464
331.504	397.283	80.099	19.996	100.995	15.051	408.736	0.960	900.473
332.004	397.780	80.102	19.998	101.017	15.007	412.329	0.961	900.440
332.504	398.304	80.102	19.998	101.054	14.987	414.239	1.022	900.421
333.004	398.775	80.104	19.998	101.004	14.978	415.041	0.995	900.444
333.504	399.274	80.105	19.999	100.954	14.980	414.869	0.970	900.460
334.004	399.782	80.103	19.997	100.915	14.987	414.195	1.007	900.475
334.504	400.273	80.101	19.998	100.867	14.987	413.945	0.999	900.461
335.004	400.770	80.100	19.999	100.803	14.976	414.494	0.989	900.487
335.504	401.284	80.100	19.998	100.785	14.952	416.206	1.011	900.439
336.004	401.800	80.103	19.999	100.785	14.927	418.074	1.029	900.472
336.504	402.281	80.100	20.000	100.770	14.910	419.255	0.998	900.468
337.003	402.800	80.100	19.999	100.768	14.907	419.429	1.001	900.456
337.503	403.300	80.101	19.998	100.752	14.916	418.690	1.019	900.495
338.004	403.786	80.102	19.997	100.736	14.929	417.677	0.986	900.471
338.504	404.279	80.100	19.998	100.689	14.944	416.422	0.979	900.501
339.003	404.809	80.103	19.997	100.663	14.954	415.498	1.023	900.474
339.503	405.265	80.102	19.998	100.614	14.967	414.361	0.986	900.466
340.003	405.783	80.103	19.998	100.592	14.978	413.520	0.973	900.499
340.504	406.276	80.102	19.998	100.594	14.985	412.967	1.010	900.464
341.004	406.776	80.101	19.997	100.605	14.985	413.026	0.992	900.505
341.505	407.261	80.103	19.999	100.626	14.986	413.058	0.985	900.476
342.004	407.785	80.101	19.999	100.653	14.985	413.229	1.010	900.487
342.503	408.289	80.102	19.998	100.676	14.989	413.202	1.029	900.463
343.003	408.808	80.102	19.997	100.685	14.995	412.863	1.024	900.497
343.504	409.319	80.101	19.997	100.690	15.008	412.047	1.030	900.518
344.004	409.813	80.101	19.997	100.693	15.025	410.802	1.004	900.499
344.504	410.306	80.102	19.997	100.695	15.045	409.471	0.986	900.485
345.005	410.799	80.102	19.997	100.698	15.068	407.801	0.987	900.487
345.504	411.318	80.099	19.998	100.704	15.100	405.560	1.012	900.475
346.004	411.814	80.098	19.998	100.722	15.140	402.763	1.015	900.496
346.504	412.343	80.099	19.998	100.732	15.183	399.648	1.025	900.513
347.004	412.857	80.101	19.998	100.749	15.231	396.105	1.044	900.511
347.504	413.382	80.100	19.998	100.749	15.288	391.889	1.039	900.491
348.003	413.875	80.100	19.999	100.750	15.346	387.611	1.018	900.493
348.504	414.399	80.101	19.998	100.735	15.410	382.831	1.016	900.510
349.005	414.884	80.100	19.997	100.728	15.477	377.753	1.008	900.512
349.504	415.410	80.098	19.996	100.703	15.547	372.430	1.012	900.488
350.004	415.900	80.101	19.997	100.689	15.631	366.068	1.017	900.523
350.504	416.397	80.101	19.997	100.675	15.713	359.890	0.986	900.517
351.004	416.903	80.103	19.997	100.663	15.805	352.813	1.003	900.481
351.504	417.403	80.102	19.998	100.650	15.897	345.692	1.007	900.504
352.004	417.925	80.102	19.998	100.640	15.998	337.914	1.023	900.507
352.504	418.447	80.103	19.998	100.629	16.097	330.126	1.044	900.540
353.003	418.953	80.100	19.998	100.609	16.204	321.741	1.028	900.529
353.504	419.437	80.101	19.997	100.589	16.314	312.947	0.989	900.521
354.004	419.977	80.103	19.998	100.570	16.419	304.652	1.023	900.510
354.504	420.490	80.102	19.997	100.560	16.532	295.722	1.052	900.523
355.005	421.005	80.104	19.998	100.551	16.644	286.795	1.029	900.505
355.505	421.497	80.104	19.999	100.546	16.753	278.095	1.007	900.511
356.005	422.021	80.102	19.997	100.540	16.870	268.788	1.016	900.518
356.504	422.530	80.102	19.997	100.534	16.983	259.818	1.033	900.553
357.004	423.054	80.102	19.998	100.527	17.091	251.151	1.033	900.515
357.504	423.534	80.100	19.998	100.520	17.199	242.441	1.005	900.518
358.004	424.076	80.101	19.998	100.517	17.312	233.238	1.022	900.520
358.504	424.568	80.100	19.999	100.524	17.414	225.020	1.033	900.512
359.004	425.077	80.103	19.999	100.532	17.518	216.546	1.001	900.514
359.504	425.565	80.103	19.998	100.543	17.624	207.925	0.997	900.473
360.004	426.090	80.102	19.998	100.561	17.726	199.574	1.014	900.501
360.504	426.603	80.105	19.998	100.585	17.825	191.494	1.039	900.517
361.004	427.099	80.107	19.998	100.611	17.923	183.574	1.009	900.531
361.504	427.624	80.105	19.998	100.635	18.019	175.876	1.021	900.539
362.004	428.136	80.102	19.997	100.657	18.115	168.166	1.037	900.492
362.504	428.641	80.104	19.998	100.679	18.207	160.676	1.017	900.524
363.005	429.160	80.105	19.998	100.705	18.294	153.700	1.023	900.523
363.504	429.643	80.103	19.997	100.728	18.380	146.754	1.003	900.530
364.004	430.131	80.101	19.998	100.752	18.464	140.024	0.972	900.512
364.504	430.634	80.103	19.998	100.779	18.545	133.509	0.991	900.526
365.004	431.138	80.103	19.997	100.810	18.621	127.232	1.007	900.521
365.504	431.667	80.103	19.997	100.840	18.696	121.261	1.032	900.527
366.004	432.155	80.105	19.997	100.870	18.768	115.479	1.016	900.525
366.505	432.687	80.104	19.998	100.908	18.838	109.946	1.020	900.517
367.004	433.173	80.103	19.998	100.939	18.905	104.761	1.019	900.539
367.503	433.669	80.103	19.997	100.967	18.974	99.344	0.983	900.516
368.004	434.193	80.102	19.998	100.992	19.034	94.779	1.020	900.519
368.504	434.680	80.103	19.997	101.016	19.089	90.519	1.010	900.546
369.004	435.202	80.102	19.998	101.031	19.150	85.818	1.008	900.558
369.505	435.697	80.102	19.999	101.048	19.202	81.645	1.017	900.557
370.004	436.175	80.101	19.999	101.069	19.254	77.618	0.973	900.523
370.504	436.691	80.100	19.998	101.083	19.303	73.879	0.994	900.576
371.004	437.206	80.101	19.997	101.096	19.354	69.972	1.031	900.534
371.504	437.688	80.105	19.996	101.116	19.398	66.637	0.997	900.547
372.004	438.180	80.103	19.997	101.132	19.443	63.243	0.974	900.552
372.504	438.675	80.102	19.998	101.145	19.483	60.360	0.986	900.532
373.004	439.177	80.101	19.997	101.157	19.526	57.153	0.998	900.530
373.504	439.680	80.101	19.998	101.164	19.560	54.568	1.005	900.508
374.004	440.172	80.103	19.998	101.162	19.598	51.837	0.995	900.548
374.504	440.674	80.102	19.997	101.161	19.629	49.598	0.994	900.520
375.004	441.184	80.103	19.997	101.151	19.663	47.184	1.012	900.563
375.504	441.681	80.105	19.997	101.147	19.698	44.582	1.008	900.514
376.004	442.197	80.105	19.997	101.142	19.724	42.637	1.012	900.550
376.504	442.684	80.106	19.997	101.139	19.756	40.403	1.002	900.516
377.004	443.196	80.108	19.997	101.142	19.784	38.400	0.999	900.526
377.504	443.678	80.106	19.997	101.138	19.810	36.521	0.995	900.537
378.004	444.200	80.105	19.997	101.126	19.835	34.682	1.004	900.515
378.504	444.684	80.103	19.997	101.119	19.863	32.764	1.006	900.532
379.004	445.176	80.101	19.998	101.108	19.883	31.405	0.975	900.551
379.504	445.731	80.103	19.998	101.094	19.908	29.561	1.047	900.558
380.004	446.187	80.101	19.997	101.080	19.924	28.449	1.011	900.567
380.504	446.685	80.102	19.998	101.072	19.945	27.001	0.954	900.543
381.004	447.180	80.101	19.997	101.059	19.966	25.580	0.993	900.563
381.504	447.679	80.098	19.997	101.043	19.982	24.452	0.994	900.531
382.004	448.196	80.101	19.997	101.025	19.999	23.320	1.016	900.552
382.504	448.692	80.104	19.998	101.013	20.017	22.099	1.013	900.565
383.004	449.202	80.102	19.998	101.000	20.031	21.247	1.006	900.556
383.504	449.685	80.102	19.998	100.988	20.045	20.336	0.993	900.564
384.004	450.143	80.101	19.998	100.974	20.061	19.232	0.941	900.520
384.504	450.668	80.103	19.998	100.961	20.073	18.470	0.982	900.579
385.004	451.174	80.103	19.998	100.948	20.086	17.668	1.031	900.565
385.504	451.682	80.099	19.997	100.935	20.100	16.749	1.015	900.585
386.004	452.152	80.099	19.997	100.917	20.112	15.923	0.978	900.580
386.504	452.676	80.099	19.998	100.908	20.118	15.552	0.993	900.566
387.005	453.178	80.097	19.998	100.895	20.135	14.371	1.026	900.544
387.504	453.657	80.099	19.999	100.883	20.145	13.692	0.981	900.592
388.004	454.161	80.100	19.998	100.868	20.157	12.891	0.982	900.568
388.505	454.673	80.098	19.998	100.855	20.166	12.318	1.016	900.556
389.004	455.141	80.099	19.997	100.845	20.178	11.412	0.980	900.562
389.504	455.631	80.099	19.996	100.833	20.186	10.809	0.957	900.546
390.005	456.128	80.098	19.997	100.819	20.200	9.859	0.988	900.569
390.504	456.630	80.099	19.998	100.803	20.210	9.167	1.000	900.573
391.004	457.148	80.099	19.998	100.788	20.222	8.375	1.020	900.577
391.504	457.665	80.099	19.998	100.776	20.230	7.816	1.035	900.590
392.004	458.157	80.100	19.999	100.762	20.240	7.063	1.008	900.574
392.505	458.649	80.096	19.998	100.750	20.252	6.219	0.984	900.548
393.005	459.107	80.099	19.998	100.742	20.261	5.582	0.950	900.563
393.504	459.635	80.098	19.998	100.732	20.269	4.906	0.986	900.605
394.004	460.137	80.097	19.998	100.721	20.274	4.461	1.030	900.587
394.505	460.646	80.095	19.999	100.713	20.282	3.837	1.010	900.568
395.005	461.150	80.097	19.998	100.706	20.288	3.374	1.013	900.590
395.505	461.624	80.098	19.998	100.699	20.296	2.680	0.979	900.551
396.004	462.150	80.099	19.999	100.692	20.302	2.092	1.001	900.607
396.504	462.653	80.097	19.998	100.688	20.313	1.262	1.030	900.586
397.004	463.149	80.099	19.999	100.684	20.314	1.148	0.998	900.600
397.504	463.659	80.098	19.999	100.676	20.319	0.802	1.005	900.600
398.005	464.155	80.096	19.998	100.668	20.322	0.609	1.006	900.600
398.504	464.656	80.099	19.997	100.661	20.325	0.340	0.998	900.576
399.004	465.147	80.098	19.997	100.653	20.329	0.078	0.992	900.557
399.504	465.649	80.096	19.997	100.650	20.335	-0.365	0.993	900.574
400.004	466.142	80.095	19.997	100.646	20.333	-0.200	0.995	900.563
400.504	466.661	80.094	19.996	100.641	20.335	-0.337	1.012	900.560
401.004	467.116	80.099	19.996	100.646	20.335	-0.241	0.974	900.569
401.505	467.633	80.097	19.996	100.647	20.338	-0.374	0.971	900.560
402.005	468.122	80.098	19.996	100.647	20.340	-0.362	1.006	900.598
402.505	468.627	80.099	19.997	100.653	20.341	-0.276	0.994	900.618
403.005	469.116	80.098	19.998	100.658	20.344	-0.450	0.994	900.600
403.505	469.614	80.097	19.997	100.659	20.342	-0.119	0.987	900.580
404.004	470.131	80.099	19.997	100.660	20.346	-0.333	1.016	900.605
404.504	470.632	80.098	19.996	100.659	20.343	-0.135	1.018	900.591
405.005	471.095	80.098	19.997	100.655	20.348	-0.559	0.962	900.579
405.506	471.609	80.098	19.998	100.655	20.347	-0.542	0.977	900.600
406.005	472.115	80.097	19.997	100.652	20.354	-1.134	1.021	900.561
406.505	472.620	80.097	19.996	100.651	20.351	-1.005	1.012	900.590
407.005	473.125	80.097	19.998	100.652	20.353	-1.152	1.010	900.599
407.505	473.609	80.097	19.997	100.649	20.352	-1.001	0.989	900.592
408.005	474.098	80.099	19.997	100.647	20.352	-0.951	0.973	900.600
408.504	474.611	80.095	19.998	100.639	20.351	-0.811	1.002	900.580
409.004	475.115	80.096	19.997	100.631	20.354	-0.920	1.017	900.588
409.504	475.598	80.097	19.997	100.618	20.349	-0.442	0.987	900.595
410.005	476.114	80.096	19.996	100.610	20.352	-0.648	0.999	900.578
410.504	476.610	80.096	19.995	100.600	20.348	-0.355	1.012	900.591
411.004	477.117	80.096	19.996	100.592	20.351	-0.519	1.003	900.570
411.505	477.616	80.096	19.996	100.588	20.350	-0.448	1.006	900.566
412.005	478.107	80.098	19.995	100.592	20.355	-0.835	0.991	900.582
412.504	478.625	80.097	19.996	100.595	20.353	-0.617	1.009	900.599
413.004	479.107	80.099	19.996	100.599	20.352	-0.535	1.001	900.601
413.504	479.598	80.101	19.996	100.609	20.355	-0.806	0.973	900.577
414.004	480.092	80.098	19.997	100.612	20.352	-0.510	0.984	900.621
414.505	480.636	80.099	19.996	100.610	20.354	-0.682	1.038	900.603
415.004	481.104	80.103	19.996	100.603	20.354	-0.751	1.012	900.604
415.504	481.634	80.100	19.996	100.597	20.354	-0.726	0.998	900.621
416.005	482.140	80.100	19.996	100.588	20.357	-0.960	1.036	900.601
416.505	482.620	80.098	19.997	100.583	20.356	-0.883	0.986	900.585
417.005	483.145	80.098	19.996	100.582	20.355	-0.837	1.005	900.589
417.505	483.621	80.101	19.995	100.582	20.352	-0.533	1.001	900.603
418.005	484.132	80.100	19.996	100.581	20.354	-0.528	0.987	900.602
418.505	484.643	80.100	19.996	100.576	20.354	-0.562	1.022	900.595
419.005	485.098	80.100	19.996	100.574	20.355	-0.563	0.966	900.584
419.505	485.609	80.100	19.997	100.572	20.352	-0.372	0.966	900.609
420.005	486.090	80.100	19.996	100.570	20.354	-0.486	0.992	900.602
420.505	486.600	80.101	19.996	100.573	20.356	-0.679	0.992	900.593
421.005	487.123	80.102	19.996	100.575	20.356	-0.662	1.034	900.593
421.505	487.607	80.100	19.995	100.573	20.358	-0.835	1.007	900.632
422.005	488.098	80.099	19.995	100.573	20.360	-0.952	0.975	900.574
422.504	488.614	80.100	19.996	100.575	20.358	-0.736	1.007	900.603
423.005	489.108	80.100	19.995	100.571	20.360	-0.897	1.010	900.644
423.505	489.628	80.100	19.996	100.575	20.362	-1.079	1.013	900.591
424.005	490.116	80.099	19.995	100.576	20.358	-0.808	1.008	900.591
424.505	490.582	80.100	19.996	100.574	20.358	-0.753	0.955	900.582
425.004	491.097	80.097	19.997	100.568	20.363	-1.189	0.981	900.616
425.505	491.613	80.099	19.998	100.562	20.361	-0.999	1.030	900.629
426.005	492.109	80.100	19.997	100.559	20.360	-0.936	1.012	900.615
426.505	492.613	80.098	19.997	100.560	20.360	-0.923	1.001	900.604
427.005	493.123	80.098	19.996	100.560	20.360	-0.888	1.014	900.636
427.505	493.605	80.097	19.997	100.559	20.360	-0.948	0.991	900.617
428.005	494.110	80.099	19.997	100.562	20.360	-0.946	0.987	900.636
428.505	494.644	80.099	19.996	100.558	20.361	-1.070	1.039	900.622
429.005	495.102	80.097	19.996	100.556	20.366	-1.518	0.992	900.617
429.505	495.629	80.098	19.997	100.553	20.363	-1.291	0.984	900.634
430.005	496.137	80.097	19.997	100.556	20.365	-1.384	1.035	900.596
430.505	496.644	80.096	19.998	100.554	20.369	-1.674	1.016	900.612
431.004	497.133	80.098	19.999	100.557	20.364	-1.265	0.996	900.637
431.505	497.659	80.099	19.999	100.556	20.364	-1.257	1.015	900.624
432.005	498.136	80.097	19.999	100.559	20.367	-1.449	1.004	900.619
432.504	498.613	80.097	19.998	100.557	20.365	-1.312	0.953	900.618
433.005	499.123	80.095	19.999	100.560	20.367	-1.409	0.986	900.636
433.505	499.619	80.098	19.999	100.558	20.368	-1.501	1.007	900.646
434.005	500.108	80.099	19.997	100.556	20.366	-1.402	0.985	900.648
434.505	500.600	80.096	19.998	100.554	20.365	-1.316	0.981	900.643
435.005	501.106	80.097	19.999	100.556	20.366	-1.432	0.998	900.649
435.504	501.587	80.098	19.998	100.557	20.365	-1.321	0.987	900.641
436.004	502.084	80.098	19.998	100.562	20.362	-1.156	0.979	900.624
436.504	502.571	80.101	19.999	100.567	20.366	-1.463	0.984	900.653
437.004	503.089	80.099	19.998	100.565	20.366	-1.444	1.005	900.660
437.504	503.582	80.098	19.997	100.562	20.361	-1.011	1.010	900.630
438.005	504.107	80.098	19.996	100.559	20.364	-1.239	1.018	900.618
438.505	504.612	80.098	19.996	100.555	20.363	-1.261	1.031	900.619
439.005	505.089	80.100	19.997	100.553	20.364	-1.257	0.982	900.653
439.505	505.618	80.098	19.996	100.557	20.367	-1.488	1.005	900.640
440.005	506.131	80.096	19.997	100.556	20.363	-1.180	1.042	900.662
440.505	506.608	80.097	19.997	100.555	20.366	-1.400	0.990	900.640
441.005	507.110	80.097	19.996	100.554	20.367	-1.541	0.980	900.648
441.504	507.602	80.097	19.998	100.553	20.365	-1.332	0.994	900.640
442.004	508.083	80.099	19.997	100.555	20.363	-1.196	0.972	900.683
442.505	508.576	80.099	19.997	100.559	20.365	-1.398	0.974	900.638
443.005	509.087	80.098	19.997	100.562	20.364	-1.407	1.004	900.657
443.504	509.556	80.099	19.996	100.563	20.368	-1.692	0.980	900.656
444.005	510.054	80.097	19.996	100.562	20.365	-1.356	0.967	900.652
444.505	510.562	80.099	19.997	100.558	20.365	-1.306	1.007	900.645
445.004	511.081	80.098	19.996	100.555	20.366	-1.317	1.028	900.668
445.504	511.563	80.098	19.996	100.558	20.365	-1.201	1.000	900.678
446.005	512.058	80.099	19.997	100.561	20.367	-1.330	0.975	900.660
446.506	512.580	80.097	19.997	100.559	20.366	-1.312	1.017	900.669
447.005	513.104	80.098	19.997	100.558	20.366	-1.304	1.048	900.672
447.504	513.571	80.102	19.998	100.556	20.371	-1.724	0.991	900.676
448.005	514.077	80.101	19.997	100.555	20.368	-1.573	0.972	900.644
448.505	514.525	80.099	19.997	100.554	20.368	-1.577	0.954	900.658
449.005	515.057	80.097	19.996	100.558	20.367	-1.550	0.981	900.677
449.505	515.582	80.099	19.997	100.562	20.364	-1.327	1.056	900.654
450.005	516.091	80.099	19.997	100.567	20.367	-1.490	1.034	900.658
450.505	516.581	80.098	19.996	100.568	20.365	-1.350	0.998	900.651
451.005	517.061	80.099	19.997	100.562	20.368	-1.586	0.970	900.639
451.505	517.595	80.099	19.997	100.561	20.368	-1.551	1.014	900.659
452.005	518.090	80.097	19.997	100.554	20.367	-1.451	1.028	900.658
452.505	518.588	80.098	19.997	100.549	20.369	-1.558	0.993	900.649
453.005	519.092	80.100	19.999	100.547	20.372	-1.818	1.003	900.664
453.505	519.603	80.099	19.999	100.548	20.369	-1.574	1.015	900.668
454.005	520.066	80.099	19.998	100.547	20.369	-1.541	0.974	900.673
454.505	520.545	80.098	19.998	100.554	20.369	-1.583	0.942	900.657
455.004	521.066	80.098	19.997	100.555	20.373	-1.980	1.000	900.626
455.505	521.582	80.099	19.998	100.556	20.373	-2.024	1.036	900.667
456.005	522.082	80.099	19.998	100.559	20.370	-1.721	1.015	900.663
456.505	522.571	80.097	19.997	100.561	20.369	-1.649	0.990	900.645
457.005	523.086	80.097	19.998	100.559	20.370	-1.781	1.004	900.666
457.505	523.587	80.097	19.998	100.560	20.370	-1.721	1.016	900.649
458.005	524.082	80.100	19.997	100.559	20.371	-1.760	0.997	900.652
458.505	524.561	80.100	19.998	100.554	20.370	-1.533	0.974	900.651
459.005	525.052	80.101	19.997	100.553	20.370	-1.482	0.970	900.640
459.505	525.574	80.098	19.998	100.553	20.371	-1.551	1.013	900.656
460.005	526.072	80.098	19.998	100.550	20.368	-1.368	1.020	900.647
460.505	526.548	80.099	19.997	100.553	20.370	-1.480	0.974	900.651
461.005	527.062	80.098	19.998	100.553	20.373	-1.768	0.989	900.633
461.506	527.531	80.097	19.998	100.551	20.375	-1.965	0.982	900.666
462.006	528.060	80.098	19.998	100.555	20.370	-1.574	0.998	900.670
462.505	528.567	80.096	19.998	100.558	20.369	-1.486	1.036	900.674
463.005	529.078	80.096	19.998	100.557	20.370	-1.470	1.018	900.677
463.505	529.616	80.097	19.998	100.560	20.373	-1.701	1.050	900.692
464.005	530.078	80.098	19.998	100.561	20.372	-1.630	1.002	900.685
464.505	530.597	80.099	19.998	100.559	20.372	-1.686	0.981	900.704
465.005	531.082	80.098	19.998	100.558	20.371	-1.653	1.003	900.678
465.505	531.575	80.098	19.998	100.549	20.372	-1.732	0.977	900.682
466.005	532.082	80.100	19.998	100.540	20.372	-1.679	1.000	900.702
466.505	532.562	80.101	19.998	100.536	20.371	-1.668	0.987	900.696
467.005	533.081	80.100	19.998	100.536	20.372	-1.832	0.999	900.671
467.505	533.566	80.099	19.997	100.539	20.370	-1.721	1.003	900.668
468.005	534.071	80.097	19.998	100.543	20.369	-1.581	0.990	900.700
468.505	534.569	80.097	19.998	100.548	20.369	-1.511	1.004	900.698
469.004	535.055	80.100	19.997	100.550	20.369	-1.553	0.984	900.693
469.505	535.567	80.098	19.998	100.546	20.369	-1.543	0.997	900.678
470.005	536.075	80.099	19.997	100.539	20.370	-1.480	1.019	900.698
470.505	536.555	80.100	19.997	100.541	20.368	-1.236	0.988	900.701
471.005	537.058	80.099	19.997	100.541	20.374	-1.753	0.984	900.681
471.505	537.557	80.100	19.997	100.542	20.372	-1.587	1.002	900.713
472.005	538.069	80.099	19.997	100.544	20.372	-1.633	1.010	900.713
472.505	538.553	80.100	19.998	100.549	20.374	-1.798	0.996	900.668
473.005	539.053	80.101	19.998	100.545	20.374	-1.786	0.985	900.689
473.505	539.568	80.099	19.998	100.546	20.372	-1.581	1.015	900.694
474.005	540.051	80.102	19.998	100.549	20.373	-1.686	0.998	900.693
474.505	540.562	80.102	19.997	100.553	20.372	-1.601	0.994	900.725
475.005	541.058	80.100	19.997	100.555	20.374	-1.785	1.006	900.701
475.505	541.521	80.098	19.998	100.554	20.374	-1.775	0.959	900.676
476.005	542.054	80.099	19.997	100.551	20.373	-1.704	0.996	900.678
476.505	542.539	80.098	19.997	100.548	20.371	-1.665	1.017	900.674
477.006	543.042	80.099	19.998	100.544	20.372	-1.769	0.988	900.703
477.505	543.526	80.097	19.998	100.539	20.372	-1.793	0.988	900.701
478.005	544.044	80.098	19.998	100.538	20.375	-1.994	1.002	900.698
478.505	544.529	80.098	19.998	100.539	20.372	-1.794	1.001	900.668
479.006	545.071	80.096	19.998	100.538	20.371	-1.649	1.027	900.701
479.506	545.564	80.098	19.998	100.538	20.375	-1.930	1.037	900.729
480.005	546.071	80.099	19.997	100.540	20.373	-1.748	1.000	900.677
480.505	546.537	80.098	19.998	100.540	20.371	-1.498	0.973	900.694
481.005	547.045	80.097	19.999	100.538	20.373	-1.669	0.974	900.712
481.505	547.567	80.098	19.998	100.535	20.372	-1.450	1.029	900.676
482.006	548.041	80.099	19.998	100.534	20.372	-1.409	0.996	900.695
482.505	548.596	80.100	19.997	100.537	20.371	-1.371	1.030	900.739
483.005	549.062	80.099	19.997	100.538	20.374	-1.692	1.021	900.698
483.505	549.575	80.100	19.998	100.545	20.377	-1.993	0.978	900.723
484.005	550.093	80.099	19.997	100.552	20.373	-1.758	1.031	900.730
484.505	550.571	80.097	19.997	100.553	20.374	-1.840	0.996	900.720
485.005	551.059	80.098	19.997	100.551	20.374	-1.875	0.966	900.697
485.505	551.568	80.100	19.996	100.550	20.373	-1.842	0.997	900.730
486.005	552.077	80.100	19.997	100.549	20.374	-1.908	1.018	900.719
486.505	552.541	80.099	19.997	100.544	20.377	-2.200	0.973	900.660
487.005	553.063	80.099	19.997	100.543	20.376	-2.034	0.986	900.713
487.505	553.550	80.097	19.997	100.537	20.372	-1.688	1.009	900.720
488.005	554.037	80.099	19.996	100.536	20.372	-1.692	0.975	900.722
488.505	554.528	80.097	19.996	100.531	20.372	-1.569	0.978	900.707
489.005	555.034	80.097	19.997	100.526	20.369	-1.268	0.997	900.728
489.505	555.540	80.098	19.996	100.524	20.373	-1.519	1.012	900.669
490.005	556.075	80.097	19.997	100.530	20.373	-1.678	1.041	900.718
490.505	556.537	80.101	19.997	100.534	20.373	-1.708	0.998	900.708
491.005	557.065	80.102	19.997	100.541	20.373	-1.671	0.989	900.694
491.505	557.545	80.100	19.997	100.546	20.373	-1.735	1.008	900.709
492.005	558.034	80.097	19.997	100.549	20.376	-2.011	0.970	900.723
492.505	558.528	80.096	19.997	100.547	20.375	-1.890	0.983	900.719
493.006	559.055	80.097	19.996	100.548	20.375	-1.846	1.020	900.705
493.506	559.568	80.098	19.996	100.548	20.378	-2.081	1.040	900.701
494.006	560.050	80.097	19.997	100.551	20.379	-2.225	0.995	900.701
494.505	560.523	80.098	19.998	100.545	20.376	-1.925	0.955	900.705
495.006	561.029	80.098	19.998	100.543	20.375	-1.876	0.979	900.703
495.506	561.528	80.096	19.998	100.539	20.373	-1.720	1.006	900.731
496.005	562.022	80.099	19.998	100.531	20.374	-1.718	0.993	900.721
496.505	562.528	80.100	19.998	100.525	20.373	-1.662	0.999	900.746
497.005	563.050	80.098	19.998	100.531	20.375	-1.788	1.028	900.729
497.505	563.541	80.099	19.999	100.538	20.376	-1.994	1.013	900.726
498.005	564.008	80.098	19.997	100.539	20.377	-2.067	0.958	900.723
498.505	564.525	80.097	19.998	100.540	20.376	-2.021	0.985	900.757
499.005	565.023	80.095	19.998	100.544	20.375	-1.971	1.015	900.721
499.506	565.539	80.095	19.998	100.545	20.375	-1.913	1.013	900.732
500.006	566.038	80.096	19.998	100.536	20.376	-1.920	1.015	900.722
500.506	566.542	80.097	19.998	100.538	20.377	-2.037	1.003	900.722
501.006	567.023	80.097	19.998	100.544	20.376	-1.931	0.985	900.741
501.505	567.543	80.097	19.998	100.544	20.374	-1.746	1.002	900.714
502.005	568.041	80.096	19.998	100.540	20.374	-1.754	1.018	900.755
502.505	568.517	80.097	19.997	100.543	20.374	-1.726	0.974	900.742
503.005	569.045	80.096	19.997	100.540	20.373	-1.645	1.003	900.758
503.506	569.550	80.096	19.998	100.533	20.376	-1.921	1.032	900.739
504.006	570.056	80.098	19.997	100.533	20.375	-1.828	1.011	900.763
504.505	570.545	80.098	19.996	100.539	20.376	-1.945	0.995	900.740
505.005	571.020	80.097	19.997	100.542	20.376	-2.032	0.965	900.713
505.505	571.531	80.099	19.997	100.545	20.378	-2.178	0.986	900.742
506.005	572.028	80.097	19.998	100.548	20.376	-2.063	1.007	900.734
506.506	572.560	80.096	19.997	100.546	20.375	-1.925	1.028	900.750
507.006	573.023	80.098	19.997	100.541	20.374	-1.843	0.995	900.744
507.505	573.540	80.096	19.996	100.536	20.374	-1.891	0.981	900.732
508.005	574.029	80.094	19.996	100.538	20.376	-1.975	1.006	900.733
508.506	574.550	80.095	19.998	100.538	20.373	-1.825	1.009	900.726
509.006	575.035	80.095	19.997	100.538	20.377	-2.081	1.007	900.735
509.505	575.549	80.098	19.997	100.537	20.373	-1.720	1.000	900.776
510.005	576.017	80.097	19.997	100.538	20.378	-2.002	0.982	900.743
510.505	576.538	80.097	19.997	100.534	20.375	-1.752	0.989	900.745
511.005	577.035	80.101	19.998	100.535	20.380	-2.203	1.018	900.742
511.506	577.539	80.098	19.997	100.539	20.373	-1.600	1.000	900.775
512.006	578.050	80.098	19.996	100.542	20.376	-1.860	1.014	900.739
512.506	578.543	80.100	19.997	100.547	20.377	-2.012	1.004	900.773
513.006	579.079	80.098	19.998	100.548	20.378	-2.201	1.030	900.751
513.506	579.553	80.098	19.998	100.546	20.377	-2.142	1.011	900.766
514.005	580.064	80.097	19.999	100.540	20.378	-2.188	0.986	900.769
514.505	580.552	80.097	19.998	100.542	20.377	-2.123	0.999	900.801
515.005	581.050	80.099	19.998	100.542	20.377	-2.071	0.986	900.780
515.506	581.551	80.097	19.997	100.544	20.376	-1.958	0.999	900.750
516.005	582.019	80.096	19.996	100.547	20.378	-2.100	0.968	900.765
516.506	582.523	80.096	19.997	100.547	20.377	-2.025	0.972	900.774
517.006	583.019	80.095	19.997	100.540	20.376	-1.922	1.001	900.736
517.506	583.543	80.098	19.996	100.531	20.376	-1.921	1.020	900.770
518.006	584.040	80.100	19.997	100.531	20.379	-2.117	1.022	900.791
518.505	584.524	80.098	19.997	100.532	20.376	-1.905	0.982	900.775
519.005	585.063	80.098	19.996	100.534	20.380	-2.112	1.023	900.764
519.505	585.549	80.098	19.997	100.538	20.379	-1.982	1.024	900.776
520.005	586.028	80.099	19.997	100.545	20.381	-2.215	0.964	900.799
520.505	586.568	80.102	19.998	100.549	20.380	-2.125	1.019	900.768
521.005	587.051	80.097	19.998	100.547	20.383	-2.344	1.023	900.750
521.505	587.535	80.097	19.997	100.547	20.380	-2.187	0.967	900.742
522.005	588.023	80.098	19.997	100.547	20.379	-2.083	0.972	900.784
522.506	588.519	80.098	19.997	100.545	20.381	-2.338	0.983	900.774
523.006	589.043	80.098	19.997	100.538	20.380	-2.158	1.020	900.792
523.506	589.541	80.098	19.997	100.538	20.380	-2.216	1.023	900.774
524.006	590.038	80.096	19.997	100.539	20.382	-2.346	0.996	900.799
524.505	590.571	80.095	19.997	100.537	20.383	-2.451	1.028	900.780
525.006	591.062	80.096	19.998	100.537	20.383	-2.529	1.024	900.792
525.506	591.536	80.097	19.998	100.539	20.380	-2.180	0.966	900.813
526.006	592.076	80.097	19.997	100.533	20.381	-2.271	1.013	900.794
526.506	592.572	80.096	19.997	100.528	20.381	-2.268	1.036	900.798
527.006	593.059	80.097	19.998	100.526	20.382	-2.302	0.984	900.812
527.506	593.554	80.098	19.998	100.530	20.383	-2.366	0.982	900.808
528.006	594.057	80.098	19.999	100.528	0.000	0.000	0.997	900.804
528.506	594.532	80.099	19.998	100.533	0.000	0.000	0.978	900.823
529.006	595.042	80.098	19.999	100.537	0.000	0.000	0.986	900.813
529.506	595.538	80.097	19.998	100.537	0.000	0.000	1.007	900.771
530.005	596.033	80.097	19.998	100.537	0.000	0.000	0.990	900.837
530.506	596.523	80.096	19.999	100.537	0.000	0.000	0.984	900.837
531.007	597.029	80.098	19.999	100.534	0.000	0.000	0.996	900.799
531.506	597.547	80.099	19.998	100.535	0.000	0.000	1.025	900.827
532.006	598.034	80.098	19.998	100.540	0.000	0.000	1.005	900.843
532.505	598.537	80.100	19.998	100.539	0.000	0.000	0.990	900.786
533.005	599.028	80.100	19.998	100.539	0.000	0.000	0.994	900.808
533.506	599.531	80.097	19.998	100.537	0.000	0.000	0.994	900.872
534.006	600.038	80.098	19.998	100.534	0.000	0.000	1.010	900.818
534.505	600.568	80.097	19.999	100.528	0.000	0.000	1.038	900.822
535.005	601.033	80.096	20.000	100.526	0.000	0.000	0.995	900.806
535.505	601.506	80.097	19.999	100.526	0.000	0.000	0.938	900.814
536.006	602.009	80.096	19.999	100.528	0.000	0.000	0.976	900.817
536.505	602.525	80.097	20.000	100.534	0.000	0.000	1.019	900.809
537.006	603.024	80.098	20.000	100.533	0.000	0.000	1.014	900.816
537.506	603.505	80.096	20.000	100.533	0.000	0.000	0.980	900.827
