File Name:	PMMA_CN_20mm_60Kmin_4mg_R1.txt	Version: 8.3.7.3						
Date:	02 Aug 2024
Operator:	KH
Test ID:	PMMA_CN_20mm_4mg_60K_R1
Sample ID:	PMMA_20mm_4mg_R1
Sample Mass (mg):	4.0700
Sample Cup Mass (mg):	184.2100
End Total Mass (mg):
Heating Rate (C/s):	1.0000
Combuster Temperature (C):	900.0
N2 Flow Rate (cc/min):	80.0
O2 Flow Rate (cc/min):	20.0
Calibration File:	Coeff.txt
T Correction Coefficients:	0.308738730	0.013615500	0.000000000
Time Shift (s):	10.0
Pre-Test Comments:
Post-Test Comments:
Baseline Flow:	99.806
Baseline O2:	20.370
Instrument ID:	2700
@
Time (s)	Temperature (C)	N2 Flow (cc/min)	O2 Flow (cc/min)	Total Flow (cc/min)	Oxygen (%)	HRR (W/g)	Heating Rate (C/s)	Combustor Temp (C)
0.000	75.086	80.060	19.997	99.806	20.353	-10.521	0.003	899.014
0.500	75.096	80.057	19.998	99.809	20.337	-9.486	0.008	899.008
1.000	75.060	80.058	19.998	99.815	20.311	-7.666	-0.026	898.982
1.500	75.086	80.054	19.999	99.826	20.287	-5.901	-0.009	898.995
2.000	75.068	80.056	19.999	99.879	20.268	-4.485	0.008	899.033
2.499	75.108	80.058	19.999	99.971	20.254	-3.337	0.021	899.033
3.000	75.104	80.057	19.999	100.081	20.240	-2.247	0.035	899.013
3.500	75.135	80.057	19.998	100.201	20.228	-1.283	0.027	898.997
3.999	75.174	80.058	19.998	100.318	20.220	-0.637	0.070	899.001
4.500	75.219	80.056	19.999	100.402	20.214	-0.215	0.084	899.040
5.000	75.289	80.058	19.999	100.458	20.210	-0.460	0.115	899.031
5.499	75.336	80.058	19.998	100.506	20.206	-1.412	0.117	899.016
5.999	75.396	80.058	19.999	100.549	20.205	-3.280	0.107	899.020
6.500	75.489	80.057	19.999	100.586	20.206	-5.562	0.154	899.018
7.000	75.561	80.056	19.998	100.616	20.203	-7.443	0.165	899.029
7.500	75.655	80.056	20.000	100.635	20.201	-9.349	0.166	899.014
8.000	75.762	80.056	20.000	100.646	20.203	-11.067	0.201	899.042
8.500	75.857	80.054	20.000	100.653	20.200	-11.608	0.202	899.033
9.000	75.990	80.055	19.999	100.654	20.204	-11.973	0.228	898.977
9.500	76.092	80.055	20.000	100.653	20.200	-11.427	0.235	899.038
10.000	76.208	80.054	20.000	100.652	20.197	-10.861	0.218	899.027
10.500	76.298	80.057	20.000	100.649	20.183	-9.352	0.206	898.995
10.999	76.449	80.057	19.999	100.644	20.161	-7.210	0.241	899.032
11.499	76.608	80.056	19.999	100.641	20.129	-4.303	0.310	899.009
12.000	76.760	80.056	19.999	100.647	20.099	-1.425	0.310	899.012
12.500	76.924	80.055	19.999	100.689	20.075	0.913	0.316	899.000
13.000	77.130	80.055	19.999	100.801	20.053	3.091	0.370	899.012
13.500	77.303	80.056	20.000	100.961	20.042	4.499	0.379	898.985
14.000	77.544	80.054	20.000	101.142	20.036	5.497	0.414	898.972
14.500	77.777	80.055	19.999	101.314	20.034	6.184	0.474	899.004
15.000	78.062	80.054	19.999	101.448	20.037	6.503	0.518	898.973
15.500	78.342	80.054	20.000	101.514	20.036	7.096	0.565	898.979
16.000	78.629	80.055	19.999	101.527	20.043	6.955	0.567	899.011
16.500	78.971	80.058	19.999	101.515	20.051	6.686	0.629	898.982
17.000	79.273	80.057	19.999	101.495	20.057	6.504	0.645	898.960
17.499	79.608	80.055	19.999	101.468	20.065	6.125	0.638	898.950
17.999	79.952	80.055	19.999	101.435	20.070	6.015	0.678	898.996
18.499	80.302	80.058	20.000	101.402	20.081	5.463	0.693	898.977
19.000	80.677	80.057	19.999	101.365	20.083	5.536	0.725	898.951
19.500	81.091	80.055	19.999	101.329	20.091	5.140	0.790	898.985
20.000	81.474	80.056	19.999	101.296	20.100	4.699	0.798	898.960
20.500	81.841	80.055	19.999	101.259	20.102	4.803	0.749	898.975
21.000	82.284	80.055	19.999	101.220	20.110	4.434	0.810	898.949
21.500	82.672	80.057	19.999	101.182	20.116	4.147	0.832	898.949
22.000	83.134	80.056	19.998	101.142	20.122	3.974	0.850	898.961
22.500	83.568	80.056	19.999	101.102	20.125	4.037	0.896	898.937
23.000	83.991	80.057	19.999	101.072	20.131	3.771	0.857	898.972
23.500	84.463	80.056	19.998	101.045	20.137	3.448	0.895	898.966
24.000	84.901	80.058	20.000	101.022	20.144	3.073	0.910	898.982
24.500	85.335	80.057	20.000	101.005	20.145	3.101	0.872	898.937
25.000	85.802	80.056	19.999	100.991	20.153	2.725	0.901	898.951
25.500	86.253	80.056	19.999	100.973	20.156	2.640	0.918	898.965
26.000	86.729	80.056	20.000	100.951	20.159	2.752	0.927	898.925
26.500	87.216	80.058	20.000	100.934	20.163	2.692	0.963	898.946
27.000	87.725	80.057	20.000	100.917	20.167	2.659	0.996	898.902
27.500	88.180	80.056	20.000	100.901	20.170	2.640	0.964	898.941
28.000	88.657	80.056	20.000	100.886	20.174	2.508	0.931	898.932
28.500	89.148	80.055	20.000	100.874	20.174	2.545	0.969	898.924
29.000	89.622	80.054	20.000	100.855	20.180	2.133	0.965	898.901
29.500	90.136	80.056	20.002	100.834	20.179	2.348	0.988	898.985
30.000	90.645	80.056	20.002	100.815	20.182	2.312	1.023	898.920
30.500	91.153	80.055	20.002	100.800	20.186	2.058	1.016	898.731
31.001	91.669	80.057	20.001	100.790	20.192	1.731	1.024	898.921
31.501	92.183	80.057	20.001	100.786	20.192	1.854	1.030	898.925
32.000	92.664	80.058	20.000	100.780	20.194	1.865	0.996	898.965
32.500	93.164	80.058	20.001	100.765	20.197	1.741	0.982	898.917
33.000	93.667	80.058	20.000	100.747	20.195	1.917	1.002	898.915
33.500	94.196	80.057	20.000	100.724	20.199	1.664	1.031	898.900
34.001	94.694	80.056	20.000	100.701	20.198	1.834	1.027	898.925
34.500	95.245	80.056	20.000	100.686	20.199	1.848	1.049	898.920
35.000	95.753	80.060	20.000	100.676	20.204	1.603	1.059	898.919
35.500	96.308	80.059	20.001	100.666	20.206	1.557	1.063	898.898
36.000	96.779	80.060	20.000	100.663	20.211	1.326	1.027	898.894
36.500	97.303	80.060	20.000	100.660	20.212	1.308	0.995	898.921
37.000	97.856	80.057	20.000	100.647	20.213	1.153	1.076	898.912
37.500	98.365	80.058	20.000	100.637	20.212	1.197	1.061	898.930
38.000	98.871	80.059	20.001	100.632	20.214	1.116	1.015	898.894
38.500	99.407	80.057	20.000	100.621	20.216	1.035	1.043	898.872
39.000	99.936	80.058	20.001	100.608	20.216	1.105	1.065	898.867
39.500	100.457	80.056	20.001	100.602	20.217	1.198	1.049	898.893
40.001	100.983	80.057	20.000	100.601	20.217	1.337	1.046	898.910
40.500	101.524	80.057	20.000	100.596	20.219	1.322	1.068	898.901
41.000	102.080	80.056	20.001	100.592	20.218	1.382	1.098	898.904
41.500	102.602	80.057	20.000	100.586	20.220	1.229	1.078	898.889
42.000	103.124	80.058	20.001	100.577	20.222	1.156	1.044	898.896
42.500	103.613	80.057	20.000	100.566	20.227	0.690	1.011	898.884
43.000	104.214	80.059	19.999	100.556	20.225	0.811	1.090	898.880
43.500	104.699	80.058	20.000	100.548	20.225	0.849	1.086	898.903
44.000	105.243	80.058	20.000	100.548	20.227	0.683	1.028	898.893
44.500	105.786	80.058	20.000	100.554	20.229	0.527	1.087	898.889
45.000	106.312	80.056	20.000	100.558	20.227	0.823	1.069	898.883
45.500	106.855	80.055	19.999	100.555	20.224	1.165	1.068	898.928
46.001	107.398	80.056	19.999	100.550	20.230	0.789	1.086	898.874
46.500	107.908	80.054	20.000	100.540	20.229	1.017	1.054	898.890
47.000	108.460	80.056	20.000	100.524	20.231	0.935	1.062	898.892
47.500	108.986	80.053	20.000	100.515	20.230	1.030	1.078	898.873
48.000	109.512	80.051	19.999	100.511	20.227	1.257	1.052	898.869
48.500	110.036	80.054	19.998	100.510	20.231	0.900	1.050	898.866
49.000	110.568	80.056	19.999	100.510	20.230	1.026	1.056	898.903
49.500	111.117	80.055	19.999	100.512	20.232	0.883	1.079	898.885
50.001	111.641	80.052	19.998	100.513	20.232	0.857	1.073	898.871
50.500	112.183	80.051	19.999	100.515	20.233	0.780	1.068	898.857
51.000	112.761	80.052	19.998	100.516	20.236	0.603	1.121	898.843
51.500	113.266	80.053	19.999	100.515	20.240	0.349	1.083	898.870
52.000	113.791	80.052	19.999	100.513	20.239	0.414	1.029	898.857
52.500	114.332	80.053	19.999	100.503	20.239	0.511	1.065	898.865
53.001	114.881	80.053	19.999	100.492	20.241	0.445	1.090	898.846
53.500	115.407	80.052	19.999	100.484	20.243	0.304	1.075	898.892
54.000	115.922	80.054	19.999	100.476	20.243	0.349	1.041	898.884
54.500	116.472	80.054	20.000	100.472	20.240	0.678	1.065	898.899
55.000	117.002	80.052	19.999	100.474	20.241	0.656	1.080	898.861
55.500	117.571	80.051	20.000	100.476	20.242	0.613	1.099	898.873
56.000	118.089	80.054	20.000	100.477	20.242	0.623	1.088	898.855
56.500	118.622	80.055	20.000	100.475	20.242	0.660	1.050	898.885
57.000	119.146	80.055	20.000	100.476	20.242	0.604	1.057	898.842
57.500	119.702	80.056	20.001	100.475	20.242	0.628	1.080	898.864
58.000	120.240	80.056	20.000	100.475	20.243	0.486	1.095	898.861
58.500	120.740	80.055	20.000	100.469	20.242	0.555	1.038	898.874
59.000	121.275	80.055	20.000	100.469	20.243	0.471	1.035	898.875
59.500	121.824	80.057	20.000	100.464	20.243	0.425	1.085	898.833
60.000	122.357	80.055	20.001	100.459	20.243	0.480	1.082	898.852
60.500	122.900	80.055	20.001	100.455	20.242	0.595	1.076	898.857
61.000	123.424	80.055	19.999	100.454	20.242	0.592	1.066	898.869
61.500	123.966	80.054	20.000	100.449	20.240	0.781	1.065	898.851
62.001	124.479	80.055	19.999	100.444	20.241	0.754	1.055	898.877
62.501	125.027	80.055	19.999	100.440	20.242	0.630	1.062	898.882
63.000	125.557	80.055	20.000	100.439	20.242	0.656	1.078	898.866
63.500	126.061	80.055	20.000	100.438	20.241	0.789	1.035	898.883
64.000	126.606	80.054	20.000	100.436	20.240	0.905	1.049	898.870
64.501	127.176	80.053	20.000	100.439	20.241	0.746	1.114	898.862
65.000	127.689	80.054	20.000	100.442	20.240	0.815	1.083	898.873
65.500	128.222	80.052	20.001	100.443	20.239	0.952	1.046	898.874
66.000	128.729	80.054	20.000	100.446	20.240	0.932	1.040	898.869
66.500	129.252	80.054	20.000	100.449	20.234	1.403	1.030	898.887
67.000	129.801	80.054	20.000	100.446	20.233	1.546	1.071	898.872
67.500	130.288	80.056	20.000	100.443	20.238	1.254	1.035	898.890
68.000	130.837	80.054	19.999	100.442	20.238	1.316	1.036	898.895
68.500	131.358	80.056	20.000	100.440	20.236	1.510	1.070	898.854
69.000	131.887	80.055	20.000	100.437	20.234	1.644	1.050	898.870
69.500	132.421	80.053	20.000	100.435	20.236	1.463	1.062	898.864
70.001	132.938	80.052	19.999	100.437	20.237	1.427	1.050	898.877
70.501	133.476	80.053	20.000	100.435	20.234	1.657	1.057	898.890
71.000	133.991	80.054	20.000	100.431	20.234	1.695	1.054	898.883
71.500	134.522	80.054	20.000	100.432	20.233	1.817	1.045	898.887
72.000	135.064	80.053	19.999	100.437	20.233	1.891	1.073	898.876
72.500	135.568	80.054	20.000	100.434	20.234	1.850	1.045	898.881
73.001	136.120	80.056	20.000	100.431	20.233	1.895	1.056	898.860
73.500	136.635	80.054	20.000	100.428	20.228	2.229	1.068	898.893
74.000	137.152	80.055	20.001	100.424	20.231	1.978	1.032	898.844
74.500	137.682	80.055	20.001	100.416	20.230	2.055	1.047	898.887
75.000	138.200	80.055	20.000	100.415	20.230	1.971	1.049	898.835
75.500	138.704	80.056	20.000	100.412	20.231	1.890	1.022	898.884
76.000	139.267	80.055	20.000	100.410	20.226	2.334	1.067	898.832
76.500	139.768	80.054	20.000	100.411	20.227	2.353	1.064	898.855
77.000	140.281	80.053	20.000	100.411	20.226	2.428	1.013	898.880
77.501	140.821	80.055	19.999	100.408	20.224	2.592	1.053	898.885
78.000	141.359	80.055	20.000	100.407	20.225	2.586	1.078	898.858
78.501	141.899	80.054	20.000	100.405	20.230	2.262	1.077	898.880
79.001	142.400	80.053	20.000	100.399	20.226	2.522	1.041	898.880
79.500	142.941	80.056	20.000	100.394	20.225	2.567	1.044	898.880
80.000	143.421	80.055	20.000	100.392	20.222	2.873	1.022	898.874
80.500	143.964	80.054	20.000	100.394	20.219	3.090	1.022	898.876
81.001	144.481	80.057	20.000	100.402	20.222	2.893	1.058	898.869
81.501	145.016	80.059	20.000	100.405	20.223	2.813	1.053	898.874
82.000	145.533	80.057	20.000	100.406	20.223	2.923	1.053	898.910
82.500	146.036	80.056	20.001	100.410	20.225	2.820	1.019	898.883
83.001	146.561	80.054	20.000	100.408	20.225	2.834	1.027	898.885
83.500	147.096	80.056	20.000	100.399	20.222	2.963	1.061	898.886
84.000	147.594	80.055	20.000	100.396	20.221	3.098	1.033	898.875
84.500	148.126	80.054	20.000	100.398	20.218	3.337	1.030	898.863
85.000	148.649	80.057	20.000	100.393	20.221	3.136	1.054	898.852
85.501	149.174	80.054	20.001	100.390	20.220	3.143	1.047	898.880
86.001	149.695	80.055	20.000	100.391	20.218	3.280	1.047	898.908
86.500	150.229	80.059	20.000	100.393	20.218	3.211	1.056	898.877
87.001	150.735	80.057	19.999	100.391	20.217	3.293	1.039	898.860
87.501	151.217	80.056	19.998	100.390	20.219	3.050	0.988	898.865
88.001	151.761	80.056	19.999	100.385	20.216	3.269	1.027	898.892
88.500	152.271	80.057	19.998	100.385	20.217	3.187	1.054	898.858
89.001	152.794	80.056	19.998	100.384	20.215	3.439	1.032	898.875
89.501	153.306	80.055	19.997	100.380	20.213	3.603	1.035	898.869
90.001	153.827	80.056	19.997	100.378	20.213	3.666	1.034	898.871
90.501	154.353	80.057	19.998	100.379	20.216	3.489	1.047	898.847
91.001	154.845	80.056	19.999	100.378	20.212	3.839	1.018	898.874
91.500	155.368	80.058	19.999	100.377	20.213	3.819	1.015	898.869
92.000	155.903	80.059	19.999	100.379	20.213	3.876	1.059	898.864
92.500	156.400	80.057	19.999	100.379	20.212	3.938	1.031	898.885
93.001	156.912	80.056	19.999	100.381	20.211	4.146	1.010	898.893
93.500	157.427	80.056	20.000	100.381	20.211	4.172	1.028	898.890
94.000	157.945	80.057	20.000	100.383	20.212	4.071	1.032	898.879
94.500	158.478	80.060	19.999	100.388	20.210	4.264	1.051	898.873
95.000	158.952	80.055	20.000	100.394	20.211	4.164	1.007	898.873
95.501	159.483	80.056	20.000	100.396	20.213	4.003	1.004	898.877
96.001	160.018	80.057	20.000	100.394	20.209	4.171	1.066	898.911
96.501	160.530	80.056	20.001	100.386	20.210	4.118	1.047	898.915
97.001	161.055	80.058	20.000	100.379	20.209	4.174	1.037	898.908
97.501	161.544	80.059	20.000	100.379	20.206	4.437	1.015	898.896
98.000	162.075	80.057	19.999	100.376	20.203	4.660	1.021	898.889
98.500	162.594	80.058	19.999	100.370	20.205	4.570	1.050	898.885
99.000	163.107	80.057	19.999	100.371	20.199	5.115	1.032	898.881
99.500	163.592	80.058	19.999	100.368	20.200	5.075	0.998	898.885
100.000	164.116	80.059	19.999	100.362	20.200	5.078	1.007	898.882
100.501	164.599	80.057	19.999	100.355	20.200	5.038	1.006	898.923
101.001	165.117	80.059	19.999	100.356	20.195	5.365	1.002	898.873
101.500	165.637	80.060	19.998	100.357	20.191	5.732	1.038	898.889
102.001	166.196	80.057	19.999	100.356	20.194	5.522	1.078	898.896
102.501	166.695	80.060	19.999	100.355	20.193	5.633	1.058	898.904
103.001	167.177	80.060	19.998	100.363	20.190	5.840	0.981	898.926
103.501	167.739	80.057	19.997	100.368	20.191	5.781	1.044	898.889
104.000	168.213	80.056	19.998	100.369	20.190	5.965	1.037	898.929
104.500	168.719	80.055	19.999	100.370	20.191	5.877	0.979	898.904
105.001	169.245	80.054	19.998	100.366	20.191	5.838	1.031	898.949
105.501	169.733	80.055	19.996	100.361	20.188	6.081	1.014	898.924
106.001	170.242	80.055	19.997	100.354	20.184	6.457	0.998	898.906
106.501	170.760	80.058	19.997	100.350	20.186	6.400	1.027	898.906
107.001	171.272	80.058	19.997	100.350	20.182	6.685	1.029	898.920
107.501	171.803	80.056	19.998	100.351	20.185	6.466	1.044	898.906
108.001	172.288	80.058	19.998	100.354	20.182	6.752	1.017	898.924
108.501	172.773	80.058	19.999	100.359	20.181	6.844	0.970	898.910
109.001	173.316	80.056	19.998	100.358	20.179	7.037	1.027	898.919
109.501	173.835	80.057	19.998	100.353	20.177	7.150	1.062	898.915
110.000	174.330	80.054	19.999	100.350	20.178	7.023	1.014	898.907
110.501	174.855	80.056	19.999	100.345	20.176	7.099	1.020	898.935
111.001	175.373	80.057	19.998	100.345	20.176	7.177	1.043	898.922
111.501	175.895	80.056	19.999	100.346	20.172	7.462	1.039	898.946
112.001	176.398	80.058	19.999	100.347	20.170	7.571	1.025	898.939
112.501	176.896	80.057	19.998	100.348	20.170	7.628	1.001	898.929
113.001	177.394	80.057	20.000	100.347	20.168	7.842	0.996	898.954
113.501	177.946	80.059	19.999	100.337	20.167	7.990	1.050	898.933
114.001	178.438	80.058	19.998	100.331	20.166	8.015	1.044	898.940
114.501	178.977	80.057	19.998	100.331	20.165	8.143	1.031	898.943
115.001	179.443	80.057	19.998	100.330	20.167	8.077	1.005	898.911
115.501	179.981	80.055	19.999	100.327	20.167	8.007	1.003	898.923
116.001	180.496	80.055	19.998	100.329	20.165	8.123	1.053	898.936
116.501	181.009	80.054	19.998	100.331	20.164	8.274	1.028	898.965
117.001	181.517	80.052	19.999	100.329	20.162	8.396	1.021	898.951
117.501	182.025	80.054	19.999	100.331	20.158	8.695	1.017	898.929
118.001	182.514	80.055	19.999	100.337	20.160	8.579	0.997	898.934
118.501	183.035	80.055	19.999	100.336	20.161	8.531	1.010	898.943
119.001	183.548	80.056	19.999	100.337	20.159	8.726	1.034	898.957
119.501	184.061	80.056	19.999	100.340	20.158	8.830	1.026	898.996
120.001	184.576	80.055	19.998	100.331	20.156	9.014	1.028	898.953
120.501	185.094	80.056	19.998	100.320	20.157	9.003	1.034	898.955
121.001	185.607	80.057	19.999	100.322	20.156	9.098	1.031	898.984
121.501	186.120	80.058	19.999	100.324	20.157	8.974	1.025	898.983
122.001	186.608	80.056	19.998	100.320	20.155	9.116	1.000	898.973
122.501	187.129	80.056	19.999	100.322	20.154	9.156	1.009	898.979
123.001	187.646	80.057	19.999	100.326	20.154	9.194	1.038	898.984
123.501	188.154	80.055	19.998	100.324	20.151	9.426	1.026	899.004
124.001	188.682	80.056	19.999	100.319	20.151	9.393	1.037	899.004
124.500	189.171	80.057	19.999	100.319	20.153	9.298	1.017	898.997
125.001	189.706	80.055	19.998	100.321	20.151	9.482	1.024	898.992
125.501	190.174	80.055	19.998	100.321	20.149	9.624	1.003	898.985
126.001	190.692	80.055	19.998	100.317	20.151	9.431	0.986	898.995
126.501	191.208	80.055	19.998	100.313	20.152	9.371	1.033	898.977
127.001	191.710	80.057	20.000	100.309	20.149	9.544	1.018	899.003
127.501	192.224	80.054	19.999	100.306	20.151	9.385	1.016	899.001
128.001	192.730	80.054	19.999	100.305	20.149	9.526	1.020	898.990
128.501	193.238	80.055	19.999	100.308	20.151	9.350	1.014	899.000
129.001	193.763	80.054	19.999	100.311	20.150	9.455	1.032	898.980
129.501	194.257	80.054	19.999	100.312	20.148	9.690	1.018	898.969
130.002	194.779	80.057	20.000	100.310	20.150	9.622	1.016	898.994
130.501	195.263	80.055	19.998	100.308	20.151	9.518	1.007	899.005
131.001	195.798	80.054	19.999	100.308	20.148	9.831	1.020	899.028
131.501	196.302	80.053	19.998	100.308	20.147	9.932	1.039	899.000
132.001	196.811	80.055	19.999	100.307	20.150	9.683	1.012	898.983
132.501	197.303	80.054	19.998	100.308	20.149	9.743	1.001	899.029
133.001	197.827	80.053	19.997	100.307	20.147	9.853	1.015	898.988
133.501	198.314	80.055	19.998	100.306	20.152	9.575	1.010	899.021
134.002	198.826	80.055	19.998	100.307	20.151	9.699	0.999	899.006
134.502	199.356	80.054	19.998	100.310	20.151	9.801	1.043	899.020
135.001	199.851	80.056	19.998	100.313	20.152	9.669	1.025	899.007
135.501	200.351	80.056	19.998	100.317	20.149	9.845	0.995	899.028
136.001	200.873	80.055	19.999	100.316	20.151	9.672	1.023	899.013
136.501	201.376	80.053	19.999	100.309	20.152	9.602	1.025	899.022
137.001	201.899	80.054	19.999	100.303	20.150	9.604	1.026	899.016
137.501	202.430	80.055	19.998	100.299	20.151	9.415	1.054	899.037
138.001	202.909	80.056	19.999	100.299	20.151	9.394	1.010	899.001
138.501	203.425	80.054	19.998	100.296	20.151	9.434	0.996	899.018
139.001	203.935	80.055	19.998	100.299	20.152	9.455	1.026	899.057
139.501	204.459	80.055	19.999	100.299	20.152	9.490	1.034	899.028
140.001	204.966	80.055	19.999	100.298	20.151	9.613	1.031	899.073
140.501	205.472	80.055	19.999	100.294	20.151	9.695	1.013	899.044
141.001	206.000	80.057	19.999	100.294	20.152	9.587	1.034	899.057
141.501	206.466	80.053	19.999	100.287	20.154	9.464	0.994	899.038
142.001	207.000	80.052	19.999	100.284	20.149	9.808	1.000	899.069
142.501	207.493	80.052	20.000	100.285	20.150	9.763	1.027	899.089
143.001	208.006	80.053	20.000	100.286	20.149	9.847	1.006	899.089
143.501	208.537	80.052	20.000	100.290	20.146	10.057	1.043	899.079
144.002	209.045	80.052	19.999	100.297	20.145	10.196	1.039	899.066
144.501	209.526	80.052	19.999	100.306	20.148	9.892	0.990	899.090
145.001	210.048	80.053	19.999	100.311	20.147	9.958	1.004	899.085
145.501	210.533	80.052	19.999	100.312	20.147	9.949	1.007	899.068
146.001	211.055	80.055	19.999	100.307	20.149	9.826	1.007	899.102
146.501	211.555	80.053	19.999	100.302	20.147	9.993	1.021	899.081
147.002	212.099	80.054	20.000	100.296	20.147	9.964	1.043	899.114
147.502	212.591	80.054	20.000	100.289	20.144	10.212	1.037	899.108
148.001	213.078	80.054	19.999	100.289	20.144	10.224	0.980	899.125
148.501	213.604	80.056	19.999	100.293	20.142	10.421	1.013	899.062
149.001	214.103	80.054	19.999	100.292	20.142	10.394	1.026	899.080
149.501	214.607	80.053	19.999	100.292	20.141	10.509	1.003	899.105
150.001	215.140	80.055	19.999	100.291	20.147	10.116	1.037	899.098
150.501	215.613	80.054	20.000	100.287	20.139	10.706	1.006	899.137
151.001	216.104	80.055	19.999	100.287	20.139	10.714	0.964	899.130
151.501	216.631	80.057	19.999	100.287	20.138	10.772	1.018	899.107
152.002	217.141	80.055	20.000	100.292	20.136	11.021	1.037	899.128
152.501	217.629	80.055	20.000	100.292	20.136	11.067	0.998	899.133
153.001	218.133	80.053	19.999	100.292	20.136	11.037	0.992	899.122
153.501	218.685	80.054	19.999	100.291	20.135	11.063	1.056	899.152
154.001	219.184	80.057	19.999	100.293	20.136	11.061	1.052	899.167
154.501	219.681	80.054	19.999	100.292	20.135	11.085	0.997	899.144
155.001	220.171	80.054	19.999	100.291	20.137	10.822	0.986	899.152
155.501	220.669	80.056	19.999	100.290	20.138	10.745	0.988	899.134
156.001	221.170	80.054	19.999	100.287	20.136	10.961	0.999	899.158
156.501	221.703	80.055	19.999	100.285	20.133	11.241	1.034	899.126
157.001	222.214	80.056	19.999	100.282	20.134	11.141	1.044	899.131
157.501	222.697	80.055	20.000	100.283	20.132	11.373	0.993	899.119
158.001	223.214	80.054	20.000	100.283	20.131	11.436	0.999	899.122
158.501	223.715	80.053	19.999	100.285	20.132	11.371	1.019	899.159
159.001	224.237	80.054	19.999	100.282	20.130	11.547	1.024	899.158
159.501	224.726	80.055	19.998	100.278	20.133	11.329	1.010	899.158
160.001	225.242	80.054	19.999	100.271	20.136	11.099	1.004	899.193
160.502	225.749	80.054	19.999	100.274	20.133	11.348	1.023	899.155
161.001	226.223	80.055	19.999	100.276	20.134	11.268	0.982	899.164
161.501	226.733	80.055	20.000	100.275	20.129	11.611	0.985	899.165
162.001	227.219	80.057	20.000	100.283	20.132	11.351	0.996	899.173
162.501	227.747	80.057	19.999	100.289	20.134	11.147	1.013	899.176
163.001	228.233	80.055	20.000	100.284	20.135	11.153	1.014	899.198
163.502	228.761	80.054	20.000	100.275	20.134	11.233	1.014	899.173
164.001	229.251	80.054	20.000	100.276	20.134	11.307	1.018	899.181
164.501	229.757	80.054	19.998	100.274	20.134	11.361	0.997	899.184
165.001	230.265	80.056	19.998	100.272	20.134	11.434	1.014	899.183
165.501	230.762	80.054	19.998	100.274	20.137	11.313	1.005	899.199
166.001	231.281	80.055	19.998	100.275	20.140	11.078	1.017	899.199
166.502	231.805	80.055	19.997	100.273	20.140	11.010	1.042	899.208
167.002	232.256	80.055	19.998	100.271	20.141	10.922	0.974	899.189
167.502	232.765	80.057	19.999	100.272	20.146	10.587	0.961	899.209
168.002	233.281	80.056	19.998	100.271	20.144	10.644	1.025	899.169
168.502	233.808	80.054	19.999	100.270	20.144	10.613	1.043	899.226
169.002	234.303	80.054	20.000	100.272	20.148	10.291	1.023	899.197
169.501	234.823	80.054	19.999	100.274	20.149	10.198	1.016	899.203
170.001	235.333	80.055	19.998	100.274	20.151	9.950	1.030	899.211
170.501	235.818	80.054	19.997	100.274	20.152	9.822	0.994	899.231
171.001	236.311	80.052	19.998	100.273	20.154	9.652	0.977	899.187
171.501	236.831	80.054	19.999	100.267	20.155	9.717	1.012	899.235
172.002	237.355	80.054	19.998	100.258	20.154	9.795	1.044	899.242
172.502	237.849	80.054	19.998	100.251	20.156	9.686	1.020	899.259
173.001	238.343	80.057	19.998	100.251	20.159	9.537	0.988	899.249
173.502	238.839	80.055	19.997	100.253	20.160	9.602	0.989	899.267
174.002	239.348	80.055	19.998	100.257	20.161	9.507	1.005	899.255
174.502	239.846	80.056	19.999	100.257	20.163	9.351	1.008	899.248
175.001	240.336	80.056	19.999	100.257	20.162	9.415	0.988	899.278
175.501	240.855	80.057	19.999	100.257	20.164	9.185	1.009	899.264
176.002	241.385	80.056	19.998	100.261	20.161	9.368	1.049	899.257
176.501	241.837	80.055	19.997	100.263	20.164	9.115	0.983	899.264
177.002	242.379	80.057	19.999	100.267	20.166	8.927	0.994	899.265
177.502	242.888	80.055	19.998	100.275	20.168	8.816	1.051	899.275
178.001	243.381	80.055	19.999	100.278	20.168	8.764	1.001	899.269
178.502	243.914	80.056	19.998	100.274	20.171	8.633	1.025	899.279
179.002	244.383	80.055	19.998	100.269	20.171	8.599	1.002	899.262
179.502	244.915	80.055	19.999	100.265	20.170	8.644	1.001	899.292
180.002	245.408	80.056	19.999	100.256	20.171	8.625	1.025	899.294
180.502	245.900	80.056	19.999	100.251	20.175	8.329	0.985	899.283
181.002	246.411	80.057	19.999	100.249	20.172	8.524	1.004	899.289
181.502	246.902	80.055	19.999	100.250	20.178	8.035	1.002	899.304
182.001	247.374	80.053	19.999	100.252	20.178	7.964	0.963	899.290
182.502	247.937	80.055	19.999	100.253	20.176	8.198	1.034	899.300
183.002	248.424	80.053	19.998	100.256	20.178	8.016	1.050	899.312
183.502	248.927	80.054	19.999	100.259	20.177	8.073	0.990	899.312
184.002	249.429	80.055	19.999	100.262	20.178	8.023	1.005	899.294
184.502	249.927	80.053	19.998	100.263	20.178	8.008	1.001	899.340
185.001	250.434	80.054	19.999	100.263	20.178	8.090	1.006	899.327
185.501	250.944	80.050	20.000	100.261	20.179	7.981	1.016	899.288
186.001	251.422	80.052	19.999	100.259	20.179	8.042	0.986	899.321
186.502	251.917	80.055	19.999	100.257	20.173	8.476	0.973	899.309
187.002	252.444	80.053	19.999	100.260	20.179	8.048	1.022	899.348
187.502	252.950	80.056	19.998	100.258	20.177	8.225	1.034	899.321
188.002	253.448	80.058	19.999	100.259	20.183	7.803	1.006	899.318
188.501	253.958	80.054	19.999	100.262	20.183	7.731	1.008	899.304
189.001	254.457	80.057	19.999	100.265	20.179	8.043	1.008	899.337
189.502	254.944	80.059	20.000	100.267	20.178	8.081	0.985	899.352
190.002	255.463	80.057	19.999	100.267	20.180	8.019	1.006	899.357
190.502	255.956	80.055	20.000	100.263	20.182	7.932	1.012	899.353
191.002	256.476	80.056	20.000	100.262	20.180	8.090	1.013	899.341
191.502	257.012	80.056	20.000	100.262	20.179	8.243	1.056	899.354
192.002	257.485	80.057	20.000	100.261	20.180	8.247	1.009	899.380
192.501	257.997	80.055	19.999	100.262	20.181	8.134	0.985	899.404
193.002	258.480	80.056	19.999	100.262	20.178	8.329	0.994	899.385
193.502	258.964	80.058	19.999	100.258	20.176	8.409	0.967	899.373
194.002	259.483	80.056	19.999	100.253	20.177	8.361	1.004	899.352
194.501	259.981	80.056	19.999	100.250	20.178	8.209	1.017	899.380
195.001	260.472	80.058	20.001	100.254	20.175	8.515	0.988	899.432
195.502	261.005	80.056	20.000	100.255	20.175	8.485	1.024	899.412
196.002	261.512	80.055	20.000	100.260	20.173	8.658	1.041	899.404
196.502	262.002	80.053	20.000	100.259	20.173	8.734	0.997	899.417
197.002	262.489	80.055	20.000	100.258	20.175	8.618	0.977	899.392
197.502	262.969	80.055	19.999	100.253	20.172	8.867	0.966	899.392
198.003	263.488	80.053	19.999	100.249	20.174	8.678	0.999	899.407
198.502	263.964	80.054	19.999	100.244	20.172	8.887	0.996	899.419
199.002	264.483	80.055	19.999	100.239	20.168	9.200	0.996	899.372
199.501	264.980	80.054	19.999	100.236	20.170	9.021	1.016	899.410
200.001	265.482	80.057	19.998	100.239	20.169	9.082	0.999	899.412
200.501	266.000	80.057	20.000	100.243	20.169	9.056	1.019	899.406
201.002	266.497	80.056	19.999	100.246	20.168	9.214	1.014	899.416
201.502	266.979	80.055	19.998	100.249	20.168	9.303	0.980	899.402
202.002	267.477	80.054	20.000	100.250	20.170	9.196	0.981	899.428
202.502	267.986	80.053	19.999	100.245	20.168	9.454	1.007	899.427
203.001	268.500	80.052	19.999	100.245	20.166	9.661	1.023	899.430
203.501	268.986	80.052	19.998	100.243	20.166	9.714	1.000	899.411
204.001	269.475	80.053	19.998	100.240	20.168	9.478	0.974	899.397
204.502	269.988	80.054	20.000	100.236	20.169	9.306	1.001	899.434
205.002	270.515	80.051	19.999	100.239	20.165	9.682	1.040	899.416
205.501	270.997	80.054	19.999	100.235	20.164	9.679	1.010	899.449
206.001	271.528	80.054	20.000	100.233	20.163	9.762	1.013	899.444
206.502	272.023	80.052	20.000	100.236	20.165	9.685	1.026	899.409
207.002	272.492	80.052	20.000	100.241	20.160	10.137	0.964	899.442
207.501	272.990	80.050	20.000	100.238	20.160	10.094	0.967	899.462
208.001	273.489	80.052	19.999	100.238	20.156	10.336	0.997	899.427
208.501	274.011	80.054	20.000	100.232	20.160	10.043	1.020	899.455
209.002	274.513	80.053	20.000	100.223	20.158	10.160	1.024	899.460
209.502	274.973	80.055	19.999	100.217	20.155	10.406	0.963	899.444
210.002	275.505	80.053	20.000	100.213	20.154	10.446	0.992	899.463
210.502	276.027	80.053	19.999	100.209	20.154	10.503	1.053	899.480
211.002	276.527	80.053	19.998	100.212	20.158	10.281	1.022	899.468
211.502	277.023	80.052	20.000	100.219	20.153	10.624	0.997	899.472
212.002	277.507	80.052	20.000	100.220	20.152	10.685	0.979	899.504
212.502	278.005	80.051	19.999	100.220	20.154	10.515	0.982	899.497
213.002	278.494	80.052	20.000	100.220	20.152	10.700	0.987	899.476
213.503	278.994	80.053	20.001	100.218	20.149	10.864	0.989	899.487
214.003	279.485	80.050	20.000	100.214	20.144	11.249	0.992	899.476
214.502	280.016	80.052	20.000	100.212	20.146	11.159	1.022	899.516
215.002	280.525	80.052	19.999	100.213	20.147	11.033	1.039	899.489
215.502	280.999	80.050	19.999	100.217	20.142	11.431	0.983	899.482
216.002	281.496	80.049	19.999	100.218	20.141	11.529	0.971	899.458
216.502	282.017	80.052	19.998	100.219	20.139	11.716	1.019	899.486
217.002	282.495	80.052	19.999	100.221	20.140	11.592	0.999	899.486
217.502	283.028	80.054	19.999	100.221	20.139	11.611	1.011	899.476
218.002	283.506	80.051	19.998	100.216	20.137	11.752	1.010	899.518
218.503	284.014	80.051	19.999	100.213	20.133	12.128	0.986	899.493
219.003	284.509	80.052	19.999	100.213	20.132	12.206	1.003	899.523
219.503	285.025	80.052	19.999	100.213	20.130	12.348	1.011	899.520
220.002	285.515	80.053	19.999	100.214	20.128	12.522	1.007	899.495
220.502	286.019	80.054	19.999	100.218	20.125	12.770	0.994	899.497
221.002	286.535	80.053	19.999	100.219	20.125	12.882	1.019	899.534
221.502	287.050	80.055	19.999	100.216	20.122	13.093	1.031	899.539
222.002	287.537	80.057	19.998	100.215	20.119	13.334	1.002	899.516
222.502	288.012	80.055	19.998	100.217	20.117	13.460	0.962	899.531
223.002	288.521	80.052	19.999	100.217	20.116	13.569	0.984	899.525
223.502	289.026	80.052	19.998	100.214	20.115	13.700	1.014	899.540
224.002	289.542	80.054	19.998	100.217	20.112	13.887	1.022	899.551
224.502	290.043	80.053	19.998	100.220	20.110	13.978	1.017	899.550
225.002	290.514	80.051	19.998	100.214	20.109	14.031	0.972	899.532
225.502	291.028	80.051	19.998	100.217	20.110	13.984	0.986	899.528
226.002	291.522	80.053	19.998	100.218	20.104	14.320	1.008	899.537
226.502	292.013	80.051	19.998	100.215	20.104	14.350	0.983	899.513
227.003	292.559	80.053	19.999	100.211	20.103	14.425	1.037	899.548
227.502	293.058	80.053	19.998	100.212	20.103	14.516	1.045	899.568
228.003	293.528	80.052	19.999	100.206	20.098	14.922	0.969	899.577
228.503	294.037	80.053	19.998	100.205	20.093	15.357	0.979	899.586
229.003	294.535	80.054	19.997	100.206	20.094	15.360	1.007	899.611
229.503	295.041	80.054	19.998	100.206	20.090	15.611	1.004	899.560
230.002	295.526	80.055	19.999	100.205	20.090	15.606	0.992	899.576
230.502	296.021	80.052	19.998	100.203	20.087	15.908	0.981	899.568
231.002	296.527	80.053	19.998	100.202	20.085	15.992	1.000	899.522
231.502	297.027	80.055	19.999	100.203	20.084	16.080	1.006	899.580
232.002	297.494	80.053	19.999	100.206	20.078	16.488	0.967	899.569
232.502	298.035	80.054	20.000	100.208	20.077	16.497	1.008	899.594
233.002	298.543	80.054	19.999	100.213	20.076	16.570	1.049	899.611
233.502	299.042	80.054	19.998	100.218	20.074	16.710	1.007	899.608
234.002	299.525	80.054	19.999	100.216	20.075	16.662	0.982	899.596
234.502	300.060	80.053	19.998	100.210	20.073	16.841	1.018	899.613
235.002	300.546	80.054	19.997	100.208	20.071	16.998	1.021	899.598
235.502	301.029	80.054	19.999	100.202	20.068	17.241	0.970	899.600
236.002	301.544	80.051	19.999	100.198	20.065	17.420	0.998	899.599
236.503	302.070	80.053	20.000	100.199	20.061	17.683	1.040	899.612
237.003	302.561	80.053	19.999	100.200	20.063	17.563	1.017	899.590
237.502	303.039	80.053	19.999	100.199	20.056	18.027	0.969	899.614
238.003	303.560	80.054	19.999	100.199	20.052	18.283	0.999	899.604
238.503	304.033	80.053	19.998	100.201	20.050	18.530	0.993	899.639
239.003	304.588	80.052	19.998	100.201	20.046	18.916	1.029	899.620
239.502	305.082	80.053	19.999	100.201	20.042	19.252	1.050	899.618
240.002	305.583	80.054	19.998	100.206	20.041	19.291	0.995	899.636
240.502	306.062	80.055	19.997	100.210	20.040	19.366	0.979	899.615
241.002	306.562	80.054	19.999	100.208	20.037	19.536	0.979	899.631
241.502	307.050	80.053	19.998	100.208	20.033	19.773	0.988	899.634
242.002	307.558	80.055	19.998	100.206	20.032	19.953	0.995	899.632
242.502	308.064	80.054	19.998	100.200	20.030	20.107	1.013	899.623
243.003	308.585	80.054	19.997	100.201	20.025	20.461	1.027	899.641
243.503	309.082	80.055	19.998	100.206	20.024	20.551	1.018	899.611
244.003	309.574	80.053	19.998	100.208	20.022	20.670	0.989	899.640
244.503	310.065	80.054	19.999	100.214	20.019	20.884	0.984	899.654
245.002	310.574	80.052	19.999	100.216	20.014	21.255	1.000	899.652
245.502	311.061	80.051	19.999	100.212	20.011	21.400	0.995	899.646
246.003	311.557	80.053	19.999	100.204	20.004	21.897	0.982	899.647
246.502	312.054	80.052	19.999	100.203	19.999	22.254	0.994	899.665
247.002	312.546	80.051	19.999	100.200	19.994	22.619	0.989	899.665
247.502	313.031	80.051	19.999	100.199	19.992	22.738	0.977	899.641
248.002	313.549	80.050	19.998	100.203	19.987	23.121	1.003	899.668
248.502	314.037	80.053	19.997	100.210	19.982	23.508	1.006	899.639
249.002	314.560	80.055	19.999	100.210	19.975	23.971	1.011	899.675
249.502	315.055	80.055	19.998	100.209	19.971	24.310	1.018	899.659
250.002	315.564	80.054	19.998	100.204	19.963	24.961	1.004	899.670
250.502	316.075	80.053	19.999	100.201	19.956	25.481	1.020	899.665
251.002	316.563	80.056	19.999	100.201	19.955	25.572	0.999	899.660
251.502	317.040	80.056	19.999	100.204	19.947	26.250	0.965	899.691
252.002	317.571	80.055	19.999	100.211	19.939	26.829	1.008	899.722
252.502	318.039	80.056	19.999	100.216	19.938	26.900	0.999	899.667
253.002	318.542	80.057	19.999	100.219	19.927	27.736	0.971	899.731
253.503	319.057	80.055	19.998	100.219	19.923	28.087	1.018	899.664
254.003	319.539	80.056	19.998	100.220	19.916	28.547	0.997	899.696
254.503	320.034	80.057	19.999	100.220	19.905	29.354	0.976	899.700
255.002	320.547	80.056	19.999	100.225	19.895	30.123	1.009	899.691
255.502	321.038	80.056	19.998	100.224	19.886	30.833	1.005	899.712
256.002	321.546	80.054	19.999	100.226	19.878	31.452	0.999	899.705
256.502	322.069	80.056	19.999	100.224	19.869	32.119	1.030	899.697
257.002	322.546	80.056	19.997	100.223	19.859	32.836	0.999	899.711
257.502	323.031	80.055	19.999	100.219	19.852	33.393	0.963	899.709
258.002	323.552	80.055	19.999	100.221	19.843	34.102	1.006	899.726
258.502	324.023	80.056	19.999	100.220	19.836	34.576	0.991	899.729
259.003	324.518	80.055	19.999	100.217	19.826	35.304	0.966	899.744
259.502	325.037	80.057	19.998	100.216	19.810	36.476	1.014	899.716
260.002	325.550	80.054	19.998	100.217	19.801	37.203	1.032	899.700
260.503	326.038	80.054	19.998	100.216	19.791	38.029	1.001	899.725
261.003	326.551	80.053	19.999	100.216	19.777	39.034	1.002	899.750
261.502	327.024	80.051	19.998	100.222	19.766	39.826	0.986	899.734
262.003	327.543	80.055	19.998	100.221	19.754	40.857	0.991	899.728
262.503	328.055	80.055	19.997	100.219	19.739	42.005	1.031	899.754
263.003	328.573	80.053	19.998	100.219	19.726	43.008	1.031	899.742
263.502	329.043	80.055	19.998	100.220	19.711	44.131	0.990	899.743
264.002	329.555	80.054	19.998	100.218	19.699	45.009	0.982	899.731
264.502	330.057	80.054	19.998	100.222	19.685	46.029	1.013	899.741
265.002	330.547	80.056	19.997	100.225	19.668	47.358	0.991	899.746
265.502	331.045	80.056	19.997	100.221	19.656	48.184	0.988	899.746
266.003	331.555	80.055	19.998	100.221	19.640	49.396	1.008	899.753
266.503	332.044	80.052	19.996	100.225	19.627	50.404	1.000	899.771
267.002	332.546	80.052	19.997	100.225	19.614	51.370	0.991	899.744
267.502	333.081	80.053	19.997	100.222	19.596	52.717	1.037	899.791
268.002	333.583	80.054	19.997	100.225	19.582	53.818	1.036	899.782
268.503	334.067	80.052	19.998	100.224	19.563	55.228	0.986	899.790
269.003	334.566	80.054	19.999	100.221	19.547	56.411	0.983	899.798
269.502	335.076	80.055	19.999	100.219	19.529	57.775	1.009	899.794
270.003	335.585	80.054	19.997	100.220	19.514	58.990	1.018	899.792
270.503	336.072	80.056	19.998	100.219	19.493	60.520	0.995	899.794
271.004	336.560	80.055	19.998	100.219	19.476	61.773	0.976	899.811
271.503	337.061	80.055	19.998	100.218	19.459	63.097	0.990	899.809
272.003	337.565	80.055	19.998	100.220	19.442	64.446	1.005	899.832
272.503	338.051	80.055	19.997	100.222	19.425	65.665	0.989	899.815
273.003	338.566	80.057	19.998	100.227	19.406	67.083	1.001	899.801
273.503	339.069	80.055	19.998	100.228	19.389	68.371	1.019	899.789
274.002	339.542	80.055	19.998	100.227	19.368	70.056	0.976	899.819
274.502	340.053	80.057	19.999	100.226	19.349	71.562	0.983	899.803
275.003	340.557	80.054	19.999	100.224	19.330	72.982	1.015	899.822
275.503	341.058	80.056	19.999	100.223	19.309	74.617	1.006	899.812
276.003	341.528	80.058	19.999	100.226	19.290	76.053	0.971	899.820
276.503	342.042	80.055	19.998	100.229	19.270	77.606	0.984	899.840
277.003	342.558	80.054	19.999	100.227	19.250	79.114	1.029	899.815
277.503	343.039	80.053	19.998	100.226	19.229	80.695	0.997	899.813
278.003	343.521	80.054	19.999	100.225	19.206	82.396	0.964	899.804
278.503	344.019	80.055	19.999	100.227	19.185	83.968	0.980	899.795
279.003	344.527	80.052	19.998	100.228	19.160	85.913	1.005	899.836
279.503	345.046	80.054	19.999	100.226	19.139	87.584	1.026	899.820
280.003	345.538	80.057	19.999	100.229	19.117	89.272	1.012	899.831
280.503	346.055	80.055	19.999	100.228	19.096	90.858	1.009	899.812
281.003	346.554	80.056	19.998	100.222	19.075	92.430	1.015	899.833
281.504	347.069	80.058	19.999	100.219	19.050	94.204	1.015	899.850
282.003	347.521	80.057	19.997	100.218	19.026	96.011	0.967	899.838
282.503	348.025	80.056	19.999	100.214	18.999	97.975	0.956	899.831
283.003	348.520	80.054	19.997	100.211	18.977	99.502	1.000	899.873
283.503	349.044	80.054	19.998	100.212	18.951	101.476	1.019	899.841
284.003	349.583	80.055	19.999	100.210	18.931	103.067	1.063	899.856
284.502	350.041	80.054	19.998	100.210	18.909	104.799	0.997	899.817
285.003	350.578	80.054	19.999	100.214	18.882	106.840	0.995	899.878
285.503	351.051	80.055	20.000	100.215	18.857	108.790	1.009	899.874
286.003	351.563	80.052	19.999	100.213	18.833	110.628	0.984	899.885
286.503	352.040	80.053	20.000	100.212	18.805	112.822	0.990	899.855
287.003	352.532	80.056	19.998	100.206	18.781	114.651	0.969	899.873
287.503	353.065	80.055	19.998	100.200	18.755	116.625	1.025	899.899
288.003	353.557	80.055	20.000	100.201	18.728	118.589	1.026	899.880
288.503	354.056	80.053	19.999	100.206	18.703	120.506	0.990	899.867
289.003	354.564	80.055	20.000	100.215	18.676	122.522	1.007	899.915
289.503	355.012	80.056	20.001	100.223	18.651	124.407	0.956	899.884
290.003	355.538	80.053	19.999	100.227	18.625	126.328	0.974	899.911
290.503	356.033	80.054	19.999	100.231	18.599	128.268	1.021	899.854
291.004	356.550	80.054	19.999	100.226	18.572	130.233	1.012	899.909
291.503	357.039	80.054	20.000	100.215	18.549	131.903	1.006	899.904
292.003	357.510	80.056	20.000	100.216	18.520	134.049	0.959	899.901
292.503	358.023	80.055	19.999	100.214	18.492	136.060	0.984	899.909
293.003	358.534	80.055	19.999	100.209	18.465	138.057	1.024	899.932
293.503	359.017	80.054	20.000	100.206	18.438	140.042	0.995	899.913
294.003	359.526	80.053	20.000	100.205	18.406	142.433	0.993	899.920
294.502	360.049	80.053	19.999	100.200	18.381	144.363	1.032	899.922
295.003	360.518	80.055	19.999	100.201	18.354	146.384	0.991	899.939
295.503	361.033	80.053	19.999	100.203	18.324	148.646	0.984	899.949
296.003	361.509	80.055	19.999	100.205	18.296	150.806	0.991	899.944
296.503	362.009	80.055	20.001	100.205	18.268	152.902	0.975	899.929
297.003	362.515	80.053	19.999	100.205	18.239	155.101	1.006	899.941
297.503	363.001	80.057	19.999	100.204	18.207	157.550	0.992	899.925
298.003	363.510	80.056	19.999	100.206	18.179	159.548	0.996	899.935
298.503	364.013	80.054	19.999	100.212	18.153	161.500	1.012	899.948
299.003	364.514	80.054	19.999	100.221	18.121	163.902	1.004	899.940
299.503	365.016	80.054	19.999	100.226	18.094	165.966	1.004	899.939
300.003	365.486	80.057	19.998	100.229	18.071	167.643	0.971	899.926
300.503	366.010	80.058	19.999	100.231	18.045	169.508	0.994	899.953
301.003	366.508	80.058	19.998	100.232	18.020	171.380	1.022	899.963
301.503	366.993	80.060	19.998	100.232	17.985	173.951	0.982	899.963
302.004	367.478	80.056	19.999	100.234	17.950	176.476	0.970	899.960
302.504	368.002	80.055	19.998	100.235	17.919	178.795	1.009	899.958
303.003	368.510	80.057	19.998	100.230	17.891	180.909	1.032	899.971
303.503	369.002	80.056	19.997	100.226	17.862	182.993	1.001	899.935
304.003	369.502	80.056	19.997	100.224	17.840	184.619	0.992	899.984
304.503	369.988	80.054	19.998	100.224	17.817	186.295	0.985	899.961
305.003	370.519	80.053	19.998	100.224	17.795	187.812	1.016	899.986
305.503	371.007	80.055	19.997	100.232	17.761	190.133	1.019	899.956
306.004	371.488	80.055	19.998	100.235	17.722	192.872	0.969	899.990
306.504	371.993	80.054	19.998	100.232	17.682	195.838	0.986	899.997
307.003	372.483	80.056	19.998	100.230	17.651	198.212	0.995	899.992
307.503	372.989	80.054	19.998	100.233	17.620	200.621	0.996	899.985
308.003	373.478	80.056	19.998	100.236	17.589	202.840	0.995	899.981
308.504	374.009	80.057	19.997	100.240	17.555	205.344	1.021	899.996
309.003	374.463	80.055	19.997	100.249	17.523	207.655	0.986	899.985
309.503	374.989	80.057	19.997	100.258	17.485	210.306	0.979	900.011
310.003	375.477	80.057	19.998	100.257	17.457	212.140	1.013	899.987
310.504	375.976	80.056	19.998	100.251	17.422	214.437	0.987	900.016
311.004	376.482	80.058	19.998	100.255	17.385	216.986	1.005	900.009
311.503	376.997	80.057	19.999	100.256	17.353	219.307	1.021	900.006
312.003	377.455	80.057	19.999	100.263	17.320	221.779	0.974	900.003
312.503	377.944	80.057	19.998	100.281	17.298	223.458	0.947	900.023
313.003	378.450	80.057	19.999	100.303	17.271	225.291	0.994	900.031
313.503	378.948	80.058	19.999	100.316	17.220	229.052	1.005	900.037
314.003	379.448	80.058	19.999	100.318	17.154	234.013	0.998	900.020
314.503	379.938	80.056	19.999	100.307	17.094	238.376	0.990	900.005
315.003	380.445	80.057	19.998	100.296	17.035	242.681	0.998	900.002
315.502	380.953	80.059	19.998	100.298	16.982	246.418	1.015	900.023
316.003	381.444	80.058	19.999	100.305	16.920	250.993	0.998	900.074
316.503	381.918	80.058	19.998	100.324	16.860	255.401	0.965	900.026
317.003	382.410	80.056	19.999	100.351	16.815	258.820	0.966	900.040
317.503	382.922	80.059	19.999	100.371	16.795	260.208	1.004	900.069
318.003	383.428	80.059	19.999	100.387	16.783	260.956	1.018	900.047
318.503	383.883	80.057	20.000	100.403	16.749	263.425	0.961	900.053
319.004	384.426	80.059	20.000	100.411	16.699	267.051	0.998	900.070
319.504	384.907	80.059	19.999	100.409	16.631	271.977	1.024	900.080
320.003	385.407	80.058	19.999	100.408	16.540	278.747	0.981	900.074
320.503	385.892	80.058	19.998	100.413	16.448	285.917	0.985	900.066
321.003	386.402	80.056	19.999	100.410	16.352	293.531	0.996	900.061
321.503	386.863	80.058	19.999	100.421	16.244	301.925	0.971	900.058
322.003	387.384	80.059	19.997	100.441	16.153	309.422	0.982	900.076
322.503	387.874	80.058	19.998	100.450	16.079	315.676	1.011	900.096
323.003	388.356	80.059	19.999	100.452	16.032	319.458	0.971	900.091
323.504	388.860	80.058	19.998	100.465	16.007	321.449	0.986	900.076
324.004	389.352	80.059	19.999	100.464	15.988	322.490	0.995	900.079
324.504	389.876	80.060	19.999	100.462	15.955	324.521	1.017	900.092
325.003	390.355	80.060	19.999	100.484	15.886	329.341	1.003	900.118
325.504	390.859	80.058	19.999	100.488	15.807	335.057	0.981	900.095
326.004	391.372	80.057	19.998	100.482	15.737	340.351	1.017	900.086
326.504	391.836	80.056	19.998	100.505	15.678	344.855	0.979	900.130
327.003	392.337	80.057	19.998	100.519	15.621	349.394	0.965	900.148
327.504	392.831	80.058	19.998	100.506	15.573	353.578	0.995	900.095
328.003	393.339	80.057	19.999	100.478	15.520	357.888	1.003	900.105
328.503	393.812	80.058	19.999	100.432	15.467	361.910	0.981	900.119
329.003	394.307	80.057	19.998	100.374	15.407	366.333	0.967	900.124
329.503	394.821	80.057	19.998	100.305	15.350	370.614	1.009	900.123
330.003	395.334	80.058	19.998	100.246	15.298	374.531	1.027	900.107
330.504	395.803	80.057	19.998	100.234	15.266	376.870	0.982	900.130
331.003	396.293	80.056	19.998	100.237	15.258	377.301	0.960	900.136
331.503	396.799	80.057	19.997	100.268	15.255	377.380	0.997	900.096
332.003	397.317	80.056	19.997	100.332	15.221	379.855	1.023	900.162
332.503	397.790	80.058	19.998	100.373	15.163	384.137	0.991	900.093
333.003	398.286	80.056	19.997	100.356	15.104	388.494	0.969	900.120
333.503	398.824	80.055	19.997	100.351	15.066	391.424	1.034	900.164
334.003	399.314	80.058	19.997	100.304	15.055	392.350	1.028	900.139
334.503	399.818	80.056	19.998	100.252	15.038	393.731	0.993	900.133
335.004	400.320	80.057	19.998	100.213	15.002	396.612	1.005	900.177
335.504	400.812	80.059	19.998	100.197	14.959	399.899	0.994	900.102
336.003	401.305	80.058	19.998	100.177	14.920	402.916	0.986	900.146
336.503	401.840	80.057	19.998	100.184	14.901	404.409	1.028	900.165
337.003	402.297	80.056	19.997	100.174	14.887	405.549	0.992	900.150
337.503	402.826	80.055	19.997	100.174	14.892	405.290	0.986	900.160
338.003	403.301	80.055	19.998	100.187	14.898	404.900	1.004	900.133
338.503	403.808	80.054	19.998	100.200	14.907	404.100	0.981	900.138
339.004	404.344	80.055	19.998	100.200	14.910	403.714	1.043	900.128
339.504	404.795	80.058	19.998	100.211	14.903	404.031	0.988	900.203
340.003	405.322	80.056	19.998	100.215	14.898	404.340	0.978	900.162
340.504	405.840	80.055	19.998	100.207	14.906	403.653	1.045	900.210
341.003	406.344	80.057	20.000	100.190	14.920	402.620	1.022	900.157
341.504	406.851	80.054	19.999	100.169	14.942	401.097	1.011	900.192
342.004	407.372	80.055	19.998	100.149	14.966	399.365	1.028	900.180
342.504	407.862	80.053	19.997	100.140	14.994	397.368	1.011	900.195
343.004	408.382	80.054	19.997	100.131	15.024	395.111	1.009	900.187
343.504	408.854	80.057	19.998	100.119	15.055	392.758	0.992	900.205
344.004	409.358	80.056	19.997	100.104	15.089	390.285	0.977	900.224
344.503	409.888	80.055	19.997	100.089	15.119	387.989	1.035	900.235
345.003	410.406	80.055	19.998	100.077	15.155	385.332	1.048	900.197
345.503	410.890	80.056	19.998	100.079	15.194	382.460	1.001	900.231
346.003	411.405	80.058	19.997	100.103	15.233	379.546	0.999	900.211
346.503	411.911	80.059	19.998	100.125	15.282	375.978	1.021	900.197
347.004	412.416	80.058	19.997	100.143	15.335	372.104	1.011	900.199
347.504	412.901	80.057	19.998	100.151	15.389	368.123	0.991	900.231
348.003	413.424	80.056	19.998	100.153	15.452	363.415	1.008	900.229
348.503	413.913	80.058	19.997	100.143	15.514	358.743	1.010	900.259
349.004	414.413	80.058	19.998	100.136	15.579	353.856	0.989	900.213
349.503	414.938	80.056	19.997	100.128	15.656	348.050	1.026	900.236
350.003	415.421	80.057	19.997	100.130	15.734	342.142	1.008	900.223
350.504	415.944	80.057	19.998	100.135	15.815	335.987	1.006	900.261
351.004	416.447	80.055	19.998	100.142	15.901	329.467	1.025	900.269
351.504	416.961	80.056	19.997	100.145	15.987	322.891	1.016	900.259
352.004	417.491	80.057	19.998	100.153	16.079	315.883	1.044	900.278
352.505	417.968	80.055	19.997	100.153	16.174	308.597	1.007	900.271
353.004	418.465	80.055	19.997	100.152	16.270	301.142	0.975	900.286
353.503	418.964	80.055	19.997	100.151	16.369	293.447	0.997	900.304
354.003	419.512	80.058	19.998	100.150	16.469	285.705	1.046	900.267
354.504	420.027	80.057	19.999	100.148	16.566	278.104	1.062	900.298
355.004	420.517	80.056	19.999	100.153	16.673	269.767	1.006	900.305
355.504	421.029	80.058	19.998	100.157	16.775	261.738	1.003	900.265
356.004	421.506	80.057	19.999	100.163	16.877	253.757	0.988	900.283
356.504	422.042	80.056	19.998	100.175	16.978	245.856	1.013	900.304
357.003	422.553	80.058	19.998	100.188	17.081	237.819	1.047	900.295
357.504	423.059	80.058	19.999	100.201	17.180	230.062	1.016	900.301
358.004	423.578	80.058	20.000	100.216	17.283	222.060	1.025	900.285
358.504	424.061	80.056	19.999	100.232	17.381	214.400	1.002	900.293
359.004	424.583	80.056	19.998	100.251	17.481	206.562	1.005	900.306
359.504	425.102	80.058	19.998	100.272	17.576	199.085	1.040	900.302
360.005	425.614	80.057	19.999	100.296	17.671	191.640	1.031	900.306
360.504	426.099	80.056	19.999	100.323	17.770	183.915	0.997	900.317
361.004	426.643	80.058	19.998	100.354	17.859	176.902	1.029	900.318
361.504	427.129	80.056	19.998	100.382	17.950	169.776	1.030	900.302
362.004	427.599	80.057	19.999	100.417	18.039	162.800	0.956	900.310
362.504	428.122	80.057	19.997	100.451	18.125	156.054	0.993	900.295
363.004	428.629	80.056	19.998	100.484	18.212	149.226	1.031	900.311
363.503	429.112	80.055	19.998	100.511	18.295	142.693	0.990	900.293
364.003	429.646	80.053	19.998	100.542	18.375	136.331	1.016	900.319
364.504	430.154	80.053	19.998	100.572	18.449	130.597	1.042	900.337
365.003	430.658	80.056	19.998	100.600	18.525	124.678	1.012	900.318
365.504	431.183	80.055	19.998	100.623	18.600	118.943	1.028	900.335
366.004	431.687	80.057	19.998	100.649	18.672	113.504	1.029	900.338
366.504	432.180	80.058	19.997	100.674	18.739	108.530	0.998	900.331
367.003	432.665	80.057	19.998	100.698	18.804	103.720	0.978	900.333
367.503	433.186	80.060	19.999	100.723	18.870	98.765	1.005	900.363
368.004	433.675	80.061	19.998	100.751	18.932	94.138	1.009	900.337
368.504	434.181	80.060	19.999	100.773	18.990	89.787	0.995	900.361
369.003	434.686	80.059	19.998	100.794	19.049	85.344	1.012	900.334
369.503	435.196	80.059	19.997	100.813	19.104	81.230	1.015	900.382
370.004	435.669	80.057	19.997	100.828	19.155	77.437	0.983	900.332
370.503	436.194	80.060	19.998	100.846	19.210	73.368	0.998	900.346
371.003	436.689	80.057	19.998	100.875	19.258	69.905	1.019	900.400
371.504	437.217	80.057	19.999	100.895	19.307	66.363	1.023	900.362
372.003	437.689	80.058	19.997	100.905	19.350	63.337	1.000	900.413
372.503	438.204	80.056	19.998	100.916	19.396	60.040	0.987	900.368
373.003	438.699	80.057	19.998	100.916	19.438	57.068	1.009	900.373
373.504	439.166	80.056	19.997	100.903	19.476	54.462	0.962	900.378
374.004	439.706	80.053	19.998	100.897	19.518	51.587	1.008	900.370
374.504	440.221	80.053	19.998	100.891	19.553	49.196	1.054	900.399
375.004	440.716	80.054	19.997	100.882	19.590	46.601	1.009	900.413
375.504	441.213	80.053	19.997	100.881	19.627	44.024	0.993	900.389
376.004	441.675	80.055	19.996	100.880	19.657	41.925	0.960	900.411
376.503	442.221	80.053	19.997	100.875	19.684	40.187	1.008	900.400
377.003	442.688	80.055	19.999	100.870	19.715	37.963	1.012	900.389
377.503	443.225	80.055	19.998	100.861	19.746	35.920	1.004	900.368
378.003	443.714	80.054	19.999	100.849	19.772	34.147	1.027	900.388
378.503	444.196	80.055	20.000	100.835	19.797	32.565	0.971	900.418
379.003	444.682	80.057	19.998	100.819	19.820	30.949	0.967	900.368
379.503	445.179	80.055	19.999	100.804	19.843	29.372	0.982	900.423
380.003	445.698	80.056	20.000	100.787	19.868	27.715	1.016	900.423
380.504	446.179	80.055	20.000	100.767	19.885	26.587	1.000	900.431
381.003	446.705	80.056	19.999	100.748	19.905	25.369	1.007	900.393
381.504	447.192	80.057	19.997	100.725	19.923	24.232	1.012	900.407
382.004	447.717	80.056	19.997	100.706	19.942	22.989	1.011	900.421
382.505	448.197	80.058	19.998	100.691	19.961	21.723	1.006	900.431
383.004	448.686	80.057	19.997	100.676	19.975	20.829	0.970	900.421
383.504	449.195	80.057	19.997	100.657	19.996	19.307	0.998	900.440
384.004	449.696	80.057	19.998	100.642	20.010	18.298	1.009	900.439
384.504	450.198	80.058	19.997	100.626	20.026	17.213	1.003	900.436
385.004	450.694	80.057	19.998	100.606	20.036	16.657	0.998	900.453
385.504	451.195	80.057	19.998	100.587	20.051	15.708	0.997	900.444
386.003	451.680	80.056	19.997	100.571	20.062	15.021	0.987	900.451
386.503	452.220	80.057	19.997	100.559	20.074	14.346	1.025	900.444
387.004	452.703	80.057	19.996	100.546	20.085	13.742	1.022	900.441
387.504	453.198	80.055	19.996	100.532	20.099	12.902	0.977	900.449
388.004	453.707	80.057	19.997	100.516	20.110	12.216	1.004	900.475
388.504	454.207	80.056	19.996	100.499	20.119	11.741	1.010	900.501
389.004	454.716	80.057	19.996	100.479	20.134	10.852	1.008	900.460
389.504	455.215	80.059	19.997	100.463	20.141	10.439	1.007	900.517
390.005	455.699	80.057	19.997	100.451	20.149	9.960	0.983	900.510
390.505	456.225	80.057	19.998	100.443	20.158	9.335	1.010	900.504
391.005	456.698	80.056	19.998	100.441	20.168	8.707	1.000	900.474
391.504	457.173	80.055	19.997	100.436	20.178	8.090	0.949	900.506
392.004	457.699	80.057	19.997	100.425	20.186	7.572	1.001	900.497
392.504	458.206	80.057	19.997	100.410	20.194	7.051	1.032	900.507
393.004	458.712	80.056	19.997	100.395	20.203	6.496	1.013	900.498
393.504	459.187	80.057	19.997	100.378	20.213	5.820	0.981	900.502
394.004	459.676	80.057	19.997	100.364	20.221	5.264	0.964	900.489
394.504	460.177	80.057	19.997	100.351	20.226	4.893	0.990	900.499
395.003	460.677	80.058	19.997	100.336	20.238	4.056	1.002	900.494
395.504	461.158	80.057	19.997	100.322	20.242	3.749	0.981	900.496
396.004	461.653	80.057	19.997	100.308	20.251	3.093	0.976	900.494
396.504	462.188	80.057	19.998	100.294	20.258	2.598	1.029	900.547
397.005	462.694	80.056	19.998	100.284	20.262	2.351	1.040	900.508
397.504	463.167	80.057	19.997	100.280	20.269	1.884	0.980	900.522
398.004	463.674	80.055	19.996	100.274	20.271	1.699	0.980	900.525
398.505	464.188	80.054	19.996	100.265	20.282	0.964	1.020	900.544
399.004	464.684	80.055	19.997	100.256	20.283	0.909	1.011	900.518
399.504	465.178	80.053	19.996	100.247	20.289	0.539	0.989	900.528
400.005	465.664	80.055	19.995	100.240	20.292	0.304	0.981	900.555
400.504	466.168	80.056	19.996	100.232	20.295	0.095	0.990	900.535
401.004	466.671	80.055	19.997	100.230	20.298	-0.195	1.006	900.543
401.505	467.183	80.056	19.996	100.230	20.303	-0.474	1.015	900.571
402.004	467.641	80.054	19.997	100.225	20.300	-0.205	0.970	900.557
402.504	468.170	80.055	19.997	100.218	20.308	-0.732	0.986	900.521
403.005	468.668	80.056	19.997	100.218	20.307	-0.576	1.026	900.557
403.505	469.185	80.053	19.996	100.218	20.306	-0.476	1.016	900.555
404.005	469.664	80.055	19.997	100.216	20.308	-0.601	0.997	900.555
404.505	470.183	80.056	19.997	100.214	20.308	-0.564	0.998	900.567
405.004	470.654	80.053	19.996	100.211	20.309	-0.617	0.990	900.584
405.504	471.167	80.056	19.994	100.205	20.311	-0.783	0.984	900.603
406.004	471.658	80.059	19.996	100.200	20.313	-0.849	1.004	900.561
406.504	472.170	80.057	19.996	100.198	20.315	-0.942	1.002	900.596
407.004	472.631	80.056	19.996	100.198	20.312	-0.668	0.973	900.581
407.504	473.147	80.056	19.998	100.199	20.311	-0.497	0.978	900.591
408.004	473.637	80.057	19.998	100.199	20.315	-0.734	1.006	900.577
408.503	474.140	80.057	19.997	100.198	20.316	-0.713	0.993	900.588
409.004	474.666	80.055	19.997	100.192	20.314	-0.577	1.029	900.579
409.504	475.151	80.056	19.997	100.185	20.319	-0.910	1.011	900.573
410.004	475.647	80.054	19.997	100.180	20.319	-0.858	0.980	900.604
410.504	476.132	80.053	19.997	100.176	20.320	-0.988	0.980	900.574
411.004	476.660	80.055	19.997	100.170	20.319	-0.883	1.013	900.580
411.504	477.158	80.056	19.999	100.172	20.322	-1.045	1.026	900.625
412.004	477.655	80.055	19.998	100.173	20.321	-0.978	0.995	900.621
412.504	478.122	80.054	19.997	100.171	20.320	-0.945	0.964	900.625
413.004	478.637	80.050	19.998	100.171	20.320	-0.893	0.982	900.625
413.504	479.147	80.054	19.998	100.167	20.317	-0.709	1.025	900.622
414.005	479.643	80.054	19.997	100.158	20.322	-1.049	1.006	900.613
414.504	480.169	80.051	19.997	100.156	20.321	-0.968	1.023	900.638
415.004	480.650	80.053	19.997	100.151	20.323	-1.044	1.007	900.618
415.504	481.153	80.052	19.997	100.144	20.322	-0.916	0.983	900.658
416.004	481.601	80.052	19.997	100.140	20.322	-0.814	0.950	900.651
416.504	482.119	80.056	19.997	100.139	20.323	-0.862	0.966	900.657
417.004	482.630	80.055	19.997	100.137	20.319	-0.483	1.029	900.645
417.504	483.120	80.054	19.998	100.137	20.322	-0.737	1.002	900.664
418.004	483.638	80.053	19.997	100.137	20.322	-0.772	1.008	900.671
418.504	484.126	80.053	19.998	100.136	20.323	-0.860	1.005	900.653
419.005	484.633	80.055	19.999	100.133	20.326	-1.088	0.995	900.642
419.504	485.145	80.054	19.998	100.132	20.326	-1.040	1.019	900.659
420.005	485.622	80.055	19.999	100.135	20.325	-1.005	0.988	900.650
420.505	486.129	80.057	19.998	100.133	20.329	-1.251	0.984	900.694
421.005	486.633	80.054	19.999	100.135	20.327	-1.128	1.011	900.665
421.505	487.113	80.054	19.999	100.135	20.328	-1.198	0.984	900.691
422.005	487.643	80.056	19.998	100.131	20.325	-0.967	1.011	900.712
422.505	488.134	80.055	19.999	100.123	20.326	-1.077	1.021	900.690
423.005	488.621	80.054	20.000	100.119	20.326	-1.156	0.979	900.696
423.504	489.142	80.054	19.999	100.114	20.326	-1.214	1.008	900.697
424.004	489.646	80.052	19.999	100.111	20.325	-1.143	1.024	900.693
424.504	490.149	80.055	20.000	100.109	20.326	-1.192	1.007	900.675
425.004	490.613	80.054	19.998	100.112	20.329	-1.374	0.968	900.700
425.504	491.141	80.055	19.999	100.113	20.328	-1.300	0.992	900.701
426.004	491.620	80.057	19.999	100.115	20.328	-1.267	1.007	900.707
426.504	492.133	80.056	20.000	100.116	20.326	-1.154	0.992	900.737
427.004	492.631	80.056	19.999	100.115	20.325	-1.010	1.010	900.717
427.504	493.124	80.057	19.998	100.112	20.325	-0.967	0.990	900.695
428.004	493.590	80.054	19.999	100.109	20.329	-1.246	0.959	900.708
428.504	494.105	80.054	19.999	100.108	0.000	0.000	0.982	900.725
429.004	494.628	80.054	19.998	100.109	0.000	0.000	1.038	900.718
429.504	495.108	80.055	20.000	100.114	0.000	0.000	1.003	900.757
430.004	495.597	80.057	20.000	100.118	0.000	0.000	0.969	900.711
430.504	496.091	80.055	19.999	100.122	0.000	0.000	0.983	900.701
431.004	496.595	80.056	19.999	100.121	0.000	0.000	0.997	900.743
431.505	497.089	80.057	19.999	100.122	0.000	0.000	0.998	900.746
432.004	497.555	80.056	19.999	100.119	0.000	0.000	0.961	900.737
432.504	498.061	80.057	19.999	100.117	0.000	0.000	0.972	900.735
433.004	498.584	80.057	19.999	100.118	0.000	0.000	1.029	900.714
433.504	499.067	80.055	19.998	100.117	0.000	0.000	1.006	900.752
434.004	499.598	80.054	19.999	100.116	0.000	0.000	1.014	900.736
434.504	500.093	80.054	19.998	100.116	0.000	0.000	1.026	900.746
435.005	500.576	80.054	19.999	100.112	0.000	0.000	0.978	900.729
435.505	501.096	80.056	19.999	100.107	0.000	0.000	1.002	900.741
436.005	501.581	80.056	19.999	100.106	0.000	0.000	1.004	900.770
436.505	502.085	80.056	19.999	100.103	0.000	0.000	0.989	900.762
437.005	502.540	80.056	19.999	100.104	0.000	0.000	0.959	900.772
437.505	503.068	80.053	19.998	100.112	0.000	0.000	0.984	900.762
438.005	503.562	80.055	19.998	100.114	0.000	0.000	1.023	900.779
