File Name:	PS_22.txt	Version: 8.3.7.3
Date:	06 Sep 2024
Operator:	KH
Test ID:	PS_22
Sample ID:	PS_22
Sample Mass (mg):	3.2700
Sample Cup Mass (mg):	184.5700
End Total Mass (mg):	0.0000
Heating Rate (C/s):	1.0000
Combuster Temperature (C):	900.0
N2 Flow Rate (cc/min):	80.0
O2 Flow Rate (cc/min):	20.0
Calibration File:	Coeff.txt
T Correction Coefficients:	0.308738730	0.013615500	0.000000000
Time Shift (s):	10.0
Pre-Test Comments:
Post-Test Comments:
Baseline Flow:	100.413
Baseline O2:	20.206
Instrument ID:	2700
@
Time (s)	Temperature (C)	N2 Flow (cc/min)	O2 Flow (cc/min)	Total Flow (cc/min)	Oxygen (%)	HRR (W/g)	Heating Rate (C/s)	Combustor Temp (C)
0.000	75.119	80.107	19.999	100.413	20.191	-13.838	0.021	899.077
0.500	75.097	80.106	19.999	100.415	20.174	-12.143	0.006	899.064
1.001	75.093	80.105	20.000	100.417	20.150	-9.657	-0.026	899.091
1.500	75.101	80.102	20.000	100.435	20.127	-7.498	0.004	899.086
2.001	75.127	80.105	19.999	100.480	20.105	-5.447	0.034	899.080
2.500	75.096	80.103	19.999	100.564	20.089	-4.087	-0.004	899.056
3.001	75.114	80.104	19.999	100.674	20.085	-3.769	-0.013	899.076
3.501	75.175	80.108	20.000	100.812	20.067	-2.105	0.078	899.076
4.001	75.160	80.106	20.000	100.956	20.059	-1.424	0.046	899.116
4.501	75.237	80.106	20.000	101.087	20.054	-1.008	0.062	899.081
5.001	75.305	80.105	20.001	101.184	20.048	-1.082	0.146	899.068
5.501	75.382	80.106	20.001	101.254	20.047	-2.440	0.145	899.110
6.001	75.426	80.105	20.000	101.288	20.041	-3.919	0.121	899.116
6.501	75.551	80.106	20.001	101.302	20.044	-6.764	0.169	899.051
7.001	75.582	80.104	20.001	101.296	20.039	-9.418	0.156	899.082
7.501	75.669	80.106	20.001	101.285	20.039	-12.845	0.118	899.108
8.001	75.783	80.105	20.000	101.275	20.037	-15.718	0.201	899.089
8.500	75.860	80.106	20.001	101.270	20.038	-17.838	0.191	899.113
9.001	75.970	80.106	19.999	101.271	20.034	-18.617	0.187	899.078
9.501	76.126	80.105	20.000	101.281	20.032	-18.832	0.266	899.060
10.000	76.232	80.105	19.999	101.291	20.033	-18.443	0.263	899.043
10.500	76.336	80.106	19.999	101.294	20.022	-16.253	0.211	899.022
11.000	76.488	80.105	20.000	101.300	19.996	-12.405	0.256	899.062
11.501	76.612	80.104	19.999	101.298	19.964	-8.142	0.275	899.095
12.001	76.772	80.103	20.000	101.303	19.934	-4.203	0.283	899.060
12.501	76.954	80.103	20.001	101.346	19.910	-1.020	0.342	899.089
13.001	77.130	80.104	20.000	101.448	19.891	1.476	0.358	899.103
13.500	77.374	80.105	20.000	101.586	19.884	2.650	0.421	899.077
14.000	77.570	80.107	20.000	101.758	19.871	4.390	0.440	899.031
14.501	77.828	80.108	20.000	101.961	19.871	4.889	0.453	899.027
15.001	78.134	80.106	20.000	102.158	19.877	4.889	0.564	899.059
15.500	78.409	80.108	20.000	102.309	19.879	5.343	0.581	899.068
16.001	78.714	80.108	20.000	102.407	19.888	5.263	0.580	899.071
16.501	79.024	80.105	20.001	102.454	19.898	5.115	0.615	899.034
17.001	79.355	80.104	20.000	102.440	19.901	5.726	0.641	899.013
17.501	79.676	80.103	20.001	102.379	19.906	6.306	0.652	899.015
18.001	80.028	80.104	20.002	102.298	19.908	7.131	0.673	899.017
18.500	80.368	80.105	20.001	102.219	19.926	6.144	0.692	899.035
19.001	80.751	80.104	20.001	102.153	19.932	6.394	0.723	899.016
19.501	81.133	80.105	20.000	102.102	19.932	7.040	0.765	899.013
20.000	81.527	80.106	20.001	102.062	19.950	5.805	0.776	899.029
20.501	81.947	80.106	20.002	102.031	19.945	6.765	0.814	899.025
21.001	82.347	80.108	20.001	102.006	19.952	6.377	0.820	899.024
21.501	82.778	80.106	20.001	101.978	19.940	7.786	0.831	899.018
22.001	83.170	80.108	20.001	101.949	19.959	6.142	0.823	899.028
22.501	83.622	80.108	20.000	101.916	19.965	5.686	0.844	899.031
23.001	84.076	80.107	20.001	101.873	19.972	5.053	0.906	899.020
23.501	84.532	80.107	20.001	101.827	19.972	5.081	0.911	899.007
24.001	85.002	80.106	20.001	101.777	19.981	4.174	0.927	899.018
24.501	85.441	80.104	20.001	101.721	19.981	4.277	0.909	899.004
25.001	85.926	80.108	20.000	101.661	19.976	4.860	0.924	899.012
25.501	86.380	80.107	20.000	101.610	20.000	2.704	0.939	898.992
26.001	86.873	80.107	20.000	101.567	19.998	3.138	0.946	899.031
26.501	87.354	80.110	20.000	101.522	19.999	3.267	0.973	898.972
27.001	87.826	80.108	20.001	101.488	20.004	3.059	0.955	899.012
27.500	88.313	80.110	20.000	101.467	19.990	4.681	0.960	898.998
28.000	88.777	80.108	20.000	101.444	19.996	4.378	0.950	898.998
28.501	89.285	80.106	20.000	101.421	20.008	3.461	0.972	899.031
29.001	89.755	80.108	20.001	101.415	20.011	3.329	0.979	899.006
29.500	90.286	80.108	20.000	101.406	20.004	4.148	1.001	898.958
30.000	90.751	80.106	19.999	101.399	20.030	1.738	0.996	899.045
30.500	91.270	80.108	20.000	101.404	20.016	3.213	0.984	899.004
31.000	91.786	80.105	20.000	101.405	20.022	2.497	1.035	899.032
31.500	92.287	80.110	20.002	101.402	20.025	2.192	1.016	898.947
32.000	92.817	80.110	19.999	101.400	20.021	2.530	1.031	898.945
32.500	93.327	80.109	19.999	101.392	20.031	1.636	1.039	898.986
33.001	93.878	80.107	19.999	101.378	20.033	1.565	1.061	899.025
33.501	94.367	80.108	20.000	101.363	20.033	1.686	1.040	898.993
34.000	94.906	80.107	19.998	101.350	20.031	2.117	1.028	898.985
34.500	95.399	80.108	20.000	101.334	20.037	1.767	1.032	898.969
35.001	95.964	80.109	20.001	101.324	20.037	1.900	1.058	898.909
35.501	96.408	80.106	19.998	101.306	20.047	1.014	1.009	898.961
36.001	96.951	80.108	19.999	101.296	20.045	1.239	0.987	898.992
36.501	97.436	80.108	20.000	101.282	20.043	1.463	1.027	898.974
37.001	97.954	80.107	20.001	101.277	20.043	1.590	1.003	899.000
37.501	98.574	80.108	19.999	101.272	20.047	1.306	1.139	898.889
38.001	99.037	80.109	20.000	101.273	20.051	1.050	1.083	898.948
38.501	99.541	80.110	20.000	101.276	20.051	1.153	0.967	898.977
39.001	100.066	80.108	19.999	101.282	20.040	2.318	1.029	898.977
39.501	100.646	80.112	20.001	101.282	20.035	2.941	1.105	898.916
40.000	101.109	80.109	19.999	101.276	20.049	1.579	1.043	899.036
40.500	101.677	80.108	20.000	101.274	20.066	0.061	1.030	898.946
41.001	102.187	80.110	20.000	101.260	20.058	0.807	1.077	898.967
41.501	102.736	80.109	19.999	101.243	20.056	1.204	1.059	898.971
42.001	103.269	80.108	19.999	101.229	20.047	2.153	1.082	898.938
42.501	103.773	80.110	19.999	101.226	20.061	0.831	1.038	898.972
43.001	104.328	80.111	19.999	101.222	20.053	1.698	1.060	898.959
43.501	104.833	80.109	20.000	101.225	20.059	1.187	1.060	898.962
44.001	105.404	80.108	20.001	101.224	20.075	-0.254	1.076	898.941
44.501	105.932	80.106	20.000	101.217	20.063	0.836	1.098	898.935
45.001	106.466	80.107	20.000	101.207	20.055	1.701	1.062	898.932
45.501	106.961	80.107	20.000	101.197	20.055	1.783	1.030	898.983
46.001	107.527	80.106	20.000	101.188	20.065	0.907	1.060	898.961
46.501	108.098	80.107	20.000	101.186	20.066	0.821	1.137	898.962
47.001	108.622	80.107	20.000	101.183	20.073	0.190	1.096	898.992
47.501	109.101	80.107	20.000	101.182	20.068	0.780	1.002	898.952
48.002	109.615	80.109	20.001	101.179	20.066	1.096	0.993	898.982
48.501	110.192	80.107	20.000	101.173	20.066	1.180	1.092	898.920
49.000	110.766	80.107	20.000	101.164	20.063	1.479	1.152	898.899
49.500	111.287	80.107	20.001	101.160	20.070	0.894	1.095	898.907
50.000	111.870	80.106	20.000	101.156	20.070	0.980	1.103	898.938
50.501	112.350	80.106	19.998	101.152	20.076	0.334	1.061	898.949
51.002	112.859	80.109	20.001	101.148	20.068	0.964	0.988	898.976
51.502	113.407	80.109	20.001	101.149	20.072	0.475	1.057	898.946
52.001	113.964	80.109	20.000	101.148	20.076	0.152	1.106	898.897
52.501	114.461	80.108	20.001	101.141	20.071	0.784	1.054	898.946
53.002	115.097	80.107	20.001	101.135	20.078	0.185	1.133	898.915
53.501	115.583	80.112	20.001	101.131	20.074	0.708	1.124	898.945
54.000	116.088	80.106	19.998	101.131	20.077	0.493	0.991	898.970
54.501	116.632	80.108	19.999	101.129	20.081	0.215	1.048	898.952
55.001	117.176	80.107	20.001	101.130	20.076	0.747	1.088	898.933
55.501	117.754	80.105	19.999	101.121	20.076	0.775	1.122	898.932
56.001	118.206	80.105	19.999	101.113	20.074	0.962	1.030	898.973
56.501	118.718	80.106	20.001	101.108	20.077	0.646	0.964	898.965
57.002	119.289	80.106	19.999	101.105	20.077	0.629	1.082	898.957
57.502	119.855	80.109	19.999	101.103	20.080	0.407	1.137	898.927
58.001	120.394	80.108	20.000	101.111	20.084	-0.068	1.107	898.927
58.501	120.915	80.108	20.000	101.121	20.083	0.050	1.060	898.929
59.001	121.462	80.109	20.000	101.122	20.083	0.022	1.067	898.935
59.501	121.967	80.107	19.999	101.117	20.079	0.449	1.052	898.940
60.002	122.528	80.108	20.000	101.111	20.077	0.754	1.067	898.920
60.501	123.060	80.106	19.999	101.102	20.078	0.706	1.094	898.943
61.001	123.588	80.107	19.999	101.093	20.087	-0.022	1.060	898.897
61.502	124.109	80.109	19.999	101.087	20.091	-0.380	1.048	898.923
62.002	124.635	80.106	20.000	101.083	20.075	1.171	1.047	898.947
62.501	125.174	80.107	19.999	101.084	20.061	2.556	1.066	898.906
63.001	125.680	80.109	19.999	101.084	20.079	0.836	1.045	898.963
63.501	126.226	80.106	19.999	101.083	20.085	0.233	1.051	898.917
64.001	126.731	80.108	19.998	101.083	20.081	0.591	1.052	898.912
64.500	127.250	80.111	19.999	101.085	20.081	0.622	1.024	898.927
65.001	127.809	80.108	19.998	101.086	20.080	0.754	1.077	898.895
65.502	128.371	80.107	19.998	101.087	20.080	0.843	1.121	898.914
66.001	128.875	80.106	19.999	101.091	20.077	1.064	1.066	898.894
66.501	129.409	80.107	20.000	101.088	20.084	0.263	1.038	898.943
67.001	129.987	80.106	19.998	101.084	20.088	-0.126	1.112	898.956
67.501	130.482	80.105	19.999	101.079	20.087	0.022	1.073	898.937
68.001	131.043	80.106	19.998	101.073	20.083	0.324	1.056	898.898
68.501	131.472	80.107	20.001	101.067	20.082	0.327	0.990	898.954
69.002	132.038	80.105	19.999	101.067	20.083	0.312	0.995	898.935
69.501	132.570	80.107	19.999	101.064	20.082	0.471	1.099	898.915
70.001	133.147	80.107	19.998	101.066	20.083	0.417	1.109	898.886
70.501	133.670	80.106	19.998	101.067	20.089	0.016	1.100	898.898
71.001	134.155	80.104	19.998	101.065	20.084	0.554	1.008	898.949
71.501	134.651	80.104	20.000	101.064	20.088	0.201	0.980	898.985
72.001	135.235	80.108	20.000	101.065	20.084	0.536	1.080	898.915
72.501	135.767	80.108	20.000	101.059	20.085	0.453	1.116	898.855
73.001	136.248	80.104	19.999	101.060	20.090	-0.025	1.013	898.937
73.501	136.794	80.106	19.999	101.063	20.090	-0.082	1.027	898.905
74.001	137.291	80.106	20.000	101.067	20.084	0.349	1.042	898.924
74.502	137.826	80.104	19.999	101.069	20.089	-0.045	1.033	898.906
75.001	138.353	80.107	19.999	101.074	20.087	0.191	1.064	898.906
75.501	138.908	80.108	19.999	101.076	20.090	0.048	1.082	898.908
76.001	139.442	80.107	19.999	101.077	20.088	0.283	1.088	898.863
76.502	139.939	80.106	19.999	101.070	20.091	0.026	1.031	898.938
77.001	140.426	80.106	19.999	101.065	20.089	0.201	0.985	898.927
77.501	140.943	80.108	20.000	101.063	20.089	0.239	1.005	898.903
78.001	141.489	80.108	19.999	101.057	20.086	0.522	1.063	898.877
78.501	141.996	80.107	20.000	101.047	20.088	0.370	1.053	898.914
79.001	142.577	80.108	19.999	101.050	20.091	0.067	1.087	898.923
79.502	143.049	80.107	19.999	101.053	20.092	-0.047	1.052	898.920
80.002	143.589	80.107	19.998	101.055	20.095	-0.446	1.013	898.960
80.501	144.104	80.109	19.998	101.060	20.088	0.174	1.056	898.916
81.001	144.629	80.108	19.999	101.065	20.091	-0.108	1.040	898.918
81.502	145.138	80.107	19.999	101.061	20.086	0.360	1.034	898.937
82.002	145.687	80.107	19.999	101.058	20.090	-0.099	1.059	898.905
82.501	146.199	80.106	20.000	101.052	20.090	-0.013	1.062	898.898
83.001	146.724	80.107	19.999	101.050	20.089	0.178	1.037	898.913
83.501	147.221	80.105	19.999	101.048	20.090	0.121	1.021	898.932
84.002	147.751	80.107	20.000	101.045	20.087	0.418	1.026	898.920
84.502	148.255	80.108	20.000	101.045	20.089	0.269	1.036	898.899
85.001	148.770	80.106	19.998	101.046	20.091	0.068	1.020	898.929
85.501	149.280	80.105	19.998	101.043	20.091	0.066	1.023	898.911
86.002	149.800	80.109	19.998	101.042	20.088	0.292	1.030	898.899
86.501	150.306	80.108	19.998	101.044	20.088	0.412	1.027	898.907
87.002	150.843	80.108	19.999	101.045	20.092	0.008	1.042	898.882
87.502	151.356	80.109	19.998	101.049	20.089	0.376	1.050	898.880
88.001	151.856	80.107	19.999	101.054	20.090	0.354	1.014	898.895
88.501	152.377	80.108	19.999	101.054	20.097	-0.321	1.021	898.913
89.002	152.936	80.108	19.998	101.054	20.095	-0.020	1.079	898.899
89.502	153.424	80.107	19.998	101.055	20.090	0.380	1.047	898.904
90.002	153.931	80.108	19.998	101.051	20.094	0.079	0.996	898.933
90.501	154.459	80.107	19.999	101.046	20.093	0.219	1.035	898.897
91.001	154.983	80.107	19.999	101.048	20.094	0.096	1.052	898.935
91.502	155.494	80.110	19.998	101.044	20.094	0.200	1.035	898.894
92.001	155.989	80.107	19.999	101.041	20.096	-0.078	1.006	898.918
92.501	156.511	80.107	19.999	101.044	20.094	0.021	1.017	898.928
93.002	157.015	80.107	19.998	101.044	20.093	0.062	1.026	898.877
93.501	157.540	80.109	19.997	101.043	20.095	-0.075	1.029	898.875
94.001	158.041	80.109	19.998	101.041	20.096	-0.213	1.026	898.886
94.502	158.557	80.106	19.997	101.042	20.092	0.084	1.017	898.892
95.001	159.072	80.109	19.998	101.033	20.094	0.019	1.031	898.902
95.501	159.583	80.110	19.998	101.029	20.097	-0.243	1.026	898.911
96.002	160.113	80.109	19.998	101.030	20.094	0.072	1.040	898.936
96.502	160.622	80.108	19.998	101.031	20.097	-0.241	1.038	898.893
97.003	161.154	80.108	19.997	101.025	20.099	-0.402	1.041	898.925
97.502	161.653	80.106	19.998	101.026	20.095	0.058	1.032	898.883
98.002	162.157	80.108	19.998	101.027	20.094	0.084	1.004	898.902
98.501	162.690	80.106	19.998	101.021	20.096	-0.083	1.038	898.865
99.001	163.174	80.108	19.999	101.021	20.097	-0.070	1.018	898.926
99.501	163.694	80.109	19.999	101.027	20.097	-0.054	1.003	898.936
100.002	164.224	80.105	19.999	101.033	20.098	-0.132	1.049	898.911
100.502	164.751	80.107	19.999	101.035	20.098	-0.115	1.057	898.899
101.002	165.250	80.106	19.999	101.034	20.099	-0.219	1.027	898.900
101.501	165.729	80.106	19.999	101.035	20.099	-0.259	0.978	898.902
102.001	166.254	80.108	19.999	101.032	20.096	-0.021	1.004	898.928
102.501	166.762	80.108	19.999	101.027	20.098	-0.183	1.033	898.941
103.001	167.264	80.109	19.999	101.026	20.097	-0.105	1.010	898.916
103.502	167.780	80.107	20.000	101.027	20.100	-0.347	1.018	898.920
104.002	168.311	80.104	19.999	101.028	20.103	-0.516	1.046	898.920
104.502	168.826	80.105	20.000	101.027	20.098	-0.012	1.046	898.913
105.002	169.332	80.105	19.999	101.024	20.098	-0.062	1.021	898.897
105.502	169.832	80.104	19.999	101.024	20.099	-0.103	1.006	898.917
106.002	170.329	80.107	19.999	101.023	20.097	-0.007	0.997	898.910
106.502	170.858	80.108	19.999	101.018	20.095	0.124	1.026	898.933
107.001	171.393	80.107	19.998	101.016	20.099	-0.282	1.065	898.908
107.501	171.870	80.109	19.998	101.016	20.102	-0.530	1.012	898.920
108.002	172.400	80.108	19.998	101.014	20.102	-0.401	1.007	898.877
108.502	172.908	80.108	19.999	101.018	20.105	-0.650	1.038	898.911
109.001	173.402	80.107	20.000	101.020	20.100	-0.128	1.002	898.925
109.501	173.929	80.105	19.999	101.022	20.103	-0.267	1.021	898.935
110.001	174.462	80.107	19.999	101.021	20.102	-0.195	1.060	898.937
110.501	174.908	80.107	19.999	101.020	20.103	-0.275	0.979	898.908
111.002	175.460	80.106	19.999	101.014	20.104	-0.478	0.998	898.939
111.502	175.982	80.107	19.999	101.010	20.101	-0.081	1.074	898.937
112.002	176.485	80.107	20.000	101.008	20.104	-0.391	1.025	898.919
112.502	177.002	80.106	19.999	101.011	20.104	-0.400	1.020	898.945
113.002	177.512	80.110	19.999	101.011	20.100	0.029	1.027	898.934
113.502	178.035	80.110	19.998	101.015	20.101	-0.038	1.034	898.956
114.002	178.547	80.109	19.999	101.019	20.103	-0.165	1.035	898.950
114.502	179.051	80.109	20.000	101.019	20.108	-0.585	1.016	898.947
115.002	179.557	80.107	19.998	101.013	20.100	0.173	1.010	898.909
115.502	180.070	80.108	19.998	101.011	20.105	-0.310	1.019	898.904
116.002	180.561	80.107	19.998	101.006	20.103	-0.165	1.004	898.912
116.501	181.101	80.107	19.998	101.001	20.105	-0.248	1.031	898.930
117.001	181.609	80.107	19.998	100.997	20.104	-0.176	1.048	898.917
117.501	182.083	80.105	20.000	100.999	20.106	-0.356	0.983	898.940
118.001	182.630	80.107	19.999	101.002	20.107	-0.442	1.020	898.913
118.502	183.111	80.108	19.999	101.001	20.106	-0.330	1.027	898.924
119.002	183.638	80.106	19.998	100.999	20.108	-0.517	1.008	898.956
119.502	184.124	80.105	19.998	101.001	20.106	-0.350	1.013	898.946
120.002	184.648	80.106	19.999	100.997	20.106	-0.427	1.010	898.935
120.502	185.148	80.106	19.999	100.994	20.104	-0.274	1.024	898.934
121.002	185.671	80.107	19.999	100.993	20.108	-0.658	1.023	898.893
121.502	186.170	80.107	19.999	100.993	20.105	-0.356	1.022	898.928
122.002	186.683	80.109	19.999	100.989	20.109	-0.616	1.013	898.943
122.502	187.164	80.110	19.999	100.990	20.107	-0.477	0.995	898.919
123.002	187.716	80.106	20.000	100.992	20.103	-0.044	1.032	898.940
123.502	188.218	80.107	19.999	100.989	20.106	-0.222	1.054	898.948
124.002	188.737	80.108	19.999	100.986	20.107	-0.241	1.021	898.951
124.502	189.247	80.107	19.998	100.987	20.106	-0.151	1.029	898.955
125.002	189.750	80.107	19.998	100.986	20.105	-0.078	1.013	898.933
125.502	190.265	80.106	19.999	100.985	20.110	-0.637	1.017	898.922
126.002	190.786	80.108	19.998	100.988	20.108	-0.482	1.037	898.946
126.502	191.284	80.107	19.998	100.989	20.110	-0.668	1.020	898.976
127.002	191.795	80.105	19.999	100.990	20.110	-0.715	1.008	898.935
127.502	192.321	80.105	19.998	100.990	20.111	-0.723	1.037	898.932
128.002	192.838	80.108	19.999	100.992	20.110	-0.645	1.043	898.974
128.502	193.329	80.105	20.000	100.993	20.110	-0.636	1.007	898.950
129.003	193.835	80.108	20.000	100.991	20.107	-0.245	0.997	898.956
129.503	194.332	80.109	19.999	100.988	20.109	-0.473	1.004	898.955
130.002	194.819	80.109	19.998	100.985	20.113	-0.857	0.984	898.951
130.502	195.349	80.107	19.997	100.980	20.110	-0.703	1.017	898.951
131.002	195.817	80.104	19.999	100.976	20.109	-0.510	0.999	898.925
131.501	196.380	80.106	19.999	100.977	20.106	-0.226	1.031	898.936
132.001	196.849	80.106	19.999	100.976	20.110	-0.481	1.031	898.949
132.502	197.384	80.106	20.000	100.979	20.107	-0.124	1.003	898.974
133.003	197.895	80.108	19.998	100.983	20.109	-0.327	1.046	898.977
133.502	198.387	80.107	19.998	100.984	20.105	-0.008	1.004	898.950
134.002	198.901	80.107	19.999	100.986	20.105	0.001	1.006	898.967
134.502	199.418	80.109	19.999	100.988	20.105	-0.054	1.031	898.963
135.002	199.924	80.110	19.999	100.981	20.104	-0.053	1.023	898.955
135.502	200.426	80.110	19.998	100.978	20.108	-0.393	1.008	898.926
136.002	200.928	80.108	19.998	100.976	20.108	-0.406	1.003	898.947
136.502	201.449	80.109	20.000	100.975	20.110	-0.552	1.023	898.971
137.002	201.974	80.111	20.000	100.978	20.110	-0.618	1.047	898.954
137.502	202.481	80.110	19.999	100.984	20.112	-0.796	1.032	898.974
138.002	202.982	80.108	20.000	100.982	20.111	-0.631	1.008	898.962
138.502	203.486	80.108	20.000	100.981	20.116	-1.089	1.005	898.937
139.002	203.968	80.107	20.000	100.977	20.113	-0.716	0.986	898.946
139.502	204.513	80.107	20.000	100.969	20.114	-0.771	1.026	898.941
140.002	205.021	80.109	19.999	100.968	20.112	-0.466	1.053	898.959
140.502	205.532	80.108	19.998	100.968	20.113	-0.530	1.019	898.957
141.002	206.038	80.109	19.999	100.970	20.116	-0.810	1.017	898.947
141.502	206.553	80.107	19.999	100.974	20.112	-0.389	1.022	898.982
142.002	207.044	80.107	20.000	100.978	20.114	-0.660	1.006	898.953
142.502	207.570	80.109	19.999	100.978	20.115	-0.697	1.017	898.964
143.002	208.039	80.107	19.999	100.975	20.117	-0.883	0.995	898.930
143.502	208.552	80.106	20.000	100.974	20.115	-0.678	0.983	898.954
144.001	209.054	80.109	19.999	100.977	20.116	-0.760	1.015	898.947
144.501	209.622	80.108	19.999	100.979	20.117	-0.828	1.069	898.954
145.002	210.058	80.108	20.000	100.977	20.115	-0.595	1.004	898.970
145.502	210.594	80.108	19.999	100.978	20.112	-0.198	0.972	898.947
146.002	211.090	80.105	19.998	100.972	20.117	-0.649	1.032	898.937
146.502	211.601	80.107	19.999	100.966	20.115	-0.486	1.007	898.980
147.002	212.093	80.107	19.998	100.963	20.113	-0.290	1.003	898.963
147.502	212.612	80.107	19.999	100.960	20.112	-0.189	1.011	898.977
148.002	213.122	80.108	19.998	100.957	20.113	-0.415	1.028	898.979
148.502	213.648	80.105	19.998	100.959	20.115	-0.623	1.036	898.981
149.002	214.124	80.105	19.999	100.958	20.117	-0.804	1.003	898.970
149.502	214.636	80.105	19.998	100.957	20.116	-0.771	0.988	898.986
150.002	215.179	80.106	19.999	100.957	20.116	-0.673	1.055	898.968
150.502	215.712	80.108	20.000	100.957	20.118	-0.901	1.076	898.990
151.001	216.169	80.108	20.000	100.956	20.120	-0.953	0.990	898.982
151.502	216.689	80.106	20.000	100.957	20.122	-1.089	0.976	899.014
152.002	217.170	80.106	20.000	100.955	20.117	-0.559	1.002	898.998
152.502	217.694	80.104	19.999	100.949	20.120	-0.847	1.006	898.996
153.002	218.203	80.105	19.999	100.946	20.123	-1.069	1.032	898.967
153.503	218.685	80.107	19.999	100.943	20.122	-1.001	0.991	898.986
154.002	219.214	80.104	19.999	100.942	20.118	-0.641	1.012	898.980
154.502	219.710	80.105	19.999	100.944	20.118	-0.691	1.025	898.971
155.002	220.226	80.106	19.999	100.950	20.121	-0.942	1.011	899.012
155.502	220.771	80.105	19.999	100.952	20.119	-0.743	1.061	899.029
156.002	221.229	80.107	20.000	100.955	20.122	-1.036	1.004	899.009
156.502	221.730	80.107	20.001	100.954	20.117	-0.509	0.960	899.005
157.002	222.262	80.108	20.000	100.954	20.121	-0.956	1.033	898.990
157.502	222.739	80.108	19.999	100.953	20.119	-0.773	1.009	898.986
158.002	223.240	80.106	19.998	100.950	20.118	-0.637	0.979	899.005
158.502	223.747	80.108	20.000	100.946	20.117	-0.679	1.008	899.026
159.002	224.260	80.107	19.999	100.943	20.119	-0.884	1.020	898.999
159.502	224.764	80.106	19.998	100.938	20.120	-0.988	1.018	899.029
160.002	225.269	80.108	19.999	100.937	20.118	-0.784	1.008	898.993
160.502	225.759	80.107	19.999	100.937	20.119	-0.844	0.994	899.023
161.003	226.268	80.108	19.999	100.938	20.117	-0.737	0.999	899.024
161.502	226.791	80.107	20.000	100.938	20.116	-0.540	1.032	899.056
162.002	227.278	80.108	20.000	100.942	20.114	-0.241	1.010	899.057
162.502	227.789	80.107	19.999	100.942	20.120	-0.765	0.998	899.028
163.002	228.285	80.107	19.999	100.939	20.122	-0.890	1.007	899.060
163.502	228.781	80.106	19.999	100.937	20.119	-0.558	0.991	899.030
164.002	229.308	80.108	20.000	100.938	20.122	-0.811	1.023	899.041
164.502	229.805	80.106	20.000	100.938	20.123	-0.882	1.025	899.051
165.002	230.301	80.108	19.998	100.940	20.120	-0.648	0.993	899.041
165.502	230.786	80.110	20.000	100.942	20.121	-0.666	0.980	899.062
166.002	231.315	80.109	19.999	100.946	20.117	-0.263	1.013	899.032
166.502	231.808	80.109	19.998	100.948	20.120	-0.470	1.022	899.037
167.002	232.302	80.111	20.000	100.945	20.123	-0.585	0.987	899.059
167.502	232.818	80.110	20.000	100.944	20.128	-0.952	1.010	899.031
168.002	233.320	80.107	19.999	100.949	20.122	-0.434	1.018	899.035
168.502	233.817	80.106	19.998	100.946	20.119	-0.179	0.999	899.057
169.002	234.324	80.106	19.998	100.942	20.121	-0.462	1.004	899.076
169.502	234.826	80.108	19.998	100.935	20.122	-0.669	1.009	899.080
170.002	235.352	80.106	19.999	100.931	20.119	-0.557	1.028	899.089
170.502	235.886	80.108	19.998	100.925	20.123	-1.080	1.060	899.039
171.002	236.355	80.108	19.999	100.924	20.121	-0.938	1.003	899.066
171.502	236.892	80.106	19.999	100.925	20.121	-0.835	1.005	899.108
172.002	237.365	80.108	19.999	100.931	20.122	-0.864	1.010	899.064
172.502	237.866	80.109	20.000	100.931	20.121	-0.719	0.974	899.082
173.002	238.360	80.109	20.000	100.925	20.121	-0.594	0.995	899.059
173.502	238.855	80.108	19.999	100.917	20.125	-0.920	0.988	899.029
174.003	239.365	80.104	19.999	100.912	20.124	-0.938	1.005	899.084
174.502	239.852	80.103	20.000	100.905	20.127	-1.330	0.998	899.040
175.002	240.363	80.106	19.999	100.902	20.125	-1.101	0.998	899.086
175.502	240.866	80.102	20.000	100.904	20.124	-0.984	1.015	899.058
176.002	241.388	80.105	19.999	100.911	20.122	-0.793	1.025	899.110
176.502	241.891	80.106	19.999	100.916	20.124	-0.933	1.025	899.101
177.002	242.401	80.103	19.999	100.923	20.124	-0.845	1.012	899.080
177.503	242.898	80.106	19.999	100.935	20.125	-0.920	1.006	899.092
178.003	243.403	80.106	20.000	100.942	20.124	-0.818	1.002	899.078
178.503	243.895	80.106	19.999	100.937	20.121	-0.610	0.998	899.110
179.003	244.390	80.103	19.999	100.932	20.123	-0.782	0.987	899.089
179.503	244.886	80.103	19.999	100.929	20.122	-0.641	0.991	899.102
180.002	245.384	80.107	19.998	100.918	20.125	-0.922	0.995	899.073
180.502	245.929	80.107	19.999	100.912	20.123	-0.703	1.043	899.085
181.002	246.407	80.105	20.000	100.917	20.126	-0.851	1.023	899.083
181.502	246.915	80.107	19.999	100.925	20.126	-0.845	0.986	899.093
182.002	247.432	80.108	20.000	100.926	20.126	-0.734	1.025	899.101
182.502	247.930	80.107	20.001	100.928	20.124	-0.647	1.015	899.084
183.002	248.399	80.109	20.000	100.926	20.124	-0.637	0.967	899.076
183.502	248.932	80.108	20.000	100.924	20.124	-0.630	1.002	899.121
184.002	249.421	80.107	20.000	100.919	20.120	-0.292	1.022	899.111
184.502	249.922	80.104	19.999	100.915	20.126	-0.839	0.990	899.105
185.002	250.429	80.103	19.999	100.915	20.121	-0.300	1.008	899.071
185.502	250.925	80.105	19.999	100.918	20.128	-0.930	1.003	899.102
186.002	251.444	80.107	20.000	100.919	20.127	-0.838	1.015	899.119
186.502	251.945	80.104	19.999	100.919	20.127	-0.757	1.020	899.122
187.002	252.429	80.106	19.999	100.917	20.129	-1.045	0.985	899.136
187.502	252.971	80.104	20.000	100.918	20.128	-0.994	1.026	899.134
188.002	253.478	80.103	20.001	100.916	20.125	-0.749	1.048	899.104
188.502	253.959	80.108	20.000	100.907	20.130	-1.180	0.988	899.125
189.002	254.477	80.108	20.001	100.903	20.130	-1.214	1.000	899.139
189.502	254.956	80.107	20.001	100.903	20.127	-0.955	0.996	899.110
190.003	255.483	80.106	19.999	100.902	20.126	-0.867	1.006	899.134
190.502	255.984	80.104	19.999	100.901	20.127	-0.897	1.028	899.123
191.002	256.489	80.105	19.999	100.909	20.131	-1.162	1.006	899.126
191.502	256.962	80.105	19.999	100.906	20.125	-0.689	0.978	899.150
192.002	257.457	80.105	20.000	100.905	20.126	-0.831	0.968	899.152
192.502	257.953	80.106	19.999	100.902	20.133	-1.442	0.991	899.092
193.002	258.467	80.105	19.999	100.898	20.130	-1.073	1.009	899.088
193.502	258.974	80.108	19.999	100.896	20.129	-0.896	1.021	899.159
194.002	259.458	80.109	19.998	100.899	20.130	-1.062	0.991	899.154
194.503	259.975	80.107	20.000	100.901	20.128	-0.700	0.999	899.131
195.003	260.489	80.106	20.000	100.908	20.127	-0.491	1.030	899.079
195.503	261.000	80.106	20.000	100.910	20.129	-0.688	1.027	899.155
196.002	261.467	80.105	19.999	100.907	20.128	-0.576	0.979	899.122
196.503	261.957	80.105	19.999	100.905	20.129	-0.740	0.956	899.120
197.003	262.495	80.109	19.999	100.906	20.128	-0.701	1.029	899.162
197.502	262.971	80.107	20.000	100.902	20.131	-1.088	1.014	899.160
198.003	263.482	80.108	20.000	100.903	20.129	-0.904	0.986	899.128
198.503	264.007	80.106	19.999	100.903	20.126	-0.511	1.037	899.136
199.002	264.505	80.107	20.000	100.905	20.130	-0.861	1.023	899.136
199.502	265.015	80.108	19.999	100.906	20.131	-0.867	1.007	899.198
200.002	265.508	80.107	20.000	100.902	20.130	-0.771	1.003	899.157
200.502	265.993	80.104	20.001	100.898	20.131	-0.775	0.977	899.158
201.003	266.537	80.101	19.999	100.899	20.131	-0.846	1.028	899.184
201.503	266.998	80.103	19.999	100.893	20.134	-1.126	1.006	899.165
202.002	267.533	80.107	19.999	100.883	20.126	-0.441	0.996	899.154
202.502	268.045	80.105	20.000	100.881	20.130	-0.812	1.047	899.141
203.002	268.526	80.106	20.000	100.882	20.133	-1.034	0.993	899.215
203.503	269.002	80.106	19.999	100.882	20.127	-0.489	0.957	899.143
204.002	269.523	80.106	20.001	100.884	20.132	-1.087	0.998	899.176
204.503	270.011	80.110	20.001	100.889	20.133	-1.223	1.009	899.133
205.003	270.535	80.110	20.000	100.895	20.130	-0.955	1.011	899.189
205.503	271.033	80.107	20.001	100.891	20.131	-1.133	1.022	899.168
206.002	271.547	80.106	20.001	100.890	20.131	-1.139	1.013	899.219
206.502	272.014	80.106	20.000	100.886	20.129	-0.896	0.982	899.183
207.002	272.510	80.108	20.000	100.882	20.134	-1.256	0.963	899.182
207.502	273.041	80.108	19.999	100.878	20.136	-1.338	1.026	899.175
208.002	273.521	80.106	19.999	100.878	20.132	-0.850	1.011	899.211
208.502	273.991	80.105	20.000	100.879	20.133	-0.879	0.951	899.191
209.002	274.507	80.102	19.999	100.884	20.131	-0.634	0.987	899.175
209.502	275.017	80.101	19.999	100.883	20.135	-0.894	1.026	899.184
210.002	275.504	80.106	20.000	100.881	20.135	-0.731	0.996	899.208
210.502	276.039	80.106	19.999	100.881	20.132	-0.431	1.021	899.196
211.003	276.551	80.105	20.001	100.883	20.133	-0.603	1.047	899.200
211.503	277.009	80.106	20.001	100.885	20.139	-1.207	0.971	899.207
212.002	277.457	80.108	20.001	100.893	20.132	-0.704	0.907	899.135
212.502	278.036	80.108	20.000	100.898	20.133	-0.833	1.028	899.221
213.002	278.539	80.109	20.000	100.900	20.135	-1.085	1.082	899.210
213.502	279.048	80.106	20.000	100.896	20.135	-1.107	1.012	899.216
214.002	279.539	80.109	20.000	100.889	20.137	-1.255	1.000	899.243
214.502	280.025	80.107	19.999	100.883	20.139	-1.434	0.976	899.222
215.003	280.562	80.104	19.999	100.876	20.136	-1.154	1.023	899.204
215.503	281.039	80.104	20.001	100.872	20.136	-1.121	1.015	899.222
216.002	281.568	80.105	19.999	100.869	20.141	-1.636	1.006	899.222
216.502	282.052	80.104	20.000	100.864	20.133	-0.836	1.012	899.237
217.002	282.580	80.104	20.000	100.858	20.135	-1.135	1.012	899.250
217.503	283.053	80.106	19.999	100.852	20.135	-1.070	1.001	899.234
218.003	283.580	80.106	19.999	100.851	20.136	-1.075	1.000	899.202
218.503	284.065	80.106	19.999	100.851	20.132	-0.691	1.012	899.247
219.003	284.576	80.105	19.999	100.859	20.134	-0.824	0.996	899.261
219.502	285.092	80.107	20.000	100.869	20.133	-0.615	1.028	899.266
220.002	285.568	80.104	19.999	100.876	20.134	-0.612	0.993	899.257
220.502	286.050	80.108	19.999	100.876	20.135	-0.557	0.958	899.255
221.002	286.571	80.108	20.000	100.875	20.137	-0.745	1.002	899.269
221.503	287.080	80.108	20.000	100.868	20.137	-0.684	1.029	899.249
222.003	287.544	80.111	20.000	100.869	20.132	-0.364	0.973	899.286
222.503	288.094	80.107	20.002	100.868	20.135	-0.738	1.014	899.281
223.002	288.586	80.108	20.000	100.871	20.135	-0.794	1.042	899.260
223.503	289.077	80.107	20.000	100.874	20.134	-0.898	0.982	899.261
224.003	289.540	80.105	19.999	100.874	20.140	-1.485	0.954	899.282
224.503	290.095	80.105	20.000	100.873	20.136	-1.058	1.018	899.262
225.003	290.590	80.105	20.000	100.873	20.133	-0.656	1.051	899.283
225.503	291.086	80.102	19.999	100.866	20.137	-0.879	0.992	899.249
226.002	291.594	80.102	19.998	100.864	20.140	-1.077	1.003	899.270
226.502	292.039	80.103	20.000	100.861	20.132	-0.176	0.953	899.245
227.003	292.545	80.102	19.999	100.853	20.132	-0.180	0.950	899.289
227.503	293.051	80.102	19.999	100.849	20.133	-0.349	1.011	899.293
228.003	293.549	80.101	20.000	100.841	20.134	-0.475	1.004	899.279
228.503	294.069	80.102	20.000	100.837	20.135	-0.522	1.019	899.313
229.002	294.572	80.104	19.999	100.840	20.135	-0.690	1.024	899.275
229.502	295.059	80.102	19.998	100.845	20.132	-0.386	0.990	899.291
230.002	295.570	80.105	19.999	100.852	20.139	-1.001	0.997	899.324
230.503	296.067	80.106	20.000	100.868	20.138	-0.698	1.007	899.310
231.003	296.597	80.103	19.999	100.873	20.141	-0.945	1.027	899.322
231.503	297.082	80.106	19.999	100.871	20.142	-1.039	1.015	899.298
232.003	297.578	80.105	19.999	100.866	20.139	-0.683	0.980	899.348
232.503	298.088	80.103	19.999	100.857	20.141	-0.839	1.006	899.308
233.003	298.572	80.104	19.999	100.845	20.138	-0.624	0.994	899.329
233.503	299.098	80.103	19.999	100.838	20.138	-0.742	1.011	899.335
234.003	299.590	80.104	20.000	100.834	20.136	-0.760	1.019	899.320
234.503	300.087	80.104	19.999	100.833	20.138	-1.014	0.988	899.354
235.003	300.591	80.100	19.999	100.840	20.136	-0.917	1.001	899.310
235.503	301.116	80.104	19.999	100.845	20.135	-0.827	1.030	899.322
236.003	301.583	80.106	20.000	100.845	20.132	-0.496	0.992	899.385
236.503	302.073	80.103	19.999	100.852	20.137	-0.916	0.957	899.348
237.002	302.592	80.107	19.999	100.851	20.137	-0.917	1.010	899.340
237.503	303.073	80.108	19.999	100.841	20.134	-0.527	1.000	899.359
238.003	303.594	80.106	19.999	100.834	20.137	-0.706	1.002	899.345
238.503	304.102	80.105	20.000	100.830	20.139	-0.954	1.029	899.353
239.003	304.594	80.104	20.002	100.826	20.135	-0.809	0.999	899.337
239.503	305.103	80.104	20.000	100.825	20.139	-1.104	1.002	899.327
240.003	305.607	80.102	20.001	100.830	20.135	-0.688	1.014	899.351
240.503	306.102	80.101	20.000	100.835	20.136	-0.813	0.998	899.370
241.003	306.613	80.103	19.999	100.843	20.134	-0.551	1.006	899.375
241.502	307.122	80.103	20.000	100.847	20.134	-0.482	1.020	899.361
242.003	307.604	80.104	19.999	100.853	20.138	-0.655	0.991	899.342
242.503	308.080	80.107	19.999	100.860	20.135	-0.257	0.959	899.376
243.002	308.587	80.105	19.999	100.859	20.135	-0.292	0.982	899.368
243.504	309.068	80.105	19.999	100.853	20.135	-0.184	0.987	899.366
244.004	309.595	80.105	19.999	100.852	20.133	-0.061	1.008	899.398
244.503	310.083	80.103	20.000	100.850	20.133	-0.107	1.015	899.370
245.003	310.595	80.106	19.999	100.841	20.137	-0.456	1.001	899.372
245.503	311.090	80.106	19.999	100.842	20.136	-0.383	1.007	899.366
246.003	311.563	80.103	19.999	100.850	20.136	-0.369	0.967	899.392
246.503	312.079	80.106	19.998	100.855	20.135	-0.228	0.990	899.403
247.003	312.569	80.102	19.999	100.853	20.136	-0.345	1.007	899.374
247.503	313.091	80.103	19.999	100.856	20.136	-0.249	1.013	899.399
248.003	313.575	80.105	19.999	100.855	20.136	-0.296	1.005	899.433
248.503	314.116	80.104	19.999	100.847	20.137	-0.310	1.024	899.384
249.003	314.605	80.105	19.999	100.835	20.137	-0.346	1.031	899.421
249.502	315.127	80.102	19.999	100.831	20.137	-0.421	1.011	899.431
250.002	315.613	80.103	20.000	100.825	20.135	-0.242	1.008	899.419
250.503	316.084	80.106	19.999	100.823	20.138	-0.450	0.957	899.410
251.003	316.567	80.105	19.999	100.824	20.137	-0.193	0.954	899.432
251.503	317.118	80.104	19.998	100.824	20.138	-0.313	1.033	899.407
252.003	317.594	80.105	19.998	100.826	20.136	-0.151	1.027	899.390
252.503	318.082	80.102	20.000	100.829	20.135	-0.071	0.964	899.423
253.003	318.572	80.103	19.999	100.829	20.138	-0.363	0.977	899.434
253.504	319.110	80.106	19.999	100.827	20.137	-0.405	1.029	899.455
254.003	319.580	80.105	20.000	100.825	20.138	-0.535	1.009	899.423
254.503	320.083	80.105	19.999	100.821	20.137	-0.467	0.974	899.451
255.003	320.594	80.101	19.998	100.820	20.141	-0.896	1.014	899.427
255.502	321.088	80.100	20.000	100.824	20.140	-0.839	1.005	899.425
256.003	321.585	80.103	20.000	100.821	20.136	-0.391	0.990	899.426
256.503	322.107	80.101	20.000	100.823	20.136	-0.308	1.019	899.446
257.004	322.581	80.101	20.000	100.826	20.138	-0.513	0.996	899.425
257.503	323.061	80.103	19.999	100.822	20.137	-0.378	0.954	899.476
258.002	323.574	80.100	19.999	100.815	20.136	-0.241	0.993	899.476
258.503	324.082	80.102	19.999	100.815	20.138	-0.416	1.021	899.488
259.003	324.563	80.105	19.998	100.815	20.139	-0.615	0.990	899.445
259.502	325.078	80.103	19.999	100.812	20.135	-0.193	0.996	899.445
260.003	325.567	80.103	19.999	100.814	20.135	-0.191	1.002	899.473
260.504	326.082	80.101	19.998	100.819	20.137	-0.284	1.005	899.477
261.003	326.614	80.103	20.000	100.825	20.138	-0.347	1.048	899.452
261.503	327.111	80.104	20.000	100.828	20.139	-0.445	1.029	899.452
262.003	327.591	80.103	20.000	100.831	20.141	-0.601	0.977	899.491
262.503	328.081	80.104	20.000	100.834	20.134	0.053	0.970	899.462
263.003	328.591	80.104	20.000	100.833	20.140	-0.578	1.000	899.481
263.503	329.074	80.102	20.000	100.829	20.138	-0.460	0.993	899.497
264.003	329.600	80.102	20.000	100.824	20.139	-0.595	1.008	899.485
264.503	330.096	80.103	20.000	100.821	20.142	-0.880	1.021	899.529
265.003	330.605	80.104	19.999	100.820	20.138	-0.491	1.005	899.524
265.503	331.099	80.104	20.000	100.821	20.139	-0.546	1.003	899.471
266.003	331.581	80.103	19.999	100.822	20.137	-0.294	0.977	899.494
266.503	332.099	80.106	19.999	100.826	20.138	-0.335	1.001	899.466
267.003	332.612	80.103	19.999	100.826	20.135	-0.009	1.031	899.513
267.503	333.097	80.105	19.998	100.819	20.134	0.101	0.998	899.493
268.003	333.626	80.105	19.999	100.813	20.135	-0.077	1.014	899.502
268.503	334.093	80.106	19.998	100.812	20.138	-0.367	0.995	899.501
269.003	334.603	80.105	19.998	100.809	20.137	-0.135	0.977	899.520
269.503	335.101	80.107	19.999	100.810	20.140	-0.447	1.009	899.504
270.004	335.619	80.107	19.999	100.815	20.138	-0.204	1.015	899.483
270.503	336.104	80.107	20.000	100.820	20.135	0.006	1.003	899.534
271.003	336.584	80.105	20.000	100.824	20.134	0.033	0.965	899.517
271.504	337.112	80.104	20.000	100.823	20.133	0.030	1.008	899.511
272.003	337.614	80.106	19.999	100.825	20.139	-0.528	1.031	899.512
272.503	338.070	80.107	20.000	100.821	20.135	-0.201	0.958	899.501
273.004	338.575	80.107	19.999	100.817	20.135	-0.331	0.961	899.547
273.503	339.107	80.109	19.999	100.816	20.138	-0.535	1.038	899.504
274.003	339.629	80.103	19.998	100.816	20.134	-0.137	1.054	899.551
274.503	340.118	80.104	19.998	100.810	20.133	0.067	1.010	899.562
275.003	340.636	80.109	19.998	100.811	20.137	-0.186	1.007	899.499
275.503	341.122	80.108	19.997	100.815	20.136	-0.037	1.004	899.540
276.003	341.605	80.106	19.999	100.811	20.135	0.058	0.969	899.527
276.503	342.111	80.105	19.998	100.810	20.133	0.416	0.989	899.578
277.003	342.602	80.107	19.998	100.810	20.132	0.654	0.997	899.521
277.503	343.125	80.107	19.998	100.808	20.132	0.797	1.014	899.542
278.003	343.628	80.107	19.999	100.810	20.131	0.881	1.027	899.516
278.503	344.099	80.106	19.999	100.814	20.134	0.713	0.973	899.544
279.003	344.605	80.106	19.998	100.821	20.132	0.961	0.977	899.566
279.503	345.114	80.105	19.997	100.825	20.129	1.130	1.016	899.528
280.003	345.609	80.106	19.998	100.829	20.130	0.796	1.004	899.533
280.503	346.076	80.110	19.998	100.827	20.132	0.588	0.962	899.510
281.003	346.608	80.108	19.998	100.823	20.133	0.463	0.999	899.531
281.503	347.100	80.106	19.999	100.819	20.137	0.051	1.023	899.548
282.003	347.617	80.106	19.999	100.815	20.132	0.476	1.009	899.590
282.503	348.110	80.107	20.000	100.808	20.133	0.476	1.011	899.549
283.003	348.614	80.108	20.000	100.806	20.132	0.569	0.996	899.580
283.504	349.130	80.105	20.000	100.806	20.134	0.466	1.019	899.580
284.004	349.605	80.106	19.999	100.797	20.128	1.058	0.991	899.566
284.503	350.083	80.108	19.999	100.787	20.135	0.441	0.954	899.601
285.003	350.627	80.106	19.999	100.784	20.130	1.029	1.023	899.600
285.503	351.126	80.108	19.999	100.775	20.133	0.660	1.044	899.593
286.003	351.623	80.107	19.999	100.768	20.126	1.284	0.996	899.569
286.503	352.131	80.107	19.998	100.773	20.131	0.774	1.005	899.604
287.003	352.603	80.106	19.998	100.788	20.128	0.984	0.979	899.597
287.504	353.107	80.103	19.999	100.794	20.129	0.665	0.974	899.596
288.004	353.608	80.107	19.998	100.798	20.129	0.623	1.006	899.634
288.503	354.109	80.107	19.999	100.800	20.132	0.415	1.004	899.602
289.003	354.614	80.108	19.999	100.801	20.130	0.635	1.006	899.607
289.503	355.111	80.108	19.999	100.797	20.127	0.847	1.001	899.649
290.003	355.626	80.110	19.999	100.794	20.128	0.817	1.013	899.647
290.503	356.073	80.105	19.998	100.795	20.128	0.924	0.961	899.577
291.003	356.589	80.107	19.999	100.793	20.123	1.534	0.961	899.616
291.503	357.102	80.108	19.998	100.790	20.122	1.650	1.030	899.646
292.003	357.590	80.106	19.998	100.783	20.123	1.671	1.001	899.618
292.504	358.110	80.107	19.998	100.781	20.123	1.592	1.007	899.633
293.004	358.585	80.103	19.999	100.785	20.128	1.137	0.995	899.623
293.504	359.079	80.106	19.997	100.791	20.121	1.699	0.970	899.606
294.003	359.576	80.106	19.998	100.794	20.121	1.631	0.991	899.576
294.503	360.085	80.103	19.998	100.800	20.122	1.492	1.006	899.611
295.003	360.596	80.107	19.997	100.809	20.121	1.678	1.020	899.619
295.503	361.108	80.105	19.997	100.809	20.120	1.799	1.023	899.614
296.003	361.599	80.107	19.996	100.803	20.123	1.602	1.004	899.630
296.503	362.116	80.106	19.997	100.805	20.123	1.710	1.007	899.596
297.003	362.597	80.106	19.998	100.804	20.123	1.730	0.997	899.633
297.504	363.117	80.108	19.997	100.798	20.124	1.662	1.000	899.674
298.004	363.590	80.106	19.998	100.796	20.121	1.837	0.994	899.619
298.504	364.099	80.106	19.998	100.793	20.125	1.503	0.983	899.662
299.004	364.609	80.107	19.999	100.786	20.124	1.553	1.018	899.635
299.504	365.129	80.103	20.000	100.782	20.121	1.829	1.030	899.654
300.004	365.636	80.107	20.000	100.781	20.123	1.628	1.028	899.670
300.504	366.121	80.110	19.999	100.784	20.125	1.433	0.993	899.668
301.003	366.637	80.106	20.000	100.793	20.123	1.724	1.002	899.671
301.503	367.133	80.105	19.999	100.798	20.123	1.786	1.012	899.655
302.003	367.647	80.107	19.999	100.799	20.121	1.969	1.010	899.693
302.503	368.150	80.104	20.000	100.794	20.121	2.047	1.017	899.676
303.003	368.650	80.103	19.999	100.787	20.117	2.491	1.002	899.684
303.503	369.154	80.103	19.999	100.778	20.118	2.611	1.003	899.706
304.004	369.619	80.103	19.999	100.776	20.116	2.644	0.968	899.703
304.504	370.140	80.104	19.999	100.776	20.116	2.629	0.986	899.708
305.003	370.628	80.103	19.999	100.782	20.114	2.671	1.010	899.680
305.503	371.143	80.103	20.000	100.783	20.113	2.644	1.003	899.675
306.003	371.641	80.105	20.000	100.785	20.113	2.441	1.013	899.684
306.503	372.142	80.103	19.999	100.785	20.114	2.291	0.999	899.689
307.003	372.613	80.105	19.999	100.783	20.108	2.956	0.972	899.694
307.503	373.146	80.108	19.999	100.778	20.107	3.145	1.004	899.699
308.003	373.662	80.105	20.000	100.782	20.108	3.051	1.049	899.714
308.503	374.158	80.106	19.999	100.777	20.106	3.238	1.012	899.724
309.003	374.663	80.105	19.999	100.774	20.103	3.615	1.001	899.712
309.503	375.150	80.104	20.000	100.774	20.103	3.603	0.991	899.745
310.004	375.627	80.104	19.999	100.772	20.102	3.649	0.964	899.730
310.504	376.122	80.103	19.999	100.759	20.098	3.886	0.972	899.706
311.004	376.597	80.105	20.000	100.758	20.097	4.048	0.970	899.722
311.504	377.102	80.106	19.999	100.763	20.095	4.245	0.981	899.754
312.003	377.632	80.102	19.999	100.766	20.094	4.226	1.035	899.742
312.503	378.116	80.104	19.997	100.774	20.089	4.772	1.014	899.752
313.003	378.590	80.106	19.998	100.789	20.087	4.916	0.957	899.759
313.504	379.112	80.105	19.999	100.798	20.083	5.216	0.995	899.762
314.004	379.632	80.104	19.998	100.795	20.082	5.262	1.042	899.730
314.503	380.122	80.103	19.998	100.787	20.078	5.569	1.010	899.768
315.004	380.612	80.106	19.999	100.780	20.076	5.784	0.980	899.777
315.503	381.137	80.108	19.998	100.777	20.078	5.523	1.015	899.788
316.004	381.636	80.105	19.998	100.779	20.073	5.945	1.023	899.759
316.504	382.152	80.106	20.000	100.780	20.065	6.695	1.014	899.766
317.005	382.627	80.106	19.999	100.785	20.064	6.883	0.991	899.774
317.505	383.132	80.105	19.999	100.789	20.062	7.067	0.981	899.756
318.004	383.625	80.107	19.999	100.789	20.057	7.599	0.999	899.776
318.503	384.126	80.108	19.999	100.785	20.051	8.267	0.995	899.758
319.003	384.608	80.106	19.999	100.789	20.044	8.881	0.982	899.810
319.503	385.115	80.107	19.999	100.794	20.039	9.354	0.989	899.758
320.003	385.635	80.108	19.999	100.792	20.031	10.024	1.027	899.802
320.503	386.112	80.108	19.999	100.792	20.025	10.541	0.997	899.803
321.004	386.587	80.109	19.999	100.798	20.017	11.218	0.952	899.773
321.504	387.121	80.108	19.999	100.799	20.006	12.161	1.009	899.820
322.003	387.626	80.108	20.000	100.801	20.001	12.539	1.039	899.787
322.504	388.098	80.108	19.999	100.808	19.994	13.163	0.976	899.816
323.004	388.599	80.107	19.999	100.809	19.979	14.647	0.973	899.792
323.504	389.107	80.110	19.999	100.807	19.968	15.660	1.009	899.793
324.004	389.595	80.109	19.999	100.807	19.957	16.761	0.995	899.804
324.504	390.086	80.109	20.000	100.805	19.942	18.148	0.980	899.792
325.003	390.620	80.108	19.999	100.803	19.926	19.732	1.026	899.810
325.504	391.137	80.107	19.999	100.799	19.907	21.517	1.050	899.798
326.004	391.572	80.107	19.999	100.797	19.880	24.043	0.952	899.807
326.504	392.092	80.106	19.999	100.796	19.852	26.734	0.956	899.772
327.004	392.608	80.105	19.999	100.796	19.818	30.058	1.036	899.817
327.504	393.098	80.106	20.000	100.805	19.780	33.735	1.005	899.818
328.003	393.609	80.104	19.999	100.813	19.740	37.675	1.002	899.834
328.504	394.087	80.103	19.999	100.817	19.704	41.410	0.990	899.833
329.003	394.609	80.105	19.998	100.821	19.670	44.979	0.999	899.838
329.504	395.125	80.104	19.998	100.826	19.642	47.940	1.038	899.830
330.003	395.642	80.105	20.000	100.822	19.622	50.118	1.033	899.833
330.504	396.123	80.105	19.998	100.822	19.594	53.061	0.997	899.849
331.004	396.629	80.106	19.998	100.825	19.562	56.338	0.987	899.849
331.504	397.124	80.109	19.998	100.823	19.517	60.771	1.002	899.850
332.004	397.613	80.106	19.998	100.824	19.466	65.803	0.984	899.862
332.504	398.108	80.105	19.999	100.821	19.413	71.240	0.984	899.888
333.004	398.631	80.106	19.999	100.820	19.362	76.427	1.018	899.845
333.504	399.107	80.104	19.999	100.821	19.319	80.812	0.999	899.881
334.004	399.599	80.105	19.998	100.821	19.286	84.251	0.969	899.832
334.504	400.102	80.107	19.998	100.817	19.275	85.409	0.997	899.855
335.003	400.623	80.107	19.997	100.810	19.271	85.612	1.024	899.876
335.504	401.138	80.106	19.998	100.801	19.268	85.703	1.035	899.848
336.004	401.617	80.105	19.998	100.780	19.256	86.491	0.994	899.865
336.504	402.112	80.106	19.998	100.757	19.241	87.710	0.974	899.875
337.004	402.610	80.108	19.999	100.737	19.236	88.026	0.992	899.877
337.504	403.090	80.106	19.999	100.723	19.238	87.684	0.978	899.850
338.004	403.608	80.106	19.999	100.709	19.258	85.570	1.000	899.880
338.503	404.147	80.108	20.000	100.701	19.275	83.531	1.058	899.912
339.003	404.628	80.106	20.001	100.693	19.283	82.399	1.019	899.904
339.504	405.111	80.109	19.999	100.674	19.259	84.142	0.964	899.869
340.004	405.621	80.108	19.999	100.648	19.209	88.375	0.992	899.888
340.504	406.119	80.108	19.999	100.624	19.126	95.973	1.008	899.881
341.003	406.614	80.108	20.000	100.602	19.036	104.460	0.993	899.902
341.504	407.121	80.105	19.999	100.587	18.952	112.659	1.001	899.891
342.005	407.623	80.105	19.998	100.587	18.903	117.550	1.009	899.933
342.504	408.110	80.107	20.000	100.603	18.882	119.657	0.991	899.925
343.004	408.607	80.105	19.999	100.623	18.874	120.341	0.985	899.910
343.503	409.122	80.106	19.999	100.642	18.838	123.525	1.011	899.891
344.004	409.617	80.106	20.001	100.657	18.765	130.230	1.009	899.930
344.504	410.131	80.105	20.001	100.662	18.669	139.032	1.009	899.964
345.004	410.624	80.107	20.000	100.665	18.572	148.100	1.008	899.937
345.504	411.125	80.108	19.999	100.677	18.484	156.585	0.994	899.934
346.004	411.639	80.108	19.999	100.706	18.404	164.550	1.014	899.940
346.504	412.107	80.107	20.000	100.741	18.336	171.239	0.981	899.932
347.004	412.633	80.106	19.999	100.780	18.281	176.722	0.994	899.940
347.504	413.114	80.108	19.999	100.805	18.232	181.638	1.006	899.940
348.004	413.599	80.107	20.000	100.812	18.185	186.182	0.966	899.986
348.504	414.113	80.105	20.000	100.801	18.128	191.230	1.000	899.947
349.004	414.649	80.107	19.999	100.778	18.066	196.760	1.050	899.975
349.503	415.130	80.107	20.001	100.755	17.993	203.482	1.017	899.952
350.003	415.591	80.106	20.000	100.750	17.896	212.569	0.942	899.942
350.503	416.084	80.108	19.999	100.766	17.798	221.719	0.953	899.944
351.004	416.592	80.109	19.999	100.784	17.714	229.717	1.000	899.995
351.504	417.099	80.108	19.999	100.806	17.629	237.983	1.015	899.951
352.004	417.574	80.106	19.999	100.822	17.533	247.297	0.982	899.954
352.504	418.102	80.106	19.999	100.817	17.421	257.873	1.004	899.961
353.004	418.568	80.108	19.998	100.792	17.323	267.296	0.994	899.968
353.504	419.079	80.106	19.999	100.760	17.229	276.037	0.977	899.967
354.004	419.536	80.104	19.999	100.739	17.118	286.136	0.968	899.954
354.504	420.051	80.106	19.999	100.726	16.969	299.957	0.972	899.977
355.004	420.553	80.104	20.000	100.712	16.811	314.552	1.016	899.974
355.504	421.053	80.105	19.999	100.708	16.669	327.785	1.001	899.992
356.004	421.560	80.107	19.999	100.736	16.541	339.765	1.007	899.990
356.504	422.046	80.108	19.998	100.753	16.420	351.053	0.994	899.996
357.004	422.552	80.108	19.999	100.759	16.291	363.174	0.992	900.001
357.504	423.057	80.108	20.000	100.768	16.164	375.149	1.012	900.037
358.004	423.550	80.107	20.000	100.768	16.028	387.837	0.998	899.970
358.504	424.030	80.108	19.999	100.736	15.894	400.161	0.973	899.991
359.004	424.526	80.108	20.000	100.719	15.748	413.517	0.977	900.035
359.503	425.023	80.106	19.999	100.704	15.586	428.585	0.993	900.002
360.004	425.504	80.106	19.999	100.695	15.414	444.665	0.977	900.037
360.504	425.979	80.103	19.999	100.686	15.232	461.737	0.955	900.005
361.004	426.512	80.104	20.000	100.696	15.052	478.600	1.008	900.033
361.504	427.003	80.106	19.999	100.708	14.876	495.188	1.024	900.043
362.004	427.476	80.107	19.999	100.720	14.688	512.838	0.964	900.025
362.504	427.974	80.107	19.999	100.727	14.506	529.807	0.971	900.047
363.004	428.464	80.103	19.999	100.732	14.319	547.147	0.989	900.006
363.504	428.940	80.104	19.999	100.717	14.121	565.367	0.966	900.057
364.004	429.473	80.107	19.999	100.698	13.925	583.331	1.008	900.004
364.504	429.942	80.105	19.999	100.691	13.716	602.482	1.001	900.035
365.004	430.462	80.107	19.999	100.686	13.511	621.408	0.990	900.061
365.504	430.925	80.109	19.999	100.687	13.298	640.970	0.984	900.077
366.004	431.406	80.104	19.999	100.703	13.087	660.368	0.944	900.044
366.504	431.912	80.105	19.999	100.709	12.872	680.073	0.986	900.057
367.004	432.396	80.108	19.999	100.694	12.656	699.920	0.990	900.053
367.504	432.872	80.105	19.999	100.678	12.441	719.593	0.961	900.101
368.004	433.354	80.106	19.998	100.650	12.223	739.533	0.958	900.062
368.504	433.840	80.103	19.998	100.619	12.024	757.719	0.967	900.077
369.004	434.337	80.106	19.999	100.585	11.812	777.071	0.983	900.044
369.504	434.804	80.105	19.998	100.566	11.600	796.383	0.965	900.056
370.004	435.327	80.104	19.998	100.545	11.380	816.311	0.990	900.044
370.504	435.809	80.105	19.999	100.537	11.157	836.613	1.005	900.074
371.004	436.286	80.107	19.998	100.524	10.932	856.183	0.958	900.100
371.505	436.797	80.106	19.999	100.518	10.701	876.319	0.987	900.066
372.004	437.276	80.108	19.999	100.507	10.480	895.846	0.991	900.089
372.504	437.779	80.108	19.998	100.494	10.257	915.799	0.982	900.093
373.004	438.275	80.108	19.998	100.474	10.035	935.721	0.999	900.116
373.504	438.746	80.109	19.998	100.449	9.813	955.612	0.967	900.086
374.004	439.247	80.106	19.999	100.422	9.594	976.001	0.972	900.117
374.504	439.702	80.109	20.000	100.394	9.386	995.312	0.957	900.105
375.004	440.218	80.109	20.000	100.374	9.178	1014.357	0.971	900.108
375.504	440.686	80.107	20.001	100.348	8.976	1032.580	0.984	900.107
376.004	441.181	80.108	20.000	100.325	8.784	1049.903	0.963	900.097
376.504	441.697	80.109	20.000	100.292	8.607	1065.866	1.011	900.127
377.004	442.176	80.107	20.000	100.264	8.445	1080.324	0.995	900.154
377.504	442.658	80.109	20.000	100.233	8.282	1094.891	0.961	900.129
378.004	443.128	80.107	19.999	100.204	8.116	1109.612	0.953	900.112
378.504	443.625	80.107	19.998	100.276	7.957	1123.708	0.967	900.084
379.004	444.114	80.105	19.998	100.346	7.810	1136.689	0.986	900.106
379.504	444.592	80.102	19.998	100.370	7.683	1147.863	0.967	900.128
380.004	445.081	80.103	19.998	100.364	7.571	1157.668	0.967	900.152
380.504	445.572	80.104	19.997	100.344	7.474	1166.194	0.980	900.129
381.004	446.073	80.104	19.997	100.213	7.392	1173.379	0.992	900.115
381.504	446.568	80.105	19.998	100.083	7.325	1179.222	0.996	900.138
382.004	447.049	80.104	19.998	99.990	7.283	1182.868	0.976	900.173
382.504	447.548	80.102	19.999	99.916	7.253	1185.841	0.980	900.155
383.004	448.028	80.104	19.998	99.856	7.241	1187.549	0.979	900.134
383.504	448.519	80.105	19.998	99.796	7.249	1186.978	0.971	900.142
384.005	449.006	80.105	19.998	99.739	7.277	1184.463	0.978	900.164
384.504	449.499	80.105	19.998	99.686	7.332	1179.481	0.981	900.178
385.004	450.013	80.106	19.998	99.646	7.401	1173.259	1.008	900.171
385.504	450.486	80.106	19.999	99.606	7.490	1164.814	0.986	900.168
386.004	451.004	80.105	19.999	99.578	7.597	1154.354	0.990	900.142
386.505	451.508	80.106	19.999	99.553	7.729	1142.171	1.022	900.160
387.004	451.998	80.105	19.998	99.532	7.880	1128.564	0.995	900.189
387.504	452.485	80.103	19.998	99.512	8.053	1113.061	0.977	900.171
388.004	452.992	80.103	19.999	99.499	8.240	1096.365	0.993	900.163
388.505	453.513	80.105	19.999	99.487	8.441	1078.329	1.028	900.188
389.004	453.966	80.103	19.999	99.483	8.665	1058.269	0.975	900.224
389.504	454.521	80.103	19.999	99.479	8.923	1034.914	1.008	900.184
390.004	455.014	80.103	19.999	99.410	9.209	1008.926	1.048	900.178
390.504	455.526	80.103	19.999	99.283	9.514	981.087	1.005	900.205
391.004	455.998	80.105	19.998	99.248	9.835	951.821	0.984	900.202
391.504	456.536	80.106	19.997	99.268	10.173	920.924	1.009	900.203
392.004	457.023	80.106	19.998	99.313	10.523	888.934	1.024	900.189
392.505	457.539	80.107	19.998	99.440	10.886	855.743	1.003	900.149
393.005	458.036	80.107	19.997	99.643	11.264	820.992	1.014	900.197
393.504	458.542	80.108	19.998	99.772	11.649	785.361	1.004	900.186
394.005	459.051	80.107	19.999	99.843	12.042	748.469	1.015	900.216
394.504	459.556	80.106	19.998	99.904	12.442	710.493	1.015	900.195
395.004	460.070	80.106	19.999	99.960	12.845	671.835	1.019	900.200
395.504	460.575	80.104	19.999	100.014	13.248	633.030	1.019	900.211
396.004	461.142	80.104	19.999	100.064	13.650	594.172	1.073	900.203
396.504	461.652	80.104	19.999	100.140	14.052	555.067	1.077	900.219
397.004	462.187	80.103	19.997	100.234	14.446	516.568	1.044	900.192
397.504	462.694	80.105	19.998	100.345	14.832	478.580	1.042	900.211
398.004	463.201	80.105	19.998	100.456	15.208	440.928	1.015	900.221
398.504	463.736	80.102	19.998	100.562	15.577	403.433	1.042	900.251
399.004	464.240	80.105	19.998	100.653	15.930	367.910	1.038	900.245
399.504	464.746	80.106	19.999	100.721	16.273	333.998	1.010	900.261
400.004	465.283	80.105	19.998	100.791	16.599	301.754	1.043	900.247
400.504	465.807	80.102	19.998	100.875	16.911	271.178	1.060	900.255
401.005	466.303	80.101	19.998	100.987	17.208	242.530	1.019	900.245
401.505	466.800	80.103	19.999	101.132	17.487	215.632	0.994	900.249
402.004	467.321	80.104	19.999	101.311	17.741	190.335	1.019	900.234
402.504	467.839	80.102	19.999	101.490	17.977	166.129	1.038	900.229
403.004	468.369	80.105	19.999	101.654	18.201	143.290	1.048	900.248
403.504	468.907	80.105	20.000	101.815	18.399	123.254	1.069	900.247
404.004	469.367	80.106	19.999	101.975	18.581	105.192	0.998	900.244
404.504	469.895	80.106	19.999	102.117	18.749	89.059	0.988	900.255
405.004	470.391	80.108	20.000	102.279	18.898	75.185	1.024	900.260
405.504	470.903	80.108	20.000	102.495	19.029	63.369	1.007	900.263
406.004	471.407	80.105	19.999	102.717	19.150	52.530	1.016	900.258
406.505	471.934	80.104	19.999	102.869	19.257	43.081	1.031	900.238
407.005	472.438	80.106	19.999	102.966	19.352	34.799	1.031	900.284
407.505	472.949	80.105	19.999	103.022	19.435	27.661	1.014	900.266
408.005	473.457	80.104	19.999	103.025	19.509	21.637	1.019	900.273
408.504	473.972	80.106	19.999	103.010	19.579	16.112	1.024	900.300
409.004	474.449	80.105	20.000	103.057	19.633	12.154	0.992	900.278
409.504	474.998	80.107	19.999	103.160	19.684	8.661	1.026	900.281
410.004	475.469	80.109	19.999	103.267	19.731	5.734	1.020	900.310
410.504	475.987	80.108	20.000	103.347	19.771	3.804	0.990	900.337
411.004	476.460	80.107	20.000	103.397	19.806	2.623	0.992	900.313
411.504	476.957	80.107	20.000	103.401	19.839	1.582	0.970	900.300
412.004	477.482	80.107	19.998	103.366	19.863	1.306	1.022	900.320
412.504	477.975	80.107	19.998	103.315	19.890	0.521	1.017	900.310
413.004	478.461	80.107	19.999	103.262	19.914	-0.139	0.979	900.340
413.504	478.941	80.105	19.997	103.210	19.931	-0.636	0.966	900.312
414.004	479.479	80.107	19.998	103.159	19.952	-1.873	1.017	900.362
414.505	479.972	80.104	19.999	103.105	19.969	-3.080	1.031	900.336
415.005	480.453	80.105	19.997	103.044	19.984	-4.138	0.975	900.330
415.504	480.924	80.107	19.998	102.976	19.993	-4.571	0.952	900.330
416.004	481.445	80.106	19.999	102.904	20.009	-5.323	0.992	900.345
416.504	481.944	80.106	19.998	102.827	20.021	-5.105	1.020	900.377
417.004	482.472	80.104	19.998	102.740	20.032	-4.408	1.027	900.357
417.504	482.951	80.102	19.998	102.637	20.042	-3.102	1.007	900.374
418.004	483.442	80.104	19.998	102.523	20.050	-1.699	0.970	900.348
418.504	483.948	80.102	19.999	102.391	20.056	-0.365	0.998	900.341
419.004	484.435	80.103	19.998	102.259	20.063	0.425	0.992	900.376
419.505	484.941	80.104	19.997	102.143	20.071	0.498	0.993	900.382
420.004	485.432	80.102	19.998	102.047	20.074	0.616	0.996	900.391
420.505	485.945	80.105	19.997	101.968	20.079	0.280	1.004	900.354
421.005	486.440	80.107	19.997	101.917	20.080	0.503	1.009	900.389
421.504	486.936	80.105	19.998	101.885	20.087	0.232	0.991	900.381
422.005	487.428	80.104	19.996	101.864	20.086	0.844	0.988	900.396
422.504	487.913	80.105	19.997	101.848	20.096	0.344	0.978	900.384
423.004	488.432	80.107	19.997	101.827	20.100	0.333	1.004	900.398
423.504	488.909	80.106	19.997	101.778	20.105	0.221	0.995	900.365
424.004	489.394	80.104	19.998	101.688	20.110	-0.039	0.961	900.374
424.505	489.914	80.106	19.997	101.561	20.111	-0.012	1.005	900.364
425.005	490.383	80.108	19.997	101.415	20.115	-0.375	0.990	900.381
425.504	490.889	80.105	19.998	101.286	20.117	-0.537	0.975	900.429
426.004	491.419	80.106	19.998	101.190	20.120	-0.699	1.035	900.375
426.505	491.897	80.105	19.999	101.132	20.124	-0.908	1.008	900.378
427.004	492.378	80.105	19.999	101.108	20.128	-1.151	0.960	900.396
427.504	492.876	80.105	19.998	101.103	20.130	-1.046	0.979	900.414
428.004	493.382	80.104	19.998	101.093	20.131	-0.884	1.003	900.396
428.505	493.886	80.106	19.998	101.072	20.135	-0.998	1.010	900.399
429.005	494.377	80.105	19.998	101.043	20.135	-0.833	0.995	900.399
429.505	494.864	80.105	19.998	101.012	20.138	-0.888	0.978	900.419
430.004	495.378	80.108	19.998	100.985	20.145	-1.454	1.001	900.429
430.504	495.889	80.107	19.998	100.963	20.142	-0.980	1.024	900.418
431.005	496.396	80.107	19.998	100.948	20.147	-1.225	1.017	900.422
431.505	496.868	80.109	19.998	100.943	20.147	-1.162	0.980	900.468
432.004	497.389	80.108	19.998	100.939	20.148	-1.125	0.994	900.444
432.505	497.905	80.107	19.999	100.939	20.151	-1.438	1.036	900.496
433.004	498.428	80.105	19.998	100.935	20.154	-1.639	1.039	900.455
433.504	498.874	80.104	19.997	100.929	20.154	-1.540	0.969	900.476
434.004	499.406	80.105	19.996	100.921	20.156	-1.741	0.978	900.444
434.504	499.890	80.106	19.997	100.906	20.157	-1.768	1.017	900.443
435.004	500.394	80.104	19.999	100.888	20.157	-1.669	0.988	900.440
435.505	500.893	80.105	19.997	100.874	20.158	-1.632	1.002	900.447
436.005	501.396	80.107	19.998	100.861	20.159	-1.650	1.000	900.463
436.505	501.906	80.107	19.999	100.850	20.161	-1.725	1.012	900.458
437.005	502.424	80.109	19.998	100.842	20.160	-1.537	1.030	900.494
437.504	502.888	80.108	19.999	100.833	20.163	-1.653	0.983	900.493
438.005	503.397	80.107	19.999	100.822	20.162	-1.422	0.972	900.495
438.505	503.903	80.107	19.999	100.811	20.163	-1.516	1.015	900.500
439.005	504.424	80.107	19.998	100.807	20.168	-1.898	1.026	900.484
439.505	504.857	80.107	19.998	100.804	20.161	-1.255	0.954	900.473
440.005	505.391	80.107	19.998	100.803	20.165	-1.618	0.968	900.506
440.504	505.890	80.106	19.999	100.804	20.162	-1.361	1.034	900.508
441.004	506.357	80.107	19.998	100.801	20.166	-1.742	0.966	900.492
441.504	506.848	80.104	19.998	100.794	20.168	-1.866	0.958	900.522
442.004	507.340	80.106	19.999	100.789	20.169	-1.846	0.983	900.521
442.504	507.869	80.107	19.998	100.782	20.167	-1.579	1.021	900.529
443.004	508.343	80.105	19.998	100.776	20.166	-1.565	1.004	900.525
443.504	508.828	80.105	19.999	100.774	20.167	-1.664	0.958	900.525
444.004	509.344	80.104	19.998	100.770	20.166	-1.580	1.000	900.510
444.505	509.864	80.103	19.998	100.763	20.163	-1.309	1.036	900.512
445.005	510.368	80.106	19.996	100.751	20.164	-1.422	1.024	900.552
445.505	510.844	80.105	19.996	100.745	20.166	-1.546	0.981	900.502
446.005	511.359	80.104	19.997	100.741	20.167	-1.524	0.991	900.512
446.505	511.885	80.105	19.997	100.740	20.170	-1.758	1.040	900.549
447.005	512.328	80.104	19.996	100.741	20.171	-1.784	0.969	900.527
447.505	512.851	80.105	19.997	100.746	20.173	-1.871	0.966	900.565
448.005	513.340	80.107	19.998	100.745	20.168	-1.347	1.012	900.529
448.505	513.886	80.107	19.998	100.742	20.171	-1.616	1.035	900.580
449.005	514.376	80.107	19.999	100.737	20.172	-1.782	1.036	900.581
449.505	514.879	80.106	19.997	100.731	20.171	-1.608	0.993	900.590
450.006	515.355	80.107	19.998	100.730	20.174	-1.961	0.980	900.548
450.505	515.886	80.108	19.998	100.734	20.172	-1.918	1.007	900.554
451.005	516.363	80.104	19.997	100.736	20.172	-1.805	1.008	900.566
451.505	516.873	80.107	19.998	100.736	20.171	-1.599	0.988	900.580
452.005	517.371	80.108	19.998	100.738	20.174	-1.768	1.008	900.554
452.505	517.875	80.105	19.998	100.737	20.172	-1.573	1.001	900.558
453.006	518.359	80.106	19.998	100.728	20.176	-1.803	0.988	900.573
453.505	518.870	80.104	19.997	100.725	20.171	-1.423	0.996	900.575
454.005	519.396	80.103	19.997	100.724	20.173	-1.798	1.037	900.613
454.506	519.868	80.103	19.999	100.718	20.175	-2.088	0.997	900.591
455.006	520.382	80.101	19.997	100.709	20.175	-2.135	0.986	900.561
455.505	520.870	80.102	19.998	100.708	20.173	-1.944	1.002	900.578
456.006	521.378	80.103	19.998	100.709	20.174	-1.993	0.996	900.597
456.505	521.885	80.103	19.998	100.708	20.174	-1.982	1.016	900.565
457.005	522.380	80.107	19.998	100.713	20.176	-2.087	1.002	900.575
457.505	522.903	80.105	19.997	100.722	20.177	-2.191	1.018	900.582
458.005	523.389	80.102	19.997	100.723	20.174	-1.895	1.010	900.627
458.505	523.866	80.106	19.997	100.712	20.175	-1.912	0.963	900.574
459.005	524.373	80.105	19.997	100.704	20.176	-2.114	0.983	900.602
459.505	524.899	80.104	19.998	100.697	20.174	-1.874	1.033	900.596
460.005	525.384	80.102	19.999	100.695	20.176	-1.997	1.011	900.631
460.505	525.879	80.104	19.999	100.693	20.175	-1.833	0.981	900.648
461.005	526.387	80.108	19.998	100.701	20.174	-1.778	1.004	900.607
461.504	526.881	80.106	19.998	100.714	20.177	-1.961	1.002	900.592
462.005	527.383	80.103	19.998	100.718	20.178	-2.036	0.996	900.641
462.505	527.875	80.105	19.998	100.718	20.175	-1.782	0.994	900.606
463.005	528.376	80.105	19.998	100.721	20.175	-1.741	0.993	900.616
463.505	528.900	80.107	19.997	100.718	20.176	-1.852	1.026	900.605
464.005	529.380	80.109	19.998	100.710	20.175	-1.739	1.004	900.629
464.505	529.855	80.107	19.998	100.710	20.179	-2.120	0.955	900.643
465.004	530.397	80.106	19.998	100.710	20.177	-1.900	1.016	900.628
465.505	530.872	80.104	19.999	100.708	20.176	-1.740	1.016	900.651
466.005	531.375	80.105	19.999	100.710	20.178	-1.861	0.978	900.668
466.504	531.874	80.106	19.998	100.710	20.180	-2.072	1.002	900.636
467.005	532.374	80.103	19.998	100.709	20.179	-2.020	0.998	900.670
467.505	532.902	80.102	19.998	100.705	20.178	-1.883	1.028	900.664
468.005	533.410	80.105	19.998	100.701	20.180	-2.148	1.037	900.670
468.505	533.892	80.103	19.997	100.700	20.180	-2.103	0.990	900.666
469.005	534.406	80.103	19.997	100.696	20.178	-1.957	0.995	900.655
469.505	534.877	80.105	19.998	100.696	20.179	-2.123	0.985	900.637
470.005	535.389	80.104	19.998	100.699	20.180	-2.169	0.983	900.704
470.505	535.894	80.104	19.998	100.697	20.176	-1.721	1.017	900.647
471.005	536.391	80.104	19.999	100.696	20.177	-1.838	1.003	900.686
471.504	536.883	80.105	19.999	100.696	20.181	-2.240	0.990	900.697
472.004	537.404	80.106	19.998	100.694	20.184	-2.422	1.013	900.669
472.505	537.896	80.105	19.999	100.690	20.181	-2.091	1.012	900.692
473.005	538.393	80.101	19.998	100.690	20.181	-1.939	0.988	900.681
473.505	538.906	80.100	19.998	100.687	20.179	-1.699	1.010	900.660
474.005	539.371	80.100	19.998	100.684	20.180	-1.762	0.978	900.680
474.505	539.866	80.103	19.997	100.686	20.182	-1.951	0.960	900.702
475.005	540.358	80.103	19.998	100.691	20.182	-1.951	0.988	900.686
475.505	540.878	80.102	19.998	100.691	20.181	-1.834	1.013	900.670
476.005	541.337	80.103	19.998	100.690	20.182	-2.011	0.978	900.680
476.505	541.844	80.102	19.998	100.695	20.180	-1.850	0.966	900.678
477.005	542.371	80.102	19.999	100.696	20.184	-2.195	1.034	900.703
477.505	542.869	80.101	19.999	100.692	20.181	-1.938	1.025	900.702
478.005	543.357	80.100	19.998	100.692	20.181	-1.918	0.987	900.672
478.505	543.871	80.102	19.998	100.692	20.180	-1.846	1.002	900.691
479.005	544.349	80.102	19.998	100.690	20.181	-1.947	0.992	900.694
479.505	544.891	80.101	19.998	100.683	20.182	-2.139	1.020	900.708
480.005	545.384	80.103	19.997	100.679	20.182	-2.170	1.035	900.703
480.505	545.906	80.105	19.997	100.673	20.179	-1.836	1.014	900.712
481.005	546.357	80.103	19.997	100.672	20.183	-2.215	0.973	900.733
481.505	546.879	80.101	19.996	100.667	20.180	-1.901	0.974	900.694
482.005	547.381	80.100	19.998	100.667	20.183	-2.144	1.024	900.699
482.505	547.866	80.101	19.998	100.671	20.181	-1.956	0.987	900.710
483.005	548.392	80.102	19.997	100.675	20.180	-1.951	1.010	900.733
483.505	548.887	80.099	19.996	100.677	20.182	-2.109	1.021	900.718
484.005	549.405	80.102	19.996	100.674	20.186	-2.432	1.013	900.769
484.505	549.885	80.103	19.997	100.673	20.183	-2.204	0.998	900.736
485.005	550.384	80.102	19.998	100.671	20.184	-2.293	0.980	900.755
485.505	550.891	80.103	19.997	100.675	20.185	-2.342	1.007	900.723
486.005	551.425	80.102	19.997	100.676	20.185	-2.378	1.040	900.754
486.505	551.896	80.100	19.997	100.681	20.185	-2.355	1.005	900.764
487.005	552.384	80.102	19.996	100.681	20.182	-2.165	0.959	900.750
487.505	552.862	80.101	19.998	100.682	20.183	-2.218	0.967	900.760
488.005	553.384	80.102	19.998	100.679	20.184	-2.406	1.000	900.742
488.505	553.891	80.103	19.997	100.677	20.181	-2.061	1.028	900.719
489.005	554.371	80.102	19.997	100.675	20.185	-2.461	0.987	900.749
489.505	554.852	80.104	19.996	100.676	20.183	-2.311	0.961	900.752
490.005	555.358	80.102	19.997	100.676	20.184	-2.281	0.988	900.736
490.505	555.865	80.102	19.997	100.679	20.182	-2.140	1.014	900.750
491.005	556.350	80.105	19.996	100.676	20.182	-2.042	0.992	900.752
491.506	556.886	80.104	19.997	100.676	20.182	-2.082	1.021	900.742
492.005	557.362	80.103	19.997	100.678	20.185	-2.459	1.012	900.760
492.505	557.859	80.103	19.997	100.675	20.184	-2.306	0.972	900.787
493.006	558.355	80.101	19.997	100.675	20.185	-2.289	0.993	900.806
493.506	558.850	80.102	19.998	100.679	20.184	-2.186	0.992	900.783
494.005	559.378	80.102	19.997	100.680	20.180	-1.892	1.023	900.777
494.505	559.851	80.103	19.997	100.680	20.184	-2.367	1.001	900.810
495.005	560.364	80.103	19.996	100.683	20.182	-2.179	0.986	900.784
495.505	560.865	80.102	19.997	100.683	20.184	-2.396	1.014	900.804
496.005	561.351	80.104	19.997	100.683	20.183	-2.435	0.987	900.827
496.505	561.854	80.106	19.996	100.684	20.187	-2.820	0.990	900.810
497.005	562.363	80.104	19.997	100.681	20.183	-2.346	1.011	900.805
497.505	562.855	80.103	19.999	100.679	20.186	-2.417	1.000	900.809
498.006	563.367	80.104	19.997	100.677	20.184	-2.188	1.004	900.843
498.505	563.848	80.104	19.998	100.677	20.188	-2.518	0.993	900.811
499.005	564.358	80.104	19.999	100.677	20.185	-2.234	0.990	900.800
499.506	564.856	80.102	19.998	100.681	20.188	-2.475	1.006	900.794
500.007	565.367	80.102	19.998	100.679	20.187	-2.418	1.009	900.833
500.506	565.872	80.104	19.998	100.674	20.189	-2.618	1.018	900.848
501.005	566.364	80.104	19.998	100.673	20.189	-2.683	0.998	900.818
501.505	566.843	80.103	19.999	100.675	20.188	-2.539	0.971	900.809
502.005	567.356	80.105	19.997	100.680	20.183	-2.083	0.991	900.836
502.506	567.866	80.105	19.997	100.684	20.186	-2.392	1.023	900.813
503.005	568.357	80.103	19.997	100.691	20.188	-2.648	1.002	900.823
503.505	568.857	80.103	19.997	100.693	20.187	-2.508	0.991	900.857
504.005	569.347	80.101	19.998	100.690	20.187	-2.389	0.989	900.843
504.506	569.853	80.101	19.999	100.678	20.188	-2.424	0.996	900.837
505.006	570.354	80.100	19.999	100.672	20.186	-2.286	1.007	900.830
505.506	570.861	80.103	19.998	100.668	20.187	-2.389	1.008	900.843
506.005	571.346	80.104	19.996	100.668	20.186	-2.181	0.992	900.855
506.505	571.849	80.102	19.997	100.668	20.188	-2.292	0.988	900.854
507.006	572.345	80.101	19.998	100.670	20.186	-2.115	0.999	900.844
507.506	572.834	80.103	19.997	100.670	20.187	-2.339	0.986	900.846
508.005	573.366	80.102	19.997	100.672	20.188	-2.376	1.021	900.861
508.505	573.869	80.103	19.997	100.671	20.188	-2.315	1.035	900.878
509.005	574.362	80.103	19.997	100.672	20.189	-2.457	0.996	900.853
509.505	574.853	80.103	19.997	100.674	20.187	-2.299	0.983	900.873
510.006	575.379	80.105	19.998	100.676	20.190	-2.647	1.017	900.850
510.505	575.867	80.103	19.997	100.678	20.192	-2.813	1.015	900.896
511.005	576.371	80.104	19.997	100.673	20.193	-2.930	0.991	900.871
511.505	576.843	80.103	19.996	100.668	20.190	-2.760	0.975	900.880
512.006	577.348	80.102	19.997	100.664	20.190	-2.873	0.977	900.876
512.506	577.855	80.104	19.998	100.664	20.190	-2.839	1.013	900.892
513.005	578.384	80.104	19.998	100.664	20.191	-2.879	1.036	900.901
513.505	578.870	80.104	19.998	100.662	20.190	-2.681	1.014	900.909
514.005	579.370	80.103	19.999	100.659	20.191	-2.672	0.986	900.896
514.505	579.889	80.103	19.998	100.659	20.188	-2.326	1.019	900.886
515.006	580.358	80.104	19.999	100.661	20.188	-2.279	0.988	900.908
515.506	580.855	80.104	19.999	100.660	20.192	-2.575	0.966	900.902
516.006	581.366	80.103	19.999	100.662	20.190	-2.443	1.007	900.883
516.506	581.848	80.104	19.999	100.663	20.191	-2.567	0.994	900.899
517.005	582.330	80.103	19.997	100.663	20.187	-2.263	0.966	900.927
517.505	582.866	80.103	19.998	100.662	20.188	-2.374	1.018	900.924
518.005	583.341	80.105	19.999	100.663	20.189	-2.392	1.011	900.911
518.505	583.854	80.103	19.998	100.669	20.192	-2.734	0.988	900.909
519.005	584.359	80.103	19.998	100.676	20.187	-2.277	1.018	900.913
519.505	584.844	80.102	19.998	100.682	20.190	-2.526	0.990	900.885
520.005	585.359	80.100	19.998	100.680	20.190	-2.452	0.999	900.937
520.505	585.869	80.102	19.999	100.674	20.189	-2.287	1.025	900.950
521.005	586.380	80.101	19.999	100.664	20.187	-2.069	1.021	900.983
521.505	586.889	80.100	19.997	100.660	20.188	-2.130	1.020	900.946
522.006	587.366	80.104	19.997	100.655	20.189	-2.238	0.986	900.956
522.506	587.855	80.102	19.997	100.654	20.191	-2.416	0.966	900.959
523.005	588.357	80.100	19.997	100.652	20.190	-2.357	0.991	900.957
523.505	588.851	80.104	19.997	100.655	20.190	-2.398	0.997	900.949
524.006	589.354	80.105	19.997	100.657	20.191	-2.492	0.997	900.947
524.506	589.859	80.104	19.998	100.660	20.191	-2.585	1.008	900.969
525.005	590.373	80.103	19.998	100.661	20.189	-2.460	1.020	900.935
525.505	590.859	80.102	19.997	100.664	20.191	-2.785	1.001	900.959
526.005	591.375	80.103	19.997	100.662	20.191	-2.701	1.002	900.957
526.505	591.859	80.102	19.999	100.658	20.191	-2.808	0.999	900.970
527.006	592.339	80.102	19.998	100.655	20.193	-2.942	0.964	900.964
527.505	592.836	80.102	19.998	100.653	20.189	-2.628	0.977	900.968
528.005	593.318	80.100	19.998	100.651	20.190	-2.610	0.978	900.960
528.506	593.850	80.101	19.998	100.648	20.189	-2.538	1.014	900.990
529.005	594.332	80.104	19.998	100.647	0.000	0.000	1.015	900.958
529.505	594.839	80.104	19.998	100.647	0.000	0.000	0.989	900.990
530.005	595.317	80.103	19.997	100.649	0.000	0.000	0.985	900.956
530.505	595.899	80.100	19.997	100.652	0.000	0.000	1.060	900.985
531.005	596.342	80.100	19.997	100.654	0.000	0.000	1.025	901.008
531.506	596.849	80.103	19.997	100.658	0.000	0.000	0.949	901.014
532.006	597.369	80.102	19.998	100.658	0.000	0.000	1.026	900.972
532.506	597.854	80.103	19.997	100.663	0.000	0.000	1.005	900.972
533.005	598.349	80.105	19.997	100.667	0.000	0.000	0.981	900.996
533.505	598.860	80.103	19.996	100.669	0.000	0.000	1.007	901.040
534.005	599.340	80.104	19.996	100.669	0.000	0.000	0.991	900.991
534.505	599.819	80.105	19.997	100.669	0.000	0.000	0.959	900.991
535.005	600.350	80.104	19.997	100.664	0.000	0.000	1.009	901.010
535.506	600.808	80.103	19.998	100.661	0.000	0.000	0.988	900.976
536.006	601.288	80.101	19.998	100.665	0.000	0.000	0.938	900.983
536.506	601.841	80.100	19.998	100.669	0.000	0.000	1.033	900.936
537.005	602.320	80.101	19.998	100.669	0.000	0.000	1.032	900.995
537.505	602.823	80.100	19.999	100.665	0.000	0.000	0.982	900.989
538.005	603.341	80.101	19.998	100.662	0.000	0.000	1.021	900.995
538.506	603.823	80.101	19.998	100.656	0.000	0.000	0.999	901.026
