File Name:	PMMA_CN_20mm_60Kmin_4mg_R2.txt	Version: 8.3.7.3						
Date:	14 Aug 2024
Operator:	KH
Test ID:	PMMA_CN_20mm_4mg_60K_R2
Sample ID:	PMMA_CN_20mm_4mg
Sample Mass (mg):	4.1000
Sample Cup Mass (mg):	182.1900
End Total Mass (mg):
Heating Rate (C/s):	1.0000
Combuster Temperature (C):	900.0
N2 Flow Rate (cc/min):	80.0
O2 Flow Rate (cc/min):	20.0
Calibration File:	Coeff.txt
T Correction Coefficients:	0.308738730	0.013615500	0.000000000
Time Shift (s):	10.0
Pre-Test Comments:
Post-Test Comments:
Baseline Flow:	100.088
Baseline O2:	20.266
Instrument ID:	2700
@
Time (s)	Temperature (C)	N2 Flow (cc/min)	O2 Flow (cc/min)	Total Flow (cc/min)	Oxygen (%)	HRR (W/g)	Heating Rate (C/s)	Combustor Temp (C)
0.000	75.104	80.097	19.975	100.088	20.289	-10.617	-0.014	899.526
0.500	75.126	80.098	19.976	100.066	20.271	-9.333	0.024	899.510
1.000	75.144	80.100	19.975	100.047	20.253	-7.997	0.039	899.498
1.499	75.148	80.098	19.975	100.048	20.225	-5.899	0.022	899.520
2.000	75.174	80.101	19.974	100.089	20.210	-4.711	0.030	899.504
2.500	75.196	80.101	19.974	100.159	20.194	-3.388	0.048	899.527
3.000	75.234	80.098	19.975	100.254	20.184	-2.594	0.061	899.506
3.499	75.301	80.099	19.975	100.368	20.172	-1.697	0.104	899.482
4.000	75.360	80.100	19.975	100.486	20.167	-1.262	0.125	899.549
4.500	75.429	80.099	19.976	100.581	20.160	-0.755	0.128	899.520
4.999	75.497	80.100	19.976	100.654	20.155	-0.814	0.137	899.523
5.499	75.580	80.100	19.975	100.715	20.153	-1.645	0.151	899.491
6.000	75.677	80.100	19.976	100.758	20.150	-2.829	0.180	899.536
6.500	75.748	80.100	19.976	100.788	20.152	-4.640	0.167	899.509
7.000	75.825	80.097	19.976	100.809	20.151	-6.392	0.148	899.494
7.500	75.951	80.097	19.976	100.817	20.149	-8.065	0.203	899.492
8.000	76.082	80.096	19.976	100.818	20.149	-9.722	0.257	899.510
8.500	76.163	80.095	19.977	100.823	20.149	-10.804	0.212	899.522
9.000	76.323	80.096	19.975	100.820	20.148	-11.267	0.241	899.489
9.500	76.457	80.095	19.975	100.812	20.147	-11.440	0.294	899.499
10.000	76.577	80.096	19.976	100.810	20.141	-10.911	0.254	899.481
10.500	76.725	80.096	19.975	100.806	20.131	-9.805	0.268	899.494
11.000	76.849	80.096	19.976	100.802	20.109	-7.682	0.272	899.495
11.500	77.013	80.098	19.977	100.803	20.076	-4.684	0.288	899.503
12.000	77.205	80.099	19.976	100.810	20.050	-2.107	0.356	899.493
12.500	77.365	80.097	19.975	100.844	20.022	0.580	0.351	899.492
13.000	77.544	80.098	19.975	100.926	20.001	2.745	0.339	899.478
13.500	77.797	80.098	19.975	101.044	19.992	3.880	0.432	899.490
14.000	78.022	80.098	19.975	101.183	19.986	4.897	0.478	899.483
14.500	78.309	80.102	19.974	101.331	19.985	5.591	0.512	899.479
15.000	78.540	80.099	19.974	101.460	19.992	5.510	0.518	899.479
15.500	78.838	80.098	19.975	101.552	19.996	5.641	0.529	899.463
16.000	79.191	80.096	19.974	101.607	19.998	5.846	0.651	899.461
16.501	79.490	80.096	19.975	101.631	20.008	5.529	0.653	899.480
17.000	79.827	80.098	19.976	101.635	20.011	5.741	0.636	899.495
17.499	80.198	80.097	19.976	101.622	20.018	5.468	0.708	899.435
18.000	80.538	80.098	19.976	101.585	20.026	5.313	0.711	899.462
18.500	80.915	80.101	19.976	101.549	20.033	5.165	0.717	899.464
19.000	81.293	80.100	19.975	101.513	20.040	5.037	0.755	899.473
19.500	81.687	80.101	19.977	101.474	20.045	5.034	0.771	899.459
20.000	82.111	80.102	19.977	101.433	20.053	4.675	0.818	899.463
20.499	82.479	80.101	19.976	101.397	20.054	4.791	0.792	899.459
20.999	82.916	80.101	19.975	101.359	20.064	4.302	0.806	899.479
21.499	83.352	80.098	19.975	101.321	20.066	4.287	0.873	899.442
21.999	83.746	80.098	19.975	101.279	20.072	3.974	0.830	899.428
22.499	84.195	80.101	19.975	101.249	20.078	3.624	0.843	899.449
23.000	84.642	80.099	19.975	101.222	20.083	3.410	0.895	899.475
23.500	85.082	80.100	19.975	101.190	20.088	3.156	0.887	899.468
24.000	85.554	80.099	19.975	101.164	20.092	2.964	0.913	899.419
24.500	86.005	80.097	19.975	101.141	20.094	2.917	0.923	899.445
25.000	86.484	80.098	19.975	101.115	20.098	2.764	0.930	899.429
25.499	86.962	80.100	19.975	101.083	20.100	2.715	0.957	899.441
26.000	87.433	80.099	19.974	101.056	20.104	2.542	0.949	899.421
26.500	87.899	80.099	19.975	101.026	20.106	2.505	0.937	899.428
26.999	88.404	80.098	19.975	101.003	20.112	2.202	0.970	899.410
27.500	88.893	80.098	19.975	100.986	20.118	1.865	0.994	899.432
28.000	89.364	80.097	19.975	100.973	20.119	1.833	0.960	899.424
28.500	89.854	80.096	19.975	100.959	20.119	1.971	0.960	899.412
29.000	90.397	80.098	19.975	100.951	20.123	1.837	1.033	899.433
29.500	90.862	80.098	19.974	100.941	20.124	1.884	1.008	899.467
30.000	91.361	80.098	19.973	100.928	20.129	1.547	0.964	899.455
30.500	91.849	80.101	19.974	100.918	20.129	1.577	0.987	899.431
31.001	92.369	80.102	19.974	100.914	20.133	1.337	1.007	899.431
31.501	92.866	80.100	19.973	100.905	20.133	1.379	1.018	899.415
32.000	93.382	80.097	19.974	100.897	20.132	1.440	1.014	899.403
32.500	93.921	80.095	19.974	100.887	20.136	1.225	1.055	899.411
33.000	94.416	80.097	19.973	100.876	20.141	0.963	1.034	899.428
33.500	94.910	80.097	19.974	100.865	20.143	0.950	0.988	899.401
34.001	95.434	80.095	19.973	100.859	20.146	0.828	1.017	899.442
34.501	95.970	80.098	19.974	100.852	20.146	1.000	1.061	899.390
35.000	96.438	80.098	19.974	100.846	20.145	1.102	1.006	899.395
35.499	96.993	80.098	19.973	100.841	20.145	1.175	1.023	899.412
36.000	97.521	80.098	19.974	100.830	20.150	0.774	1.081	899.440
36.500	98.009	80.099	19.974	100.817	20.151	0.774	1.015	899.395
37.000	98.540	80.098	19.974	100.810	20.153	0.662	1.021	899.395
37.500	99.077	80.099	19.975	100.806	20.154	0.475	1.069	899.414
37.999	99.639	80.097	19.975	100.801	20.154	0.566	1.099	899.389
38.500	100.150	80.098	19.974	100.802	20.158	0.351	1.072	899.390
39.000	100.654	80.099	19.975	100.802	20.159	0.382	1.014	899.364
39.500	101.192	80.097	19.976	100.799	20.163	0.163	1.042	899.398
40.000	101.708	80.099	19.975	100.790	20.161	0.368	1.054	899.397
40.500	102.250	80.098	19.975	100.781	20.162	0.437	1.058	899.399
41.000	102.793	80.096	19.975	100.770	20.162	0.580	1.086	899.379
41.500	103.293	80.098	19.975	100.764	20.166	0.234	1.044	899.379
42.000	103.817	80.100	19.975	100.754	20.163	0.476	1.024	899.393
42.500	104.344	80.099	19.974	100.751	20.165	0.289	1.051	899.410
43.000	104.922	80.098	19.975	100.750	20.163	0.489	1.105	899.388
43.499	105.446	80.097	19.975	100.749	20.169	0.054	1.102	899.393
44.000	105.967	80.098	19.974	100.746	20.171	-0.067	1.044	899.372
44.500	106.495	80.098	19.975	100.749	20.170	0.088	1.049	899.373
45.000	107.045	80.098	19.976	100.750	20.170	0.133	1.078	899.385
45.500	107.577	80.100	19.975	100.747	20.172	-0.058	1.081	899.382
46.001	108.107	80.099	19.975	100.737	20.172	-0.077	1.061	899.413
46.501	108.626	80.098	19.975	100.732	20.174	-0.225	1.050	899.362
47.000	109.166	80.101	19.975	100.722	20.169	0.154	1.060	899.354
47.500	109.692	80.100	19.975	100.712	20.175	-0.271	1.066	899.374
48.000	110.221	80.100	19.974	100.706	20.177	-0.383	1.055	899.361
48.500	110.763	80.099	19.975	100.702	20.173	-0.063	1.071	899.390
49.000	111.296	80.097	19.975	100.704	20.178	-0.273	1.074	899.380
49.500	111.853	80.098	19.975	100.708	20.178	-0.260	1.091	899.379
50.000	112.367	80.096	19.976	100.705	20.179	-0.227	1.071	899.362
50.500	112.918	80.098	19.977	100.704	20.180	-0.249	1.064	899.358
51.000	113.447	80.100	19.976	100.705	20.182	-0.348	1.080	899.399
51.500	113.982	80.098	19.976	100.697	20.180	-0.168	1.064	899.366
52.001	114.525	80.099	19.976	100.691	20.179	-0.103	1.077	899.341
52.501	115.064	80.101	19.976	100.692	20.181	-0.091	1.082	899.374
53.000	115.592	80.101	19.977	100.691	20.183	-0.246	1.068	899.376
53.500	116.115	80.101	19.976	100.695	20.184	-0.294	1.051	899.376
54.000	116.647	80.099	19.976	100.698	20.186	-0.398	1.055	899.363
54.500	117.183	80.099	19.976	100.694	20.182	-0.089	1.067	899.388
55.000	117.747	80.100	19.976	100.692	20.183	-0.128	1.100	899.391
55.501	118.252	80.098	19.976	100.691	20.186	-0.436	1.070	899.386
56.000	118.779	80.098	19.977	100.683	20.185	-0.333	1.032	899.344
56.500	119.316	80.099	19.977	100.673	20.185	-0.238	1.063	899.376
57.001	119.866	80.096	19.976	100.673	20.183	-0.188	1.086	899.401
57.501	120.446	80.097	19.976	100.665	20.186	-0.383	1.130	899.387
58.001	120.939	80.099	19.976	100.658	20.187	-0.432	1.074	899.346
58.500	121.492	80.099	19.976	100.656	20.188	-0.477	1.047	899.368
59.000	121.990	80.099	19.976	100.661	20.187	-0.455	1.052	899.361
59.500	122.521	80.097	19.976	100.654	20.187	-0.513	1.029	899.346
60.000	123.068	80.097	19.977	100.648	20.184	-0.226	1.077	899.371
60.500	123.609	80.099	19.976	100.646	20.187	-0.497	1.088	899.383
61.000	124.150	80.096	19.976	100.645	20.188	-0.598	1.082	899.361
61.501	124.668	80.098	19.977	100.638	20.184	-0.347	1.058	899.376
62.001	125.198	80.100	19.976	100.641	20.186	-0.379	1.047	899.397
62.501	125.700	80.098	19.975	100.646	20.186	-0.278	1.032	899.376
63.001	126.282	80.099	19.975	100.645	20.186	-0.218	1.085	899.398
63.500	126.786	80.100	19.974	100.638	20.189	-0.407	1.086	899.416
64.000	127.323	80.099	19.976	100.640	20.190	-0.450	1.041	899.386
64.501	127.866	80.098	19.976	100.640	20.184	0.034	1.081	899.363
65.000	128.341	80.099	19.975	100.640	20.186	-0.156	1.019	899.347
65.500	128.861	80.101	19.975	100.639	20.183	0.102	0.995	899.400
66.000	129.406	80.101	19.975	100.641	20.181	0.274	1.065	899.385
66.500	129.950	80.101	19.975	100.640	20.185	0.036	1.087	899.367
67.000	130.523	80.100	19.975	100.641	20.184	0.047	1.116	899.374
67.500	130.993	80.098	19.975	100.643	20.184	0.114	1.044	899.381
68.000	131.531	80.097	19.974	100.645	20.187	-0.105	1.007	899.409
68.501	132.085	80.099	19.974	100.647	20.186	-0.090	1.091	899.349
69.001	132.585	80.101	19.974	100.648	20.183	0.131	1.055	899.379
69.500	133.120	80.099	19.975	100.637	20.185	0.061	1.035	899.357
70.000	133.646	80.101	19.974	100.628	20.185	0.103	1.061	899.390
70.500	134.168	80.098	19.974	100.626	20.183	0.192	1.048	899.384
71.000	134.729	80.098	19.975	100.625	20.182	0.295	1.082	899.395
71.501	135.221	80.099	19.975	100.622	20.180	0.529	1.053	899.351
72.001	135.750	80.099	19.975	100.625	20.181	0.379	1.022	899.391
72.500	136.262	80.100	19.976	100.628	20.179	0.586	1.042	899.383
73.000	136.806	80.100	19.976	100.624	20.183	0.376	1.056	899.387
73.501	137.316	80.101	19.975	100.616	20.182	0.475	1.053	899.364
74.000	137.858	80.103	19.975	100.618	20.179	0.712	1.052	899.407
74.500	138.380	80.102	19.974	100.622	20.181	0.578	1.064	899.373
75.001	138.854	80.102	19.975	100.618	20.182	0.498	0.996	899.363
75.501	139.400	80.101	19.975	100.622	20.177	0.875	1.020	899.385
76.001	139.930	80.098	19.975	100.625	20.178	0.733	1.076	899.404
76.501	140.451	80.099	19.975	100.615	20.179	0.727	1.052	899.390
77.000	140.979	80.099	19.975	100.612	20.178	0.758	1.050	899.369
77.500	141.497	80.099	19.975	100.614	20.179	0.684	1.046	899.378
78.000	142.006	80.101	19.976	100.614	20.182	0.529	1.027	899.397
78.500	142.538	80.098	19.976	100.612	20.181	0.636	1.040	899.382
79.001	143.062	80.097	19.975	100.614	20.184	0.465	1.055	899.363
79.501	143.573	80.099	19.975	100.610	20.180	0.696	1.035	899.378
80.001	144.107	80.099	19.974	100.608	20.181	0.676	1.046	899.376
80.501	144.631	80.099	19.975	100.601	20.179	0.812	1.058	899.364
81.001	145.188	80.100	19.975	100.599	20.178	0.902	1.081	899.390
81.501	145.675	80.100	19.975	100.599	20.178	0.951	1.045	899.380
82.000	146.192	80.101	19.975	100.598	20.179	0.911	1.004	899.361
82.500	146.720	80.101	19.974	100.600	20.182	0.746	1.044	899.381
83.001	147.223	80.099	19.974	100.603	20.182	0.789	1.030	899.359
83.501	147.731	80.100	19.975	100.604	20.179	1.023	1.012	899.379
84.000	148.257	80.098	19.975	100.602	20.178	1.084	1.034	899.371
84.501	148.770	80.099	19.975	100.603	20.177	1.134	1.037	899.364
85.001	149.296	80.101	19.974	100.600	20.177	1.128	1.039	899.385
85.501	149.784	80.100	19.973	100.598	20.177	1.146	1.015	899.345
86.000	150.320	80.099	19.975	100.596	20.176	1.297	1.025	899.371
86.500	150.830	80.099	19.975	100.596	20.178	1.229	1.046	899.355
87.000	151.366	80.098	19.974	100.594	20.181	0.975	1.046	899.384
87.500	151.898	80.100	19.975	100.592	20.178	1.163	1.068	899.341
88.001	152.399	80.098	19.975	100.594	20.177	1.150	1.033	899.366
88.501	152.903	80.098	19.974	100.592	20.180	0.988	1.005	899.352
89.001	153.418	80.099	19.975	100.591	20.178	1.065	1.019	899.342
89.500	153.951	80.098	19.975	100.587	20.177	1.053	1.048	899.367
90.001	154.475	80.099	19.975	100.585	20.177	1.128	1.057	899.355
90.501	154.978	80.101	19.975	100.579	20.176	1.154	1.027	899.343
91.001	155.517	80.101	19.975	100.582	20.174	1.425	1.042	899.364
91.501	156.007	80.100	19.974	100.582	20.176	1.325	1.029	899.374
92.000	156.534	80.097	19.974	100.584	20.176	1.417	1.018	899.347
92.500	157.061	80.097	19.974	100.582	20.173	1.661	1.055	899.342
93.000	157.531	80.098	19.974	100.584	20.175	1.404	0.996	899.364
93.500	158.074	80.097	19.974	100.574	20.172	1.648	1.013	899.346
94.000	158.613	80.098	19.974	100.567	20.172	1.569	1.082	899.344
94.500	159.086	80.098	19.975	100.568	20.172	1.527	1.011	899.358
95.001	159.589	80.097	19.976	100.574	20.174	1.374	0.976	899.367
95.501	160.113	80.100	19.975	100.580	20.173	1.403	1.027	899.364
96.000	160.679	80.100	19.975	100.584	20.170	1.737	1.090	899.385
96.501	161.151	80.099	19.975	100.589	20.169	1.878	1.037	899.389
97.001	161.692	80.099	19.975	100.587	20.172	1.596	1.013	899.358
97.500	162.178	80.098	19.976	100.583	20.173	1.571	1.027	899.380
98.000	162.724	80.098	19.974	100.580	20.174	1.520	1.033	899.355
98.500	163.196	80.099	19.975	100.578	20.172	1.631	1.019	899.347
99.000	163.708	80.098	19.976	100.572	20.171	1.612	0.983	899.359
99.500	164.201	80.098	19.975	100.568	20.169	1.807	1.004	899.330
100.001	164.739	80.099	19.976	100.565	20.169	1.815	1.032	899.370
100.500	165.247	80.100	19.976	100.568	20.168	1.928	1.047	899.334
101.000	165.747	80.101	19.975	100.575	20.168	2.049	1.008	899.337
101.501	166.255	80.102	19.975	100.582	20.168	2.132	1.007	899.363
102.001	166.754	80.099	19.975	100.585	20.169	2.175	1.007	899.350
102.500	167.295	80.097	19.975	100.587	20.168	2.288	1.040	899.376
103.000	167.803	80.097	19.975	100.578	20.166	2.430	1.050	899.327
103.500	168.309	80.098	19.975	100.571	20.166	2.493	1.014	899.375
104.000	168.801	80.098	19.976	100.571	20.163	2.646	0.998	899.336
104.500	169.319	80.097	19.976	100.575	20.160	2.886	1.009	899.353
105.001	169.839	80.099	19.976	100.574	20.159	3.028	1.036	899.353
105.501	170.368	80.099	19.976	100.576	20.157	3.262	1.049	899.339
106.001	170.849	80.101	19.976	100.577	20.158	3.219	1.011	899.360
106.501	171.348	80.101	19.975	100.579	20.156	3.365	0.979	899.357
107.002	171.882	80.100	19.974	100.577	20.157	3.318	1.033	899.348
107.501	172.379	80.098	19.974	100.577	20.156	3.319	1.032	899.322
108.001	172.920	80.099	19.974	100.573	20.156	3.143	1.038	899.360
108.502	173.410	80.097	19.975	100.566	20.155	3.172	1.031	899.358
109.001	173.944	80.100	19.975	100.556	20.156	3.123	1.024	899.365
109.501	174.456	80.099	19.975	100.546	20.154	3.381	1.046	899.343
110.001	174.979	80.097	19.977	100.546	20.157	3.189	1.036	899.347
110.500	175.486	80.100	19.975	100.547	20.154	3.549	1.031	899.371
111.000	175.981	80.098	19.975	100.550	20.154	3.720	1.002	899.371
111.501	176.503	80.098	19.976	100.552	20.151	3.991	1.016	899.361
112.001	177.003	80.100	19.976	100.551	20.150	4.143	1.021	899.343
112.501	177.499	80.099	19.975	100.539	20.154	3.718	0.996	899.342
113.002	178.004	80.098	19.975	100.533	20.148	4.137	1.001	899.353
113.502	178.542	80.099	19.974	100.532	20.150	4.054	1.043	899.372
114.001	179.016	80.097	19.977	100.534	20.147	4.320	1.012	899.341
114.501	179.564	80.099	19.976	100.537	20.144	4.636	1.023	899.324
115.001	180.047	80.099	19.976	100.546	20.145	4.600	1.031	899.341
115.501	180.608	80.097	19.976	100.555	20.141	4.991	1.043	899.347
116.001	181.103	80.099	19.976	100.556	20.143	4.853	1.057	899.388
116.501	181.626	80.098	19.975	100.553	20.141	4.937	1.018	899.363
117.001	182.124	80.097	19.976	100.551	20.141	4.907	1.020	899.329
117.501	182.615	80.098	19.975	100.542	20.138	5.089	0.990	899.345
118.001	183.143	80.099	19.975	100.529	20.139	4.920	1.018	899.334
118.501	183.664	80.098	19.975	100.520	20.137	5.126	1.048	899.367
119.002	184.142	80.097	19.975	100.518	20.136	5.299	1.000	899.338
119.502	184.674	80.098	19.975	100.514	20.136	5.282	1.010	899.349
120.002	185.186	80.100	19.976	100.524	20.133	5.418	1.043	899.352
120.502	185.683	80.098	19.976	100.528	20.136	5.246	1.009	899.390
121.002	186.194	80.098	19.976	100.525	20.134	5.438	1.009	899.349
121.501	186.716	80.099	19.976	100.516	20.134	5.445	1.033	899.393
122.002	187.227	80.097	19.976	100.513	20.132	5.666	1.033	899.393
122.502	187.736	80.097	19.976	100.499	20.132	5.751	1.021	899.370
123.001	188.236	80.099	19.977	100.497	20.130	5.851	1.009	899.390
123.501	188.741	80.097	19.976	100.506	20.131	5.702	1.005	899.411
124.001	189.221	80.095	19.976	100.511	20.128	5.965	0.985	899.365
124.501	189.752	80.095	19.976	100.513	20.126	6.096	1.011	899.374
125.001	190.271	80.096	19.977	100.516	20.127	6.041	1.051	899.369
125.501	190.751	80.095	19.977	100.517	20.123	6.301	0.999	899.363
126.001	191.300	80.095	19.976	100.509	20.123	6.442	1.027	899.357
126.502	191.787	80.097	19.976	100.509	20.124	6.368	1.035	899.372
127.002	192.303	80.098	19.976	100.514	20.124	6.313	1.003	899.357
127.502	192.804	80.096	19.976	100.515	20.125	6.153	1.018	899.348
128.002	193.304	80.097	19.977	100.512	20.125	6.197	1.002	899.357
128.501	193.853	80.097	19.977	100.512	20.125	6.029	1.050	899.403
129.001	194.318	80.096	19.977	100.506	20.123	6.141	1.013	899.365
129.501	194.853	80.096	19.977	100.500	20.126	5.992	0.999	899.373
130.001	195.333	80.096	19.976	100.495	20.122	6.345	1.016	899.374
130.501	195.887	80.097	19.977	100.502	20.124	6.209	1.034	899.393
131.001	196.347	80.098	19.977	100.506	20.120	6.639	1.013	899.379
131.502	196.850	80.098	19.976	100.505	20.118	6.826	0.963	899.357
132.001	197.378	80.097	19.976	100.506	20.119	6.805	1.031	899.386
132.501	197.870	80.098	19.976	100.510	20.119	6.881	1.020	899.374
133.001	198.393	80.097	19.976	100.500	20.119	6.861	1.015	899.426
133.501	198.900	80.097	19.977	100.490	20.120	6.793	1.030	899.397
134.001	199.397	80.098	19.977	100.498	20.118	6.942	1.005	899.391
134.501	199.916	80.097	19.977	100.504	20.119	7.018	1.016	899.412
135.001	200.420	80.097	19.977	100.505	20.115	7.212	1.023	899.371
135.501	200.926	80.097	19.976	100.511	20.118	6.984	1.011	899.395
136.001	201.450	80.097	19.976	100.520	20.119	6.942	1.030	899.388
136.501	201.942	80.098	19.977	100.517	20.119	6.946	1.016	899.365
137.001	202.441	80.097	19.975	100.511	20.120	6.709	0.990	899.384
137.501	202.979	80.098	19.976	100.509	20.116	6.965	1.037	899.362
138.001	203.489	80.096	19.977	100.505	20.119	6.748	1.048	899.413
138.501	203.978	80.096	19.976	100.493	20.116	6.909	0.999	899.362
139.001	204.487	80.099	19.976	100.494	20.117	6.834	0.998	899.369
139.501	204.989	80.098	19.977	100.494	20.116	6.990	1.011	899.373
140.001	205.492	80.096	19.977	100.486	20.115	7.036	1.005	899.396
140.501	206.031	80.095	19.977	100.490	20.114	7.180	1.042	899.387
141.001	206.533	80.095	19.975	100.491	20.115	7.229	1.041	899.372
141.501	207.040	80.095	19.975	100.482	20.115	7.275	1.010	899.393
142.001	207.549	80.097	19.976	100.477	20.115	7.349	1.016	899.412
142.501	208.038	80.097	19.975	100.487	20.110	7.801	0.998	899.352
143.001	208.539	80.099	19.975	100.484	20.114	7.548	0.989	899.386
143.502	209.036	80.098	19.976	100.482	20.112	7.692	0.998	899.375
144.001	209.555	80.098	19.976	100.485	20.110	7.834	1.017	899.345
144.501	210.058	80.101	19.976	100.497	20.107	7.963	1.022	899.365
145.001	210.561	80.101	19.977	100.497	20.109	7.646	1.006	899.377
145.501	211.054	80.100	19.977	100.500	20.109	7.515	0.995	899.383
146.002	211.586	80.097	19.976	100.506	20.110	7.405	1.025	899.381
146.501	212.110	80.097	19.976	100.504	20.107	7.555	1.057	899.379
147.001	212.588	80.100	19.975	100.491	20.106	7.659	1.003	899.369
147.501	213.115	80.099	19.976	100.492	20.107	7.654	1.005	899.372
148.001	213.624	80.099	19.975	100.488	20.107	7.679	1.036	899.420
148.501	214.139	80.100	19.976	100.483	20.107	7.805	1.023	899.377
149.001	214.668	80.099	19.976	100.481	20.106	8.031	1.043	899.390
149.501	215.154	80.099	19.975	100.476	20.103	8.352	1.015	899.373
150.001	215.671	80.100	19.975	100.464	20.100	8.572	1.003	899.398
150.501	216.166	80.099	19.976	100.464	20.102	8.359	1.012	899.372
151.002	216.653	80.099	19.975	100.468	20.100	8.482	0.982	899.407
151.502	217.183	80.099	19.975	100.472	20.100	8.516	1.017	899.413
152.002	217.692	80.098	19.975	100.484	20.101	8.389	1.039	899.401
152.501	218.203	80.099	19.975	100.493	20.099	8.551	1.020	899.404
153.001	218.710	80.098	19.976	100.496	20.100	8.519	1.018	899.418
153.501	219.175	80.099	19.975	100.501	20.099	8.655	0.972	899.354
154.001	219.717	80.100	19.975	100.507	20.099	8.710	1.007	899.395
154.501	220.210	80.099	19.977	100.502	20.100	8.447	1.035	899.421
155.001	220.701	80.098	19.975	100.498	20.095	8.798	0.984	899.395
155.501	221.255	80.099	19.977	100.493	20.094	8.893	1.045	899.380
156.001	221.734	80.098	19.977	100.483	20.092	8.991	1.032	899.393
156.502	222.239	80.097	19.976	100.471	20.093	8.959	0.984	899.404
157.001	222.717	80.099	19.976	100.467	20.093	8.991	0.984	899.374
157.501	223.233	80.099	19.977	100.466	20.090	9.374	0.994	899.409
158.001	223.723	80.099	19.976	100.473	20.092	9.316	1.006	899.389
158.501	224.238	80.098	19.977	100.479	20.087	9.864	1.006	899.402
159.001	224.725	80.097	19.976	100.480	20.090	9.731	1.001	899.416
159.501	225.254	80.097	19.975	100.478	20.083	10.254	1.015	899.410
160.001	225.731	80.096	19.975	100.476	20.084	10.150	1.006	899.422
160.502	226.246	80.099	19.975	100.469	20.084	10.136	0.991	899.427
161.002	226.738	80.100	19.975	100.464	20.087	9.878	1.007	899.397
161.501	227.255	80.097	19.976	100.470	20.085	9.816	1.010	899.412
162.001	227.757	80.098	19.975	100.480	20.084	9.895	1.018	899.383
162.502	228.261	80.096	19.975	100.482	20.085	9.809	1.005	899.385
163.002	228.808	80.097	19.976	100.481	20.080	10.250	1.053	899.396
163.501	229.301	80.099	19.975	100.482	20.087	9.822	1.042	899.401
164.001	229.779	80.098	19.976	100.477	20.086	9.891	0.970	899.402
164.501	230.281	80.100	19.976	100.470	20.087	9.812	0.980	899.382
165.001	230.800	80.100	19.975	100.461	20.084	10.058	1.021	899.389
165.501	231.273	80.097	19.976	100.456	20.086	9.846	0.991	899.387
166.002	231.801	80.099	19.976	100.443	20.081	10.263	1.001	899.361
166.502	232.300	80.100	19.976	100.439	20.082	10.163	1.027	899.372
167.001	232.820	80.100	19.977	100.435	20.083	10.163	1.019	899.383
167.501	233.300	80.098	19.977	100.443	20.083	10.168	1.001	899.419
168.001	233.812	80.098	19.976	100.447	20.084	10.044	0.993	899.400
168.501	234.327	80.099	19.975	100.457	20.082	10.148	1.027	899.407
169.001	234.794	80.099	19.976	100.464	20.084	9.929	0.982	899.385
169.502	235.318	80.097	19.976	100.466	20.085	9.854	0.990	899.390
170.002	235.826	80.099	19.975	100.459	20.085	9.865	1.032	899.394
170.501	236.330	80.097	19.975	100.457	20.088	9.771	1.013	899.388
171.001	236.840	80.096	19.975	100.452	20.085	10.009	1.014	899.421
171.502	237.328	80.099	19.975	100.448	20.088	9.775	0.998	899.449
172.002	237.870	80.102	19.975	100.449	20.091	9.655	1.030	899.434
172.501	238.314	80.101	19.975	100.450	20.090	9.706	0.987	899.396
173.001	238.834	80.098	19.976	100.453	20.091	9.711	0.964	899.408
173.501	239.363	80.095	19.975	100.455	20.092	9.613	1.049	899.414
174.001	239.845	80.096	19.975	100.453	20.091	9.746	1.012	899.387
174.501	240.338	80.097	19.976	100.444	20.095	9.513	0.975	899.405
175.001	240.857	80.096	19.976	100.449	20.096	9.409	1.012	899.395
175.501	241.388	80.099	19.977	100.449	20.096	9.442	1.049	899.392
176.002	241.875	80.099	19.976	100.454	20.099	9.081	1.018	899.411
176.502	242.378	80.098	19.976	100.460	20.101	8.903	0.990	899.422
177.002	242.870	80.101	19.976	100.464	20.104	8.630	0.994	899.422
177.502	243.369	80.100	19.975	100.454	20.104	8.620	0.992	899.426
178.002	243.875	80.099	19.976	100.449	20.104	8.609	1.006	899.427
178.502	244.422	80.098	19.976	100.445	20.108	8.335	1.053	899.408
179.002	244.909	80.097	19.975	100.442	20.111	8.041	1.033	899.436
179.502	245.414	80.099	19.975	100.443	20.110	8.139	0.991	899.449
180.001	245.875	80.098	19.976	100.448	20.111	8.243	0.966	899.461
180.502	246.424	80.096	19.975	100.439	20.115	8.071	1.010	899.467
181.002	246.902	80.099	19.977	100.434	20.114	8.101	1.027	899.413
181.502	247.423	80.097	19.976	100.430	20.114	8.114	0.999	899.426
182.002	247.954	80.098	19.977	100.428	20.115	7.959	1.052	899.417
182.502	248.430	80.099	19.976	100.427	20.118	7.722	1.007	899.446
183.002	248.913	80.097	19.975	100.438	20.117	7.637	0.960	899.402
183.501	249.434	80.098	19.976	100.441	20.119	7.453	1.004	899.444
184.002	249.927	80.100	19.977	100.443	20.120	7.346	1.013	899.451
184.501	250.428	80.101	19.975	100.447	20.122	7.305	0.994	899.434
185.001	250.923	80.100	19.975	100.448	20.122	7.304	0.997	899.432
185.501	251.461	80.098	19.974	100.447	20.123	7.269	1.033	899.436
186.001	251.977	80.098	19.975	100.447	20.121	7.434	1.053	899.460
186.501	252.443	80.099	19.975	100.447	20.125	7.105	0.982	899.433
187.001	252.956	80.098	19.974	100.442	20.126	6.985	0.979	899.477
187.502	253.441	80.100	19.975	100.432	20.126	6.932	0.998	899.457
188.002	253.964	80.101	19.975	100.422	20.129	6.699	1.008	899.454
188.502	254.464	80.103	19.974	100.423	20.128	6.791	1.023	899.454
189.002	254.991	80.103	19.975	100.426	20.129	6.695	1.027	899.460
189.502	255.458	80.100	19.976	100.430	20.131	6.534	0.995	899.439
190.002	256.001	80.099	19.976	100.442	20.130	6.616	1.010	899.461
190.501	256.490	80.100	19.975	100.452	20.131	6.638	1.031	899.442
191.002	256.979	80.098	19.976	100.450	20.131	6.677	0.978	899.429
191.502	257.476	80.098	19.976	100.445	20.133	6.535	0.986	899.478
192.002	257.995	80.099	19.977	100.441	20.135	6.362	1.016	899.454
192.502	258.466	80.098	19.976	100.438	20.132	6.645	0.989	899.452
193.002	258.986	80.100	19.976	100.437	20.133	6.480	0.991	899.472
193.501	259.485	80.100	19.977	100.436	20.132	6.588	1.020	899.428
194.001	259.995	80.100	19.977	100.439	20.128	6.864	1.009	899.429
194.501	260.498	80.098	19.977	100.441	20.129	6.789	1.012	899.460
195.002	260.961	80.098	19.978	100.445	20.129	6.808	0.965	899.474
195.502	261.501	80.099	19.977	100.449	20.127	6.950	1.003	899.473
196.002	261.996	80.102	19.976	100.448	20.129	6.932	1.035	899.487
196.503	262.513	80.100	19.976	100.445	20.127	7.063	1.012	899.460
197.002	262.997	80.101	19.976	100.445	20.127	7.055	1.001	899.439
197.502	263.494	80.101	19.976	100.442	20.130	6.824	0.982	899.453
198.002	263.978	80.098	19.975	100.437	20.125	7.253	0.982	899.450
198.502	264.514	80.099	19.975	100.438	20.124	7.380	1.019	899.483
199.002	265.012	80.099	19.975	100.439	20.125	7.342	1.034	899.465
199.502	265.502	80.099	19.976	100.436	20.122	7.530	0.988	899.472
200.002	265.998	80.098	19.975	100.435	20.124	7.407	0.986	899.463
200.501	266.525	80.098	19.976	100.441	20.118	7.871	1.024	899.460
201.001	266.988	80.101	19.975	100.441	20.122	7.526	0.989	899.481
201.502	267.532	80.102	19.976	100.439	20.119	7.806	1.007	899.499
202.002	268.025	80.097	19.975	100.440	20.120	7.693	1.038	899.493
202.501	268.538	80.099	19.975	100.439	20.117	7.888	1.007	899.492
203.001	269.011	80.096	19.976	100.435	20.115	8.009	0.985	899.476
203.502	269.510	80.097	19.975	100.433	20.119	7.733	0.972	899.498
204.002	270.030	80.100	19.975	100.433	20.112	8.283	1.020	899.498
204.501	270.527	80.100	19.976	100.432	20.111	8.343	1.017	899.497
205.001	271.018	80.099	19.976	100.431	20.112	8.274	0.988	899.495
205.502	271.505	80.097	19.976	100.428	20.112	8.374	0.977	899.486
206.002	272.019	80.099	19.977	100.429	20.111	8.450	1.000	899.470
206.502	272.489	80.099	19.976	100.426	20.111	8.487	0.984	899.479
207.002	273.008	80.100	19.976	100.422	20.111	8.496	0.990	899.465
207.502	273.533	80.099	19.976	100.423	20.110	8.581	1.045	899.489
208.002	274.024	80.098	19.975	100.425	20.109	8.670	1.016	899.489
208.501	274.492	80.097	19.976	100.425	20.106	8.877	0.958	899.494
209.002	275.016	80.096	19.976	100.427	20.104	9.062	0.991	899.494
209.502	275.506	80.100	19.975	100.427	20.101	9.245	1.014	899.488
210.002	275.985	80.100	19.975	100.426	20.101	9.272	0.969	899.495
210.502	276.498	80.100	19.975	100.428	20.099	9.423	0.992	899.476
211.002	276.986	80.101	19.975	100.430	20.099	9.406	1.001	899.490
211.502	277.479	80.100	19.976	100.428	20.097	9.591	0.981	899.474
212.002	278.011	80.102	19.975	100.428	20.100	9.334	1.024	899.487
212.503	278.492	80.102	19.975	100.423	20.097	9.608	1.012	899.457
213.003	279.002	80.098	19.975	100.416	20.092	9.965	0.991	899.482
213.502	279.529	80.100	19.975	100.413	20.096	9.756	1.038	899.482
214.002	279.995	80.098	19.975	100.416	20.095	9.925	0.993	899.485
214.502	280.486	80.097	19.975	100.414	20.095	9.891	0.957	899.485
215.002	280.991	80.098	19.975	100.415	20.092	10.239	0.997	899.456
215.501	281.480	80.096	19.976	100.418	20.090	10.416	0.994	899.497
216.002	281.981	80.096	19.976	100.412	20.091	10.372	0.989	899.476
216.503	282.524	80.097	19.976	100.413	20.088	10.539	1.043	899.508
217.002	283.010	80.096	19.977	100.416	20.088	10.532	1.029	899.488
217.502	283.520	80.096	19.977	100.415	20.083	10.824	0.996	899.499
218.002	284.011	80.096	19.978	100.417	20.081	10.922	1.001	899.467
218.502	284.530	80.096	19.976	100.419	20.077	11.150	1.010	899.504
219.002	285.026	80.099	19.975	100.413	20.077	11.287	1.016	899.494
219.502	285.520	80.098	19.976	100.412	20.076	11.304	0.991	899.492
220.002	286.019	80.101	19.976	100.412	20.071	11.610	0.992	899.497
220.501	286.545	80.102	19.975	100.409	20.071	11.600	1.025	899.492
221.001	287.028	80.101	19.976	100.407	20.071	11.611	1.009	899.474
221.502	287.549	80.100	19.975	100.403	20.070	11.653	1.004	899.509
222.002	288.063	80.098	19.975	100.398	20.066	11.985	1.034	899.483
222.502	288.523	80.100	19.977	100.391	20.063	12.217	0.974	899.488
223.002	289.067	80.102	19.977	100.388	20.064	12.222	1.005	899.533
223.502	289.551	80.100	19.976	100.394	20.060	12.515	1.028	899.508
224.002	290.029	80.101	19.976	100.397	20.059	12.651	0.962	899.498
224.502	290.562	80.100	19.976	100.399	20.056	12.919	1.011	899.555
225.002	291.010	80.097	19.977	100.404	20.055	13.025	0.981	899.524
225.502	291.527	80.099	19.977	100.408	20.054	13.039	0.964	899.515
226.002	292.032	80.100	19.977	100.405	20.053	13.094	1.022	899.529
226.502	292.532	80.099	19.977	100.404	20.047	13.688	1.006	899.514
227.002	293.032	80.098	19.977	100.405	20.043	14.047	1.000	899.479
227.502	293.533	80.097	19.976	100.408	20.045	13.926	1.001	899.518
228.002	294.028	80.097	19.977	100.410	20.040	14.300	0.995	899.496
228.502	294.524	80.099	19.977	100.413	20.037	14.588	0.991	899.511
229.003	295.025	80.098	19.976	100.415	20.033	14.877	0.997	899.528
229.503	295.538	80.099	19.976	100.413	20.032	14.926	1.013	899.508
230.002	296.046	80.097	19.974	100.409	20.029	15.140	1.022	899.503
230.502	296.544	80.096	19.976	100.404	20.027	15.195	1.006	899.531
231.002	297.030	80.099	19.976	100.403	20.029	15.091	0.983	899.509
231.503	297.521	80.099	19.975	100.400	20.026	15.235	0.978	899.543
232.002	298.045	80.097	19.976	100.399	20.023	15.527	1.015	899.541
232.502	298.555	80.097	19.976	100.398	20.021	15.678	1.033	899.541
233.002	299.098	80.097	19.976	100.399	20.017	15.929	1.052	899.535
233.503	299.574	80.098	19.977	100.396	20.019	15.839	1.018	899.529
234.002	300.088	80.099	19.977	100.392	20.013	16.287	0.991	899.517
234.502	300.578	80.097	19.976	100.388	20.016	16.122	1.005	899.493
235.003	301.051	80.098	19.977	100.384	20.009	16.654	0.963	899.533
235.503	301.566	80.099	19.977	100.381	20.008	16.746	0.988	899.554
236.002	302.055	80.097	19.977	100.377	20.003	17.152	1.005	899.549
236.502	302.572	80.097	19.977	100.381	20.001	17.319	1.006	899.531
237.002	303.062	80.098	19.975	100.384	20.000	17.369	1.006	899.562
237.502	303.580	80.096	19.976	100.389	19.995	17.729	1.006	899.548
238.003	304.081	80.096	19.976	100.392	19.996	17.742	1.018	899.554
238.503	304.554	80.095	19.974	100.391	19.996	17.779	0.974	899.545
239.003	305.072	80.095	19.975	100.392	19.997	17.714	0.991	899.572
239.503	305.551	80.094	19.976	100.392	19.992	18.021	0.997	899.542
240.003	306.076	80.093	19.976	100.391	19.991	18.085	1.005	899.524
240.503	306.536	80.095	19.976	100.392	19.989	18.272	0.986	899.527
241.002	307.067	80.094	19.975	100.391	19.984	18.690	0.992	899.572
241.502	307.574	80.093	19.975	100.388	19.985	18.621	1.038	899.547
242.003	308.060	80.096	19.976	100.387	19.982	18.863	0.992	899.522
242.503	308.563	80.097	19.976	100.384	19.981	18.992	0.989	899.556
243.003	309.072	80.094	19.976	100.383	19.979	19.122	1.012	899.555
243.503	309.556	80.094	19.977	100.383	19.975	19.376	0.993	899.568
244.002	310.048	80.093	19.975	100.381	19.979	18.978	0.977	899.548
244.502	310.534	80.095	19.975	100.380	19.968	19.739	0.978	899.540
245.002	311.044	80.094	19.975	100.383	19.969	19.710	0.996	899.566
245.502	311.539	80.094	19.974	100.377	19.967	19.785	1.005	899.535
246.002	312.049	80.096	19.974	100.373	19.964	19.970	1.004	899.520
246.503	312.564	80.096	19.974	100.377	19.963	20.095	1.025	899.526
247.002	313.061	80.097	19.974	100.377	19.962	20.255	1.013	899.539
247.502	313.542	80.097	19.975	100.375	19.960	20.332	0.978	899.538
248.002	314.059	80.096	19.974	100.377	19.957	20.496	0.999	899.587
248.502	314.550	80.097	19.974	100.376	19.954	20.698	1.008	899.560
249.002	315.039	80.094	19.975	100.370	19.951	20.889	0.979	899.572
249.503	315.561	80.096	19.975	100.371	19.949	21.087	1.011	899.559
250.002	316.061	80.097	19.975	100.370	19.947	21.178	1.023	899.593
250.502	316.568	80.095	19.976	100.371	19.943	21.436	1.006	899.595
251.003	317.081	80.094	19.975	100.377	19.937	21.930	1.019	899.586
251.503	317.561	80.096	19.975	100.384	19.937	21.930	0.994	899.602
252.002	318.062	80.096	19.975	100.382	19.933	22.187	0.981	899.582
252.502	318.567	80.098	19.975	100.385	19.927	22.578	1.006	899.595
253.002	319.034	80.098	19.975	100.386	19.926	22.546	0.971	899.601
253.503	319.529	80.095	19.974	100.389	19.919	22.976	0.961	899.595
254.002	320.077	80.095	19.974	100.388	19.914	23.387	1.044	899.580
254.502	320.562	80.094	19.974	100.383	19.908	23.833	1.033	899.623
255.002	321.074	80.094	19.975	100.383	19.904	24.067	0.996	899.610
255.503	321.564	80.096	19.975	100.389	19.900	24.357	1.001	899.544
256.003	322.077	80.096	19.975	100.391	19.893	24.961	1.002	899.602
256.503	322.569	80.097	19.975	100.395	19.887	25.425	1.005	899.569
257.003	323.072	80.096	19.975	100.400	19.880	25.891	0.995	899.593
257.503	323.551	80.096	19.975	100.399	19.874	26.319	0.982	899.596
258.003	324.087	80.097	19.974	100.396	19.867	26.861	1.016	899.622
258.502	324.531	80.097	19.975	100.395	19.863	27.254	0.980	899.606
259.002	325.039	80.094	19.975	100.394	19.857	27.705	0.951	899.618
259.503	325.561	80.097	19.975	100.402	19.846	28.539	1.030	899.608
260.003	326.064	80.096	19.977	100.409	19.837	29.153	1.025	899.589
260.502	326.544	80.097	19.976	100.414	19.827	29.861	0.984	899.636
261.002	327.046	80.098	19.975	100.419	19.820	30.375	0.982	899.616
261.502	327.583	80.096	19.976	100.420	19.813	30.839	1.038	899.630
262.002	328.050	80.097	19.976	100.420	19.802	31.647	1.004	899.611
262.502	328.564	80.098	19.976	100.418	19.791	32.401	0.981	899.612
263.003	329.069	80.095	19.976	100.419	19.782	33.078	1.019	899.598
263.503	329.579	80.097	19.976	100.416	19.778	33.450	1.015	899.589
264.002	330.090	80.098	19.976	100.419	19.762	34.650	1.021	899.629
264.502	330.555	80.098	19.976	100.421	19.749	35.654	0.975	899.636
265.003	331.033	80.094	19.975	100.421	19.741	36.246	0.942	899.589
265.503	331.535	80.096	19.975	100.418	19.728	37.280	0.979	899.616
266.003	332.024	80.097	19.976	100.418	19.716	38.252	0.991	899.621
266.503	332.558	80.097	19.976	100.415	19.701	39.393	1.024	899.655
267.003	333.059	80.096	19.977	100.414	19.691	40.156	1.035	899.607
267.503	333.574	80.097	19.977	100.417	19.678	41.108	1.016	899.626
268.003	334.053	80.097	19.976	100.422	19.668	41.903	0.994	899.630
268.502	334.566	80.095	19.976	100.428	19.655	42.814	0.993	899.653
269.002	335.051	80.098	19.976	100.430	19.639	44.060	0.998	899.631
269.503	335.570	80.098	19.977	100.432	19.626	45.087	1.003	899.657
270.003	336.025	80.096	19.977	100.435	19.614	45.999	0.974	899.645
270.503	336.548	80.092	19.976	100.435	19.598	47.279	0.978	899.616
271.003	337.070	80.092	19.976	100.432	19.580	48.619	1.044	899.636
271.503	337.549	80.095	19.976	100.431	19.569	49.459	1.000	899.651
272.003	338.061	80.095	19.976	100.429	19.551	50.802	0.993	899.618
272.502	338.553	80.096	19.977	100.428	19.537	51.771	1.005	899.665
273.002	339.051	80.095	19.978	100.423	19.521	53.007	0.989	899.647
273.502	339.546	80.095	19.977	100.420	19.501	54.466	0.993	899.711
274.002	340.069	80.095	19.976	100.421	19.487	55.536	1.018	899.666
274.502	340.558	80.097	19.976	100.424	19.474	56.480	1.011	899.673
275.003	341.048	80.098	19.977	100.421	19.454	57.949	0.979	899.635
275.503	341.568	80.096	19.978	100.423	19.435	59.367	1.011	899.686
276.003	342.044	80.097	19.977	100.425	19.419	60.544	0.996	899.679
276.502	342.545	80.093	19.977	100.424	19.403	61.729	0.977	899.661
277.003	343.056	80.095	19.977	100.418	19.382	63.291	1.011	899.678
277.503	343.544	80.095	19.976	100.416	19.359	65.034	0.999	899.665
278.003	344.063	80.095	19.977	100.413	19.344	66.077	1.008	899.681
278.502	344.548	80.098	19.977	100.413	19.324	67.535	1.004	899.666
279.003	345.051	80.097	19.976	100.412	19.307	68.807	0.987	899.676
279.503	345.548	80.098	19.975	100.417	19.287	70.350	1.000	899.671
280.003	346.027	80.099	19.974	100.418	19.269	71.718	0.976	899.700
280.503	346.565	80.098	19.975	100.421	19.248	73.204	1.016	899.706
281.003	347.038	80.095	19.975	100.422	19.228	74.820	1.011	899.691
281.503	347.539	80.095	19.975	100.424	19.205	76.611	0.975	899.671
282.003	348.061	80.096	19.976	100.424	19.187	77.954	1.022	899.688
282.503	348.555	80.098	19.976	100.426	19.164	79.615	1.014	899.679
283.004	349.027	80.097	19.975	100.428	19.145	81.105	0.966	899.659
283.503	349.536	80.097	19.975	100.428	19.121	82.906	0.982	899.683
284.003	350.046	80.099	19.976	100.430	19.099	84.517	1.019	899.700
284.503	350.561	80.096	19.976	100.434	19.076	86.099	1.024	899.728
285.003	351.036	80.097	19.975	100.432	19.053	87.758	0.990	899.699
285.503	351.525	80.101	19.974	100.435	19.033	89.188	0.965	899.681
286.003	352.051	80.100	19.975	100.441	19.007	91.086	1.015	899.694
286.502	352.549	80.100	19.977	100.443	18.983	92.852	1.024	899.686
287.003	353.037	80.101	19.976	100.439	18.963	94.356	0.986	899.693
287.502	353.496	80.098	19.975	100.444	18.936	96.301	0.948	899.693
288.002	354.015	80.100	19.976	100.441	18.913	98.092	0.977	899.696
288.503	354.540	80.099	19.975	100.435	18.883	100.340	1.043	899.696
289.003	355.015	80.099	19.975	100.430	18.864	101.782	1.000	899.693
289.503	355.545	80.100	19.976	100.432	18.838	103.702	1.004	899.695
290.004	356.026	80.098	19.976	100.433	18.811	105.736	1.011	899.736
290.503	356.525	80.100	19.976	100.433	18.784	107.759	0.980	899.715
291.003	357.002	80.101	19.975	100.437	18.754	109.958	0.976	899.701
291.503	357.510	80.099	19.976	100.441	18.734	111.344	0.986	899.714
292.003	358.000	80.100	19.977	100.448	18.706	113.374	0.999	899.710
292.503	358.506	80.099	19.977	100.455	18.674	115.683	0.996	899.708
293.002	359.007	80.099	19.976	100.461	18.646	117.696	1.007	899.730
293.503	359.517	80.100	19.978	100.465	18.619	119.767	1.010	899.745
294.003	359.999	80.098	19.977	100.469	18.585	122.300	0.992	899.708
294.503	360.500	80.099	19.977	100.468	18.556	124.540	0.984	899.702
295.003	360.983	80.100	19.978	100.466	18.526	126.844	0.983	899.710
295.503	361.493	80.099	19.977	100.466	18.490	129.540	0.993	899.717
296.003	361.982	80.101	19.976	100.466	18.458	131.874	0.999	899.680
296.503	362.478	80.101	19.976	100.466	18.424	134.265	0.985	899.696
297.003	362.993	80.100	19.975	100.467	18.389	136.816	1.011	899.721
297.503	363.471	80.100	19.977	100.463	18.355	139.379	0.993	899.743
298.003	363.979	80.098	19.976	100.464	18.320	141.888	0.986	899.710
298.503	364.438	80.101	19.976	100.471	18.285	144.497	0.968	899.723
299.003	365.002	80.103	19.977	100.481	18.252	146.919	1.023	899.706
299.503	365.474	80.101	19.976	100.492	18.215	149.701	1.036	899.690
300.003	365.987	80.102	19.976	100.499	18.177	152.493	0.984	899.719
300.503	366.500	80.099	19.977	100.501	18.140	155.286	1.026	899.694
301.003	366.961	80.099	19.977	100.498	18.100	158.234	0.975	899.764
301.503	367.495	80.101	19.977	100.490	18.060	161.213	0.995	899.754
302.002	367.975	80.099	19.976	100.485	18.020	164.290	1.014	899.777
302.503	368.497	80.098	19.976	100.487	17.981	167.203	1.001	899.785
303.003	369.004	80.099	19.977	100.489	17.938	170.361	1.029	899.787
303.503	369.497	80.099	19.976	100.493	17.897	173.391	1.000	899.772
304.003	369.997	80.098	19.976	100.506	17.857	176.406	0.993	899.796
304.503	370.480	80.096	19.977	100.510	17.810	179.869	0.984	899.768
305.003	370.998	80.096	19.976	100.513	17.769	182.829	1.001	899.749
305.503	371.468	80.100	19.976	100.519	17.725	186.023	0.987	899.756
306.004	371.974	80.098	19.978	100.522	17.681	189.213	0.976	899.776
306.503	372.487	80.098	19.978	100.520	17.635	192.645	1.020	899.784
307.003	372.949	80.099	19.977	100.522	17.594	195.610	0.975	899.790
307.503	373.481	80.099	19.977	100.524	17.548	198.967	0.994	899.814
308.003	373.942	80.098	19.976	100.524	17.505	202.161	0.993	899.784
308.503	374.474	80.097	19.977	100.525	17.465	205.202	0.993	899.779
309.003	374.943	80.092	19.977	100.523	17.416	208.826	1.000	899.806
309.503	375.430	80.095	19.976	100.522	17.375	211.894	0.956	899.796
310.003	375.930	80.093	19.977	100.523	17.329	215.291	0.987	899.800
310.504	376.444	80.094	19.977	100.524	17.284	218.622	1.013	899.795
311.004	376.931	80.095	19.977	100.525	17.232	222.574	1.002	899.803
311.503	377.418	80.091	19.977	100.527	17.175	226.812	0.975	899.783
312.003	377.892	80.094	19.977	100.530	17.118	230.923	0.961	899.809
312.503	378.399	80.096	19.977	100.538	17.063	235.004	0.981	899.793
313.003	378.885	80.098	19.976	100.548	17.010	239.007	0.993	899.770
313.503	379.356	80.096	19.975	100.551	16.968	242.118	0.956	899.806
314.003	379.906	80.097	19.975	100.555	16.925	245.032	1.021	899.796
314.504	380.383	80.096	19.976	100.561	16.882	248.098	1.027	899.816
315.003	380.880	80.097	19.974	100.562	16.832	251.690	0.974	899.786
315.503	381.379	80.096	19.975	100.562	16.774	255.889	0.996	899.809
316.003	381.866	80.096	19.975	100.562	16.724	259.437	0.985	899.808
316.503	382.349	80.096	19.976	100.561	16.679	262.763	0.970	899.797
317.003	382.875	80.094	19.977	100.558	16.638	265.826	1.009	899.802
317.503	383.373	80.095	19.977	100.564	16.577	270.327	1.022	899.792
318.003	383.867	80.096	19.976	100.561	16.517	274.768	0.992	899.790
318.503	384.372	80.095	19.976	100.559	16.455	279.265	0.999	899.843
319.004	384.848	80.097	19.976	100.558	16.389	284.124	0.981	899.836
319.503	385.340	80.094	19.976	100.567	16.325	288.848	0.969	899.822
320.003	385.828	80.094	19.976	100.561	16.262	293.396	0.980	899.819
320.504	386.319	80.097	19.976	100.557	16.214	296.741	0.979	899.823
321.003	386.810	80.096	19.976	100.570	16.169	299.861	0.982	899.838
321.503	387.310	80.097	19.976	100.593	16.108	304.133	0.992	899.824
322.003	387.803	80.096	19.975	100.600	16.038	309.078	0.993	899.836
322.503	388.320	80.094	19.977	100.612	15.982	312.967	1.009	899.842
323.003	388.822	80.097	19.977	100.627	15.939	315.998	1.019	899.830
323.504	389.305	80.099	19.977	100.630	15.901	318.863	0.985	899.850
324.004	389.799	80.098	19.976	100.626	15.846	322.854	0.977	899.859
324.504	390.305	80.098	19.976	100.631	15.769	328.399	1.000	899.836
325.004	390.791	80.096	19.976	100.631	15.697	333.532	0.993	899.866
325.503	391.260	80.098	19.976	100.635	15.619	339.479	0.956	899.843
326.003	391.764	80.099	19.974	100.642	15.527	346.738	0.973	899.836
326.503	392.289	80.096	19.976	100.645	15.429	354.155	1.029	899.834
327.003	392.786	80.098	19.976	100.636	15.333	361.748	1.021	899.857
327.504	393.232	80.099	19.975	100.654	15.243	369.073	0.943	899.844
328.004	393.748	80.098	19.976	100.679	15.159	376.030	0.963	899.880
328.503	394.256	80.101	19.977	100.698	15.080	382.520	1.024	899.851
329.003	394.747	80.100	19.976	100.725	15.033	386.230	0.998	899.849
329.503	395.239	80.098	19.976	100.753	14.987	389.793	0.984	899.855
330.003	395.737	80.100	19.975	100.760	14.914	395.339	0.990	899.861
330.503	396.236	80.097	19.975	100.768	14.828	401.659	0.997	899.885
331.003	396.758	80.098	19.976	100.760	14.776	405.670	1.022	899.894
331.503	397.204	80.100	19.975	100.765	14.768	406.173	0.968	899.853
332.003	397.724	80.099	19.975	100.786	14.765	406.299	0.966	899.880
332.503	398.220	80.100	19.975	100.806	14.744	407.842	1.015	899.874
333.004	398.732	80.100	19.974	100.774	14.719	409.707	1.007	899.878
333.504	399.233	80.099	19.974	100.740	14.704	410.787	1.013	899.901
334.004	399.740	80.101	19.976	100.698	14.711	410.177	1.010	899.859
334.503	400.218	80.101	19.975	100.634	14.713	409.858	0.985	899.869
335.004	400.729	80.100	19.975	100.546	14.698	410.966	0.988	899.898
335.504	401.185	80.096	19.974	100.502	14.659	413.870	0.967	899.888
336.003	401.709	80.096	19.974	100.446	14.626	416.389	0.980	899.888
336.504	402.191	80.098	19.974	100.402	14.604	418.057	1.006	899.883
337.004	402.698	80.098	19.974	100.389	14.594	418.887	0.990	899.890
337.503	403.182	80.096	19.975	100.392	14.591	419.128	0.992	899.882
338.003	403.725	80.097	19.975	100.383	14.585	419.673	1.026	899.901
338.503	404.207	80.096	19.975	100.395	14.576	420.402	1.024	899.878
339.003	404.719	80.097	19.976	100.385	14.566	421.101	0.995	899.915
339.503	405.209	80.099	19.977	100.372	14.569	420.798	1.002	899.915
340.004	405.748	80.098	19.976	100.379	14.574	420.205	1.028	899.926
340.504	406.220	80.098	19.975	100.389	14.579	419.872	1.010	899.893
341.005	406.726	80.096	19.975	100.396	14.590	419.115	0.979	899.936
341.504	407.250	80.096	19.975	100.411	14.607	417.824	1.031	899.925
342.003	407.725	80.098	19.976	100.411	14.627	416.382	0.999	899.884
342.503	408.229	80.097	19.976	100.404	14.651	414.679	0.978	899.922
343.003	408.719	80.094	19.976	100.405	14.677	412.825	0.994	899.958
343.503	409.235	80.095	19.976	100.405	14.701	411.127	1.007	899.922
344.003	409.748	80.095	19.976	100.392	14.729	409.112	1.030	899.927
344.503	410.277	80.097	19.975	100.371	14.762	406.746	1.042	899.910
345.003	410.755	80.099	19.977	100.366	14.794	404.470	1.007	899.937
345.503	411.284	80.097	19.976	100.355	14.832	401.791	1.006	899.934
346.003	411.783	80.098	19.976	100.358	14.874	398.816	1.027	899.923
346.503	412.303	80.098	19.976	100.368	14.921	395.398	1.019	899.943
347.003	412.808	80.097	19.975	100.388	14.975	391.499	1.025	899.968
347.503	413.318	80.099	19.976	100.389	15.028	387.645	1.014	899.978
348.004	413.839	80.098	19.975	100.390	15.090	383.157	1.031	899.957
348.504	414.327	80.098	19.975	100.391	15.154	378.497	1.010	899.964
349.003	414.849	80.100	19.976	100.392	15.225	373.297	1.010	899.959
349.503	415.344	80.098	19.976	100.382	15.301	367.739	1.016	899.971
350.003	415.854	80.098	19.975	100.377	15.377	362.089	1.004	899.951
350.504	416.342	80.101	19.977	100.377	15.457	356.139	0.997	899.983
351.004	416.853	80.099	19.976	100.376	15.540	349.892	0.999	899.968
351.504	417.389	80.099	19.976	100.369	15.630	343.116	1.046	899.966
352.005	417.845	80.100	19.976	100.367	15.722	336.233	0.992	899.995
352.504	418.374	80.100	19.976	100.355	15.815	329.205	0.987	899.995
353.003	418.895	80.101	19.977	100.343	15.911	322.007	1.051	900.010
353.503	419.422	80.099	19.976	100.338	16.012	314.372	1.048	899.981
354.003	419.918	80.098	19.976	100.335	16.113	306.636	1.024	899.980
354.503	420.398	80.099	19.976	100.333	16.216	298.771	0.976	900.011
355.003	420.940	80.098	19.976	100.331	16.317	291.001	1.022	900.006
355.504	421.428	80.100	19.975	100.330	16.428	282.531	1.030	899.985
356.004	421.950	80.101	19.976	100.324	16.537	274.146	1.010	900.019
356.503	422.450	80.099	19.976	100.322	16.644	265.859	1.022	900.008
357.003	422.967	80.099	19.976	100.324	16.753	257.430	1.017	899.982
357.503	423.451	80.098	19.976	100.334	16.858	249.258	1.001	900.022
358.003	423.978	80.099	19.976	100.348	16.966	240.809	1.011	900.003
358.503	424.481	80.099	19.977	100.362	17.075	232.320	1.030	900.024
359.003	424.976	80.098	19.976	100.375	17.179	224.184	0.998	900.019
359.504	425.505	80.098	19.976	100.386	17.288	215.808	1.024	900.003
360.004	426.022	80.098	19.977	100.401	17.393	207.709	1.047	900.051
360.503	426.525	80.096	19.977	100.417	17.494	199.884	1.020	900.034
361.004	427.046	80.096	19.976	100.438	17.592	192.293	1.024	900.039
361.504	427.526	80.098	19.977	100.463	17.690	184.825	1.001	900.056
362.004	428.073	80.097	19.977	100.490	17.788	177.334	1.027	900.049
362.504	428.535	80.096	19.977	100.515	17.881	170.201	1.009	900.060
363.003	429.066	80.096	19.976	100.542	17.976	162.973	0.993	900.053
363.504	429.581	80.097	19.976	100.566	18.060	156.509	1.046	900.044
364.004	430.041	80.097	19.976	100.597	18.149	149.796	0.975	900.059
364.503	430.586	80.098	19.977	100.632	18.237	143.022	1.004	900.063
365.004	431.081	80.100	19.975	100.667	18.322	136.463	1.039	900.080
365.504	431.587	80.099	19.977	100.700	18.398	130.622	1.001	900.088
366.003	432.117	80.097	19.976	100.734	18.475	124.723	1.037	900.062
366.504	432.592	80.101	19.975	100.762	18.548	119.156	1.005	900.056
367.004	433.077	80.100	19.976	100.785	18.625	113.381	0.960	900.095
367.504	433.599	80.099	19.975	100.807	18.695	108.005	1.007	900.092
368.003	434.104	80.098	19.975	100.827	18.761	103.066	1.026	900.075
368.504	434.601	80.100	19.975	100.846	18.830	97.860	1.001	900.052
369.004	435.120	80.100	19.975	100.857	18.894	93.110	1.016	900.119
369.504	435.630	80.098	19.975	100.870	18.955	88.532	1.029	900.086
370.004	436.109	80.098	19.977	100.880	19.008	84.555	0.989	900.090
370.504	436.620	80.100	19.975	100.892	19.067	80.167	0.990	900.093
371.004	437.101	80.098	19.976	100.900	19.121	76.170	0.991	900.063
371.504	437.609	80.099	19.976	100.910	19.176	72.159	0.988	900.079
372.004	438.101	80.100	19.975	100.919	19.221	68.821	1.000	900.115
372.505	438.647	80.100	19.977	100.931	19.267	65.498	1.038	900.078
373.004	439.108	80.099	19.976	100.939	19.314	62.149	1.008	900.104
373.504	439.631	80.099	19.975	100.948	19.356	59.168	0.985	900.089
374.004	440.105	80.098	19.975	100.954	19.401	56.009	0.996	900.076
374.504	440.628	80.100	19.976	100.954	19.443	52.980	0.996	900.116
375.005	441.123	80.099	19.977	100.954	19.482	50.224	1.018	900.115
375.504	441.624	80.098	19.977	100.956	19.515	47.829	0.997	900.112
376.004	442.121	80.098	19.976	100.955	19.551	45.167	0.998	900.100
376.504	442.623	80.096	19.976	100.951	19.585	42.727	0.999	900.083
377.004	443.126	80.097	19.976	100.948	19.614	40.599	1.006	900.129
377.504	443.624	80.100	19.976	100.943	19.640	38.832	1.001	900.093
378.004	444.126	80.099	19.977	100.934	19.670	36.733	0.999	900.108
378.504	444.640	80.101	19.977	100.929	19.698	34.852	1.016	900.136
379.004	445.116	80.100	19.977	100.924	19.729	32.692	0.991	900.118
379.504	445.606	80.101	19.976	100.916	19.751	31.169	0.965	900.121
380.004	446.136	80.102	19.976	100.903	19.775	29.573	1.019	900.142
380.504	446.622	80.100	19.975	100.886	19.801	27.727	1.016	900.140
381.004	447.151	80.100	19.976	100.866	19.819	26.463	1.015	900.150
381.504	447.652	80.102	19.975	100.851	19.841	24.962	1.029	900.130
382.005	448.099	80.101	19.976	100.840	19.857	23.941	0.947	900.145
382.505	448.606	80.102	19.977	100.832	19.877	22.646	0.955	900.162
383.004	449.147	80.102	19.976	100.826	19.894	21.561	1.050	900.158
383.504	449.628	80.101	19.977	100.820	19.909	20.595	1.023	900.146
384.003	450.084	80.101	19.977	100.812	19.928	19.393	0.938	900.134
384.503	450.636	80.100	19.976	100.802	19.946	18.137	1.007	900.152
385.004	451.093	80.100	19.976	100.790	19.956	17.481	1.007	900.165
385.505	451.594	80.100	19.976	100.774	19.973	16.344	0.957	900.179
386.004	452.103	80.097	19.976	100.758	19.986	15.489	1.011	900.187
386.504	452.597	80.099	19.977	100.745	19.999	14.736	1.003	900.190
387.005	453.073	80.102	19.976	100.730	20.009	14.103	0.970	900.168
387.504	453.587	80.100	19.976	100.721	20.022	13.414	0.990	900.145
388.004	454.097	80.102	19.977	100.715	20.031	12.990	1.025	900.180
388.503	454.592	80.103	19.976	100.706	20.048	11.900	1.005	900.173
389.003	455.098	80.101	19.976	100.692	20.052	11.778	1.001	900.180
389.504	455.581	80.099	19.977	100.678	20.063	11.096	0.989	900.197
390.004	456.080	80.097	19.976	100.663	20.070	10.742	0.981	900.178
390.504	456.581	80.099	19.975	100.646	20.081	10.033	0.999	900.195
391.004	457.064	80.100	19.975	100.634	20.092	9.311	0.983	900.221
391.505	457.605	80.101	19.975	100.620	20.100	8.818	1.025	900.202
392.004	458.051	80.103	19.975	100.614	20.112	8.055	0.988	900.236
392.504	458.582	80.103	19.975	100.606	20.121	7.516	0.976	900.191
393.004	459.074	80.103	19.975	100.596	20.129	6.945	1.023	900.215
393.504	459.556	80.104	19.975	100.583	20.139	6.299	0.974	900.205
394.004	460.056	80.105	19.975	100.570	20.152	5.515	0.982	900.211
394.504	460.553	80.102	19.976	100.555	20.158	5.078	0.998	900.204
395.003	461.028	80.101	19.976	100.536	20.169	4.231	0.973	900.193
395.504	461.530	80.100	19.975	100.519	20.177	3.647	0.976	900.195
396.004	462.065	80.102	19.975	100.504	20.185	3.015	1.036	900.187
396.504	462.553	80.104	19.976	100.493	20.192	2.529	1.023	900.209
397.004	463.040	80.101	19.975	100.480	20.199	1.878	0.975	900.230
397.504	463.569	80.103	19.976	100.469	20.208	1.258	1.017	900.232
398.004	464.089	80.103	19.975	100.463	20.212	1.035	1.050	900.234
398.504	464.566	80.101	19.975	100.460	20.217	0.713	0.998	900.213
399.003	465.081	80.104	19.976	100.450	20.223	0.310	0.992	900.222
399.503	465.588	80.103	19.975	100.439	20.229	-0.133	1.021	900.188
400.004	466.076	80.103	19.975	100.432	20.234	-0.362	0.994	900.239
400.504	466.560	80.103	19.976	100.421	20.236	-0.529	0.972	900.225
401.004	467.080	80.102	19.977	100.413	20.236	-0.493	1.005	900.216
401.504	467.557	80.105	19.976	100.406	20.243	-0.954	0.998	900.221
402.004	468.057	80.103	19.976	100.406	20.241	-0.831	0.977	900.239
402.504	468.553	80.101	19.976	100.406	20.247	-1.195	0.995	900.224
403.004	469.057	80.100	19.975	100.409	20.247	-1.170	0.999	900.237
403.504	469.541	80.101	19.975	100.406	20.247	-1.058	0.988	900.247
404.004	470.076	80.101	19.976	100.410	20.250	-1.252	1.020	900.246
404.504	470.554	80.101	19.976	100.413	20.251	-1.329	1.013	900.226
405.004	471.081	80.099	19.976	100.408	20.253	-1.410	1.005	900.267
405.504	471.571	80.099	19.976	100.403	20.254	-1.409	1.017	900.262
406.004	472.059	80.100	19.977	100.400	20.251	-1.083	0.976	900.278
406.505	472.562	80.098	19.976	100.396	20.253	-1.217	0.990	900.255
407.004	473.053	80.100	19.977	100.388	20.252	-1.128	0.995	900.241
407.504	473.576	80.100	19.976	100.387	20.253	-1.103	1.014	900.291
408.005	474.062	80.100	19.975	100.385	20.255	-1.267	1.009	900.292
408.504	474.558	80.100	19.977	100.382	20.252	-0.948	0.983	900.330
409.004	475.087	80.101	19.976	100.380	20.253	-1.013	1.025	900.284
409.504	475.591	80.102	19.976	100.378	20.253	-0.942	1.032	900.296
410.004	476.061	80.103	19.977	100.375	20.251	-0.745	0.974	900.307
410.504	476.570	80.102	19.975	100.369	20.256	-1.058	0.979	900.319
411.005	477.089	80.101	19.976	100.363	20.259	-1.220	1.027	900.298
411.505	477.568	80.102	19.977	100.360	20.254	-0.929	0.997	900.309
412.004	478.080	80.100	19.977	100.358	20.257	-1.157	0.991	900.342
412.505	478.566	80.100	19.977	100.354	20.258	-1.218	0.998	900.330
413.005	479.065	80.099	19.976	100.351	20.258	-1.170	0.986	900.339
413.504	479.577	80.102	19.976	100.348	20.259	-1.197	1.010	900.342
414.005	480.056	80.102	19.977	100.342	20.260	-1.323	0.990	900.371
414.505	480.565	80.101	19.976	100.338	20.259	-1.175	0.989	900.369
415.004	481.065	80.102	19.975	100.337	20.261	-1.362	1.010	900.389
415.504	481.576	80.104	19.977	100.335	20.258	-1.122	1.011	900.335
416.004	482.087	80.103	19.976	100.331	20.259	-1.169	1.022	900.358
416.504	482.575	80.102	19.975	100.327	20.261	-1.267	0.998	900.351
417.004	483.079	80.100	19.976	100.318	20.260	-1.134	0.993	900.358
417.504	483.544	80.100	19.977	100.315	20.259	-1.051	0.970	900.332
418.004	483.999	80.101	19.976	100.315	20.259	-0.948	0.920	900.314
418.504	484.523	80.100	19.976	100.315	20.261	-1.067	0.978	900.341
419.004	485.013	80.099	19.975	100.318	20.262	-1.131	1.014	900.339
419.504	485.521	80.099	19.975	100.320	20.260	-0.991	0.998	900.366
420.005	486.011	80.096	19.976	100.315	20.259	-0.923	0.997	900.360
420.505	486.551	80.098	19.974	100.311	20.262	-1.108	1.030	900.380
421.004	487.015	80.101	19.975	100.312	20.262	-1.112	1.005	900.366
421.504	487.558	80.098	19.975	100.309	20.261	-1.030	1.007	900.363
422.004	488.016	80.099	19.975	100.309	20.265	-1.201	1.000	900.353
422.504	488.539	80.098	19.976	100.314	20.263	-1.084	0.980	900.388
423.005	489.054	80.099	19.977	100.313	20.262	-1.010	1.037	900.396
423.505	489.558	80.098	19.975	100.309	20.265	-1.221	1.019	900.398
424.005	489.993	80.097	19.975	100.305	20.267	-1.404	0.940	900.398
424.504	490.549	80.099	19.975	100.302	20.262	-1.133	0.992	900.381
425.004	491.021	80.098	19.976	100.294	20.264	-1.292	1.027	900.390
425.505	491.531	80.098	19.976	100.291	20.264	-1.284	0.981	900.405
426.005	492.037	80.101	19.976	100.292	20.262	-1.078	1.017	900.411
426.505	492.544	80.100	19.976	100.291	20.265	-1.283	1.014	900.412
427.005	493.052	80.099	19.977	100.289	20.265	-1.259	1.016	900.394
427.504	493.539	80.098	19.976	100.291	20.267	-1.334	0.995	900.415
428.004	494.048	80.098	19.977	100.291	20.266	-1.298	0.995	900.417
428.504	494.539	80.098	19.977	100.288	20.267	-1.438	0.999	900.418
429.005	495.048	80.096	19.976	100.286	20.268	-1.486	0.999	900.417
429.505	495.545	80.095	19.977	100.280	20.266	-1.387	1.005	900.399
430.005	496.054	80.098	19.976	100.278	20.270	-1.648	1.007	900.401
430.505	496.546	80.098	19.977	100.280	20.268	-1.525	1.002	900.439
431.005	497.058	80.098	19.978	100.284	20.268	-1.605	1.004	900.455
431.505	497.535	80.101	19.977	100.287	20.269	-1.625	0.989	900.438
432.004	498.011	80.100	19.977	100.294	20.265	-1.283	0.953	900.445
432.504	498.557	80.099	19.977	100.292	20.263	-1.094	1.022	900.443
433.005	499.036	80.099	19.976	100.286	20.262	-1.024	1.024	900.455
433.505	499.532	80.101	19.976	100.283	20.268	-1.381	0.975	900.473
434.005	500.025	80.102	19.977	100.282	20.266	-1.187	0.990	900.462
434.505	500.474	80.099	19.977	100.279	20.270	-1.429	0.941	900.438
435.005	501.022	80.096	19.977	100.278	20.268	-1.330	0.997	900.452
435.504	501.552	80.099	19.976	100.281	20.270	-1.569	1.079	900.473
436.004	501.995	80.098	19.976	100.284	20.270	-1.575	0.973	900.465
436.504	502.506	80.096	19.978	100.285	20.268	-1.467	0.953	900.461
437.005	503.038	80.100	19.977	100.287	20.267	-1.399	1.042	900.496
437.505	503.535	80.098	19.976	100.289	20.266	-1.383	1.029	900.483
438.005	504.000	80.097	19.977	100.288	20.268	-1.491	0.962	900.473
438.505	504.550	80.096	19.976	100.289	20.265	-1.204	1.015	900.544
439.005	505.046	80.096	19.976	100.289	20.266	-1.312	1.046	900.518
439.505	505.525	80.095	19.976	100.286	20.268	-1.503	0.975	900.491
440.005	506.024	80.096	19.976	100.284	20.267	-1.397	0.978	900.500
440.505	506.527	80.097	19.975	100.280	20.267	-1.417	1.002	900.532
441.005	506.994	80.097	19.975	100.272	20.267	-1.349	0.970	900.530
441.505	507.503	80.095	19.976	100.270	20.272	-1.669	0.976	900.512
442.005	507.985	80.098	19.977	100.269	20.267	-1.332	0.992	900.525
442.504	508.490	80.100	19.976	100.275	20.270	-1.466	0.988	900.515
443.004	508.974	80.099	19.976	100.279	20.268	-1.298	0.989	900.533
443.505	509.453	80.097	19.978	100.282	20.268	-1.319	0.963	900.516
444.005	509.987	80.096	19.977	100.284	20.268	-1.371	1.013	900.545
444.505	510.496	80.097	19.977	100.285	20.268	-1.342	1.044	900.541
445.005	510.984	80.099	19.978	100.282	20.267	-1.219	0.998	900.555
445.505	511.482	80.097	19.977	100.282	20.268	-1.288	0.986	900.572
446.004	512.002	80.096	19.977	100.282	20.268	-1.340	1.017	900.553
446.505	512.486	80.098	19.976	100.281	20.267	-1.319	1.003	900.560
447.005	512.995	80.096	19.976	100.284	20.269	-1.401	0.993	900.548
447.505	513.497	80.098	19.976	100.285	20.267	-1.309	1.011	900.569
448.005	514.017	80.101	19.976	100.283	20.270	-1.501	1.022	900.588
448.505	514.510	80.100	19.976	100.280	20.271	-1.626	1.013	900.576
449.005	514.963	80.099	19.977	100.278	20.272	-1.688	0.947	900.562
449.505	515.478	80.098	19.976	100.274	20.272	-1.570	0.969	900.566
450.005	515.999	80.099	19.977	100.271	20.268	-1.294	1.035	900.560
450.505	516.500	80.099	19.978	100.269	20.272	-1.557	1.020	900.554
451.006	517.002	80.098	19.977	100.271	20.270	-1.365	1.003	900.580
451.505	517.504	80.098	19.976	100.275	20.272	-1.477	1.005	900.584
452.005	517.982	80.099	19.976	100.273	20.269	-1.247	0.981	900.575
452.505	518.511	80.099	19.976	100.271	20.271	-1.492	1.006	900.572
453.005	518.978	80.099	19.978	100.271	20.270	-1.437	0.996	900.577
453.505	519.505	80.101	19.977	100.273	20.272	-1.609	0.994	900.600
454.005	520.001	80.098	19.977	100.274	20.270	-1.494	1.022	900.604
454.505	520.514	80.098	19.977	100.274	20.271	-1.571	1.009	900.586
455.005	521.012	80.098	19.977	100.277	20.272	-1.616	1.012	900.601
455.505	521.480	80.099	19.977	100.279	20.273	-1.726	0.967	900.604
456.004	521.977	80.099	19.978	100.276	20.272	-1.615	0.964	900.601
456.505	522.501	80.097	19.978	100.274	20.277	-1.948	1.020	900.589
457.005	522.972	80.098	19.978	100.272	20.271	-1.521	0.996	900.584
457.504	523.471	80.096	19.977	100.270	20.278	-1.984	0.970	900.644
458.005	523.993	80.095	19.976	100.267	20.278	-1.988	1.021	900.581
458.505	524.493	80.099	19.976	100.265	20.274	-1.644	1.023	900.631
459.004	524.983	80.098	19.976	100.261	20.276	-1.760	0.989	900.631
459.505	525.498	80.097	19.976	100.264	20.278	-1.925	1.005	900.638
460.005	525.990	80.097	19.978	100.266	20.274	-1.604	1.007	900.626
460.505	526.503	80.096	19.977	100.270	20.275	-1.753	1.005	900.634
461.005	526.971	80.097	19.976	100.272	20.275	-1.761	0.981	900.618
461.505	527.466	80.098	19.977	100.275	20.273	-1.663	0.963	900.654
462.005	527.984	80.097	19.977	100.272	20.275	-1.786	1.013	900.627
462.505	528.508	80.098	19.977	100.270	20.272	-1.532	1.042	900.618
463.005	528.985	80.098	19.976	100.270	20.271	-1.428	1.002	900.646
463.504	529.507	80.098	19.976	100.273	20.273	-1.523	1.000	900.645
464.004	530.003	80.100	19.976	100.271	20.274	-1.566	1.017	900.670
464.505	530.521	80.099	19.976	100.271	20.274	-1.596	1.012	900.628
465.005	531.023	80.098	19.976	100.268	20.274	-1.535	1.020	900.666
465.505	531.531	80.097	19.977	100.263	20.274	-1.553	1.012	900.665
466.004	532.010	80.097	19.977	100.259	20.275	-1.717	0.987	900.663
466.505	532.483	80.099	19.977	100.262	20.276	-1.837	0.951	900.673
467.005	532.981	80.098	19.978	100.264	20.277	-1.834	0.971	900.653
467.505	533.523	80.099	19.977	100.264	20.273	-1.485	1.039	900.680
468.006	534.013	80.101	19.978	100.268	20.276	-1.695	1.031	900.678
468.505	534.524	80.098	19.977	100.269	20.276	-1.757	1.001	900.685
469.006	535.030	80.097	19.976	100.265	20.276	-1.769	1.018	900.695
469.506	535.498	80.099	19.976	100.266	20.278	-1.900	0.975	900.701
470.005	535.996	80.097	19.976	100.267	20.274	-1.678	0.966	900.687
470.505	536.513	80.097	19.976	100.263	20.273	-1.710	1.015	900.710
471.005	537.009	80.097	19.976	100.257	20.271	-1.496	1.014	900.737
471.505	537.529	80.096	19.976	100.256	20.274	-1.686	1.016	900.707
472.005	537.995	80.098	19.976	100.256	20.273	-1.593	0.985	900.705
472.505	538.485	80.097	19.977	100.255	20.271	-1.480	0.956	900.674
473.006	539.008	80.097	19.977	100.258	20.273	-1.579	1.013	900.699
473.505	539.489	80.099	19.975	100.265	20.273	-1.598	1.004	900.712
474.005	539.985	80.095	19.975	100.266	20.275	-1.749	0.978	900.689
474.505	540.478	80.095	19.975	100.260	20.273	-1.594	0.990	900.705
475.004	540.978	80.097	19.975	100.258	20.275	-1.707	0.993	900.721
475.505	541.469	80.098	19.975	100.257	20.277	-1.925	0.990	900.696
476.005	542.017	80.097	19.974	100.256	20.276	-1.859	1.039	900.755
476.505	542.524	80.097	19.976	100.260	20.277	-1.916	1.055	900.722
477.005	542.994	80.097	19.977	100.265	20.278	-1.954	0.977	900.744
477.505	543.467	80.099	19.976	100.271	20.278	-1.948	0.944	900.703
478.005	543.970	80.098	19.977	100.273	20.277	-1.899	0.976	900.731
478.505	544.463	80.098	19.977	100.268	0.000	0.000	0.996	900.720
479.005	544.997	80.100	19.977	100.265	0.000	0.000	1.026	900.698
479.505	545.471	80.099	19.976	100.267	0.000	0.000	1.008	900.711
480.005	545.954	80.100	19.976	100.264	0.000	0.000	0.957	900.715
480.505	546.470	80.101	19.976	100.262	0.000	0.000	0.998	900.702
481.006	546.974	80.102	19.977	100.265	0.000	0.000	1.020	900.737
481.506	547.501	80.102	19.976	100.265	0.000	0.000	1.031	900.718
482.006	547.972	80.102	19.976	100.263	0.000	0.000	0.998	900.734
482.505	548.500	80.104	19.977	100.266	0.000	0.000	1.000	900.739
483.005	548.976	80.104	19.976	100.269	0.000	0.000	1.005	900.763
483.505	549.474	80.102	19.977	100.267	0.000	0.000	0.974	900.758
484.005	549.988	80.102	19.977	100.266	0.000	0.000	1.011	900.755
484.505	550.492	80.101	19.977	100.267	0.000	0.000	1.018	900.758
485.005	550.980	80.101	19.977	100.263	0.000	0.000	0.992	900.732
485.506	551.473	80.104	19.976	100.260	0.000	0.000	0.981	900.769
486.005	551.985	80.102	19.976	100.259	0.000	0.000	1.006	900.755
486.505	552.489	80.100	19.976	100.261	0.000	0.000	1.016	900.755
487.005	552.960	80.099	19.975	100.264	0.000	0.000	0.975	900.758
487.505	553.499	80.098	19.976	100.270	0.000	0.000	1.009	900.747
488.005	553.990	80.100	19.977	100.272	0.000	0.000	1.029	900.793
