File Name:	PS_20.txt	Version: 8.3.7.3						
Date:	23 Aug 2024
Operator:	KH
Test ID:	PS_20
Sample ID:	PS_20
Sample Mass (mg):	3.5100
Sample Cup Mass (mg):	184.5200
End Total Mass (mg):
Heating Rate (C/s):	1.0000
Combuster Temperature (C):	900.0
N2 Flow Rate (cc/min):	80.0
O2 Flow Rate (cc/min):	20.0
Calibration File:	Coeff.txt
T Correction Coefficients:	0.308738730	0.013615500	0.000000000
Time Shift (s):	10.0
Pre-Test Comments:
Post-Test Comments:
Baseline Flow:	100.401
Baseline O2:	20.185
Instrument ID:	2700
@
Time (s)	Temperature (C)	N2 Flow (cc/min)	O2 Flow (cc/min)	Total Flow (cc/min)	Oxygen (%)	HRR (W/g)	Heating Rate (C/s)	Combustor Temp (C)
0.000	74.805	80.057	19.997	100.401	20.147	-8.381	0.004	899.304
0.500	74.817	80.059	19.998	100.403	20.135	-7.239	0.005	899.301
1.000	74.848	80.057	19.997	100.409	20.115	-5.406	0.044	899.291
1.500	74.825	80.057	19.997	100.422	20.097	-3.629	0.008	899.272
1.999	74.832	80.060	19.997	100.466	20.078	-1.874	-0.016	899.285
2.499	74.881	80.060	19.996	100.540	20.066	-0.673	0.055	899.293
2.999	74.922	80.058	19.997	100.634	20.056	0.317	0.090	899.280
3.499	74.931	80.058	19.997	100.738	20.053	0.643	0.050	899.307
4.000	75.012	80.057	19.997	100.850	20.050	1.047	0.090	899.284
4.499	75.074	80.058	19.997	100.938	20.044	1.542	0.144	899.270
4.999	75.130	80.057	19.997	101.001	20.045	1.151	0.119	899.272
5.500	75.221	80.059	19.996	101.047	20.044	0.283	0.146	899.222
6.000	75.293	80.061	19.997	101.084	20.043	-1.321	0.162	899.256
6.500	75.389	80.057	19.998	101.103	20.042	-3.386	0.169	899.263
7.000	75.469	80.057	19.997	101.112	20.041	-5.750	0.177	899.298
7.500	75.576	80.059	19.997	101.112	20.042	-8.197	0.187	899.269
7.999	75.683	80.058	19.996	101.108	20.038	-10.007	0.213	899.231
8.499	75.793	80.057	19.998	101.098	20.039	-11.494	0.217	899.224
8.999	75.902	80.057	19.997	101.088	20.038	-12.048	0.220	899.249
9.499	76.077	80.057	19.997	101.082	20.040	-12.251	0.284	899.238
9.999	76.198	80.060	19.998	101.077	20.035	-11.571	0.295	899.221
10.500	76.333	80.058	19.998	101.071	20.024	-10.182	0.256	899.233
11.000	76.504	80.060	19.997	101.067	20.003	-7.927	0.306	899.244
11.500	76.652	80.061	19.997	101.063	19.978	-5.146	0.318	899.246
12.000	76.834	80.060	19.997	101.062	19.951	-2.086	0.330	899.237
12.500	76.955	80.061	19.998	101.085	19.923	1.065	0.304	899.234
13.000	77.165	80.060	19.997	101.154	19.902	3.721	0.330	899.184
13.500	77.368	80.058	19.996	101.277	19.888	5.679	0.413	899.213
13.999	77.650	80.057	19.997	101.438	19.880	7.164	0.486	899.201
14.500	77.876	80.057	19.997	101.608	19.880	7.943	0.507	899.178
15.000	78.163	80.058	19.996	101.763	19.887	7.838	0.513	899.181
15.499	78.477	80.058	19.997	101.871	19.891	8.116	0.601	899.169
16.000	78.727	80.056	19.997	101.921	19.896	8.090	0.564	899.196
16.500	79.077	80.057	19.997	101.932	19.902	8.128	0.599	899.196
17.000	79.409	80.058	19.999	101.919	19.909	7.916	0.682	899.175
17.500	79.770	80.056	19.998	101.896	19.913	8.001	0.692	899.184
18.001	80.115	80.057	19.997	101.872	19.918	7.874	0.706	899.172
18.500	80.463	80.057	19.997	101.846	19.929	7.244	0.695	899.156
19.000	80.869	80.056	19.997	101.813	19.934	7.067	0.755	899.189
19.499	81.246	80.055	19.997	101.771	19.938	6.882	0.783	899.175
19.999	81.640	80.054	19.997	101.729	19.942	6.911	0.770	899.146
20.500	82.063	80.056	19.996	101.676	19.951	6.476	0.817	899.184
21.000	82.497	80.057	19.997	101.628	19.956	6.437	0.858	899.148
21.499	82.901	80.056	19.997	101.581	19.963	6.167	0.838	899.167
22.000	83.320	80.059	19.996	101.547	19.968	6.147	0.823	899.158
22.500	83.756	80.058	19.998	101.508	19.973	6.102	0.855	899.138
23.000	84.207	80.057	19.998	101.480	19.977	5.888	0.886	899.164
23.500	84.656	80.059	19.998	101.447	19.984	5.544	0.900	899.145
24.000	85.116	80.059	19.997	101.417	19.985	5.588	0.909	899.122
24.499	85.568	80.057	19.997	101.390	19.992	5.051	0.912	899.123
25.000	86.039	80.057	19.997	101.368	19.999	4.624	0.923	899.124
25.500	86.514	80.057	19.997	101.347	20.000	4.759	0.946	899.149
26.000	86.990	80.059	19.996	101.330	20.004	4.654	0.952	899.135
26.500	87.471	80.058	19.997	101.316	20.008	4.442	0.958	899.130
27.000	87.947	80.057	19.996	101.303	20.011	4.288	0.957	899.111
27.500	88.400	80.058	19.996	101.280	20.018	3.990	0.928	899.147
28.000	88.903	80.057	19.998	101.257	20.017	4.278	0.955	899.107
28.500	89.402	80.057	19.998	101.232	20.017	4.372	1.001	899.119
29.000	89.906	80.060	19.997	101.204	20.018	4.363	1.003	899.130
29.500	90.380	80.058	19.996	101.178	20.021	4.215	0.979	899.111
30.000	90.882	80.058	19.995	101.164	20.026	3.852	0.977	899.107
30.499	91.400	80.057	19.995	101.156	20.026	3.899	1.019	899.104
31.000	91.889	80.057	19.996	101.141	20.029	3.572	1.007	899.099
31.500	92.406	80.058	19.995	101.130	20.033	3.259	1.006	899.118
32.000	92.903	80.057	19.996	101.126	20.034	3.189	1.014	899.081
32.500	93.417	80.056	19.996	101.116	20.037	2.936	1.012	899.102
32.999	93.942	80.056	19.996	101.100	20.041	2.628	1.039	899.091
33.500	94.436	80.055	19.997	101.091	20.040	2.766	1.018	899.113
34.000	94.931	80.056	19.996	101.081	20.043	2.602	0.989	899.080
34.500	95.477	80.057	19.996	101.064	20.044	2.610	1.041	899.107
35.000	96.013	80.055	19.996	101.050	20.047	2.410	1.083	899.041
35.500	96.541	80.054	19.996	101.041	20.047	2.499	1.064	899.076
36.000	97.019	80.054	19.995	101.033	20.045	2.698	1.004	899.038
36.500	97.583	80.054	19.996	101.028	20.050	2.391	1.042	899.053
37.000	98.092	80.057	19.995	101.022	20.049	2.564	1.074	899.063
37.500	98.607	80.057	19.996	101.021	20.052	2.356	1.024	899.088
38.000	99.115	80.057	19.996	101.020	20.052	2.361	1.024	899.052
38.500	99.635	80.057	19.995	101.023	20.052	2.498	1.028	899.055
38.999	100.176	80.057	19.996	101.020	20.053	2.504	1.060	899.075
39.500	100.694	80.059	19.997	101.019	20.056	2.319	1.059	899.063
40.000	101.239	80.059	19.997	101.016	20.057	2.246	1.063	899.045
40.501	101.775	80.057	19.996	101.015	20.059	2.120	1.082	899.051
41.000	102.291	80.055	19.996	101.010	20.063	1.788	1.053	899.051
41.500	102.805	80.053	19.997	101.006	20.060	2.076	1.030	899.047
42.000	103.354	80.055	19.997	100.998	20.063	1.845	1.063	899.063
42.500	103.879	80.055	19.997	100.991	20.064	1.788	1.074	899.085
43.000	104.412	80.054	19.997	100.987	20.066	1.768	1.057	899.064
43.500	104.939	80.057	19.998	100.984	20.066	1.814	1.059	899.057
44.000	105.473	80.056	19.997	100.980	20.063	2.267	1.061	899.005
44.500	106.004	80.055	19.998	100.977	20.068	1.860	1.065	899.025
45.001	106.501	80.057	19.998	100.974	20.069	1.904	1.027	899.022
45.501	107.042	80.055	19.996	100.967	20.068	2.039	1.038	899.027
46.000	107.577	80.055	19.996	100.958	20.067	2.182	1.077	899.039
46.500	108.086	80.054	19.995	100.953	20.069	1.983	1.043	899.019
47.000	108.638	80.054	19.997	100.951	20.070	1.847	1.060	899.030
47.501	109.182	80.054	19.997	100.950	20.067	2.206	1.096	899.041
48.001	109.696	80.054	19.997	100.948	20.070	1.976	1.059	899.011
48.500	110.253	80.054	19.997	100.948	20.072	1.730	1.072	899.043
49.000	110.816	80.058	19.997	100.946	20.074	1.547	1.120	899.018
49.500	111.323	80.057	19.997	100.945	20.075	1.553	1.070	899.012
50.000	111.873	80.058	19.998	100.937	20.074	1.644	1.058	899.026
50.500	112.396	80.059	19.998	100.932	20.078	1.315	1.073	899.027
51.000	112.915	80.055	19.998	100.924	20.078	1.238	1.042	899.017
51.500	113.474	80.056	19.997	100.916	20.075	1.619	1.077	899.026
52.001	113.995	80.056	19.997	100.912	20.075	1.641	1.079	899.016
52.500	114.549	80.054	19.997	100.909	20.080	1.238	1.076	898.996
53.000	115.088	80.057	19.997	100.906	20.081	1.186	1.093	898.994
53.500	115.616	80.055	19.997	100.903	20.080	1.270	1.067	899.038
54.000	116.143	80.055	19.998	100.904	20.081	1.222	1.056	899.014
54.500	116.678	80.056	19.998	100.902	20.079	1.494	1.062	898.999
55.000	117.219	80.055	19.997	100.901	20.078	1.492	1.075	898.988
55.500	117.711	80.059	19.998	100.900	20.077	1.635	1.034	898.985
56.000	118.249	80.060	19.998	100.904	20.077	1.618	1.030	899.004
56.500	118.769	80.058	19.997	100.903	20.076	1.759	1.057	898.989
57.000	119.344	80.058	19.997	100.896	20.080	1.483	1.095	899.006
57.500	119.873	80.057	19.997	100.896	20.082	1.254	1.104	899.019
58.000	120.422	80.056	19.998	100.896	20.081	1.266	1.078	898.994
58.500	120.956	80.056	19.998	100.894	20.083	1.027	1.083	899.000
59.000	121.463	80.055	19.997	100.892	20.086	0.862	1.040	898.970
59.500	122.033	80.056	19.998	100.893	20.086	0.957	1.077	898.974
60.000	122.525	80.058	19.998	100.888	20.082	1.455	1.063	898.969
60.500	123.049	80.058	19.998	100.885	20.085	1.246	1.017	898.994
61.000	123.606	80.060	19.999	100.883	20.084	1.452	1.081	898.985
61.500	124.119	80.062	19.998	100.880	20.085	1.425	1.069	898.974
62.000	124.648	80.061	19.998	100.882	20.088	1.178	1.042	898.949
62.500	125.136	80.060	19.998	100.887	20.084	1.528	1.018	898.958
63.000	125.681	80.057	19.996	100.884	20.083	1.647	1.033	898.952
63.500	126.222	80.057	19.998	100.880	20.081	1.914	1.086	898.968
64.000	126.759	80.056	19.997	100.877	20.083	1.789	1.078	898.956
64.500	127.321	80.056	19.997	100.874	20.083	1.932	1.098	898.949
65.001	127.812	80.058	19.998	100.876	20.085	1.787	1.053	898.912
65.500	128.350	80.058	19.997	100.884	20.084	1.849	1.030	898.954
66.000	128.875	80.058	19.996	100.885	20.088	1.537	1.063	898.954
66.500	129.423	80.059	19.997	100.881	20.087	1.624	1.073	898.931
67.000	129.939	80.058	19.998	100.873	20.087	1.609	1.064	898.905
67.500	130.470	80.058	19.997	100.861	20.088	1.532	1.046	898.930
68.001	131.016	80.057	19.997	100.854	20.095	0.848	1.076	898.916
68.501	131.551	80.056	19.997	100.850	20.093	0.947	1.081	898.963
69.001	132.076	80.058	19.997	100.854	20.094	0.840	1.061	898.940
69.500	132.606	80.057	19.998	100.855	20.095	0.796	1.055	898.946
70.000	133.145	80.055	19.997	100.854	20.091	1.232	1.069	898.939
70.501	133.685	80.057	19.997	100.846	20.092	1.207	1.079	898.953
71.001	134.230	80.057	19.997	100.840	20.091	1.412	1.085	898.941
71.501	134.726	80.059	19.997	100.833	20.095	1.181	1.041	898.938
72.000	135.259	80.062	19.998	100.832	20.094	1.285	1.030	898.966
72.500	135.753	80.061	19.998	100.828	20.095	1.250	1.028	898.909
73.000	136.279	80.059	19.997	100.829	20.091	1.598	1.019	898.916
73.501	136.791	80.056	19.997	100.829	20.089	1.736	1.037	898.901
74.001	137.320	80.056	19.996	100.828	20.090	1.626	1.042	898.926
74.500	137.848	80.058	19.997	100.827	20.090	1.562	1.058	898.920
75.000	138.374	80.057	19.997	100.830	20.091	1.508	1.055	898.930
75.500	138.927	80.057	19.996	100.834	20.091	1.491	1.079	898.942
76.001	139.428	80.056	19.997	100.837	20.091	1.411	1.053	898.940
76.501	139.967	80.055	19.997	100.838	20.097	0.915	1.040	898.932
77.001	140.459	80.058	19.996	100.838	20.092	1.139	1.031	898.928
77.500	140.987	80.057	19.998	100.832	20.094	0.907	1.021	898.928
78.000	141.522	80.056	19.997	100.823	20.090	1.170	1.064	898.927
78.500	142.042	80.057	19.998	100.814	20.094	0.833	1.055	898.904
79.000	142.566	80.057	19.997	100.811	20.092	0.982	1.044	898.930
79.501	143.071	80.057	19.997	100.809	20.096	0.679	1.028	898.915
80.001	143.622	80.059	19.997	100.809	20.094	0.991	1.056	898.893
80.501	144.093	80.057	19.998	100.809	20.094	1.044	1.023	898.953
81.000	144.638	80.056	19.997	100.812	20.094	1.083	1.016	898.915
81.500	145.153	80.057	19.997	100.812	20.094	1.109	1.059	898.885
82.001	145.685	80.057	19.997	100.814	20.092	1.266	1.047	898.922
82.501	146.185	80.059	19.995	100.815	20.093	1.058	1.032	898.917
83.001	146.700	80.058	19.997	100.820	20.092	1.168	1.015	898.905
83.501	147.212	80.058	19.998	100.818	20.093	1.060	1.027	898.887
84.001	147.749	80.059	19.997	100.822	20.096	0.779	1.049	898.919
84.500	148.272	80.057	19.997	100.829	20.094	1.003	1.061	898.888
85.000	148.781	80.058	19.997	100.837	20.097	0.807	1.032	898.916
85.500	149.290	80.058	19.996	100.840	20.097	0.837	1.018	898.905
86.000	149.795	80.057	19.997	100.845	20.096	0.915	1.014	898.876
86.500	150.330	80.057	19.997	100.844	20.093	1.184	1.040	898.896
87.000	150.857	80.058	19.997	100.833	20.096	0.978	1.061	898.901
87.501	151.366	80.057	19.997	100.827	20.099	0.892	1.035	898.892
88.001	151.888	80.060	19.997	100.823	20.099	0.918	1.031	898.868
88.500	152.384	80.059	19.997	100.819	20.096	1.226	1.019	898.908
89.000	152.926	80.058	19.998	100.822	20.097	1.207	1.038	898.890
89.500	153.443	80.057	19.997	100.828	20.097	1.293	1.058	898.928
90.001	153.952	80.057	19.996	100.829	20.100	1.111	1.025	898.902
90.501	154.459	80.056	19.996	100.829	20.098	1.266	1.017	898.904
91.000	154.979	80.055	19.997	100.830	20.099	1.163	1.028	898.869
91.500	155.474	80.054	19.997	100.829	20.095	1.574	1.015	898.873
92.000	155.989	80.059	19.996	100.829	20.099	1.293	1.010	898.857
92.501	156.538	80.057	19.997	100.826	20.098	1.383	1.063	898.873
93.001	157.031	80.058	19.997	100.825	20.101	1.265	1.042	898.874
93.501	157.510	80.058	19.996	100.824	20.099	1.542	0.972	898.881
94.001	158.058	80.055	19.997	100.818	20.096	1.830	1.027	898.887
94.501	158.564	80.055	19.998	100.813	20.096	1.850	1.055	898.875
95.000	159.090	80.054	19.996	100.810	20.097	1.762	1.033	898.880
95.500	159.586	80.055	19.997	100.803	20.098	1.750	1.022	898.860
96.000	160.095	80.055	19.996	100.801	20.102	1.375	1.005	898.894
96.500	160.630	80.053	19.996	100.799	20.096	1.801	1.043	898.908
97.001	161.125	80.056	19.996	100.793	20.091	2.194	1.029	898.869
97.501	161.667	80.056	19.994	100.789	20.093	2.123	1.038	898.881
98.000	162.175	80.054	19.995	100.791	20.094	2.026	1.050	898.839
98.501	162.639	80.057	19.995	100.787	20.091	2.367	0.971	898.896
99.001	163.199	80.057	19.995	100.785	20.101	1.419	1.024	898.875
99.501	163.678	80.056	19.995	100.784	20.101	1.469	1.039	898.858
100.000	164.198	80.056	19.995	100.783	20.101	1.438	0.999	898.843
100.500	164.701	80.054	19.995	100.774	20.101	1.467	1.023	898.856
101.000	165.252	80.052	19.995	100.769	20.102	1.299	1.054	898.846
101.501	165.730	80.055	19.995	100.763	20.099	1.442	1.028	898.864
102.001	166.251	80.054	19.995	100.765	20.098	1.593	0.999	898.900
102.501	166.750	80.055	19.996	100.765	20.104	1.111	1.021	898.869
103.001	167.301	80.053	19.995	100.766	20.100	1.619	1.050	898.873
103.501	167.790	80.054	19.996	100.766	20.098	1.803	1.039	898.866
104.000	168.261	80.057	19.996	100.770	20.100	1.742	0.960	898.877
104.501	168.794	80.058	19.995	100.768	20.104	1.349	1.004	898.830
105.001	169.295	80.058	19.997	100.767	20.098	1.912	1.034	898.874
105.500	169.801	80.057	19.997	100.767	20.098	1.797	1.007	898.851
106.001	170.289	80.056	19.996	100.764	20.098	1.777	0.994	898.879
106.501	170.820	80.057	19.995	100.764	20.098	1.753	1.019	898.856
107.001	171.375	80.058	19.995	100.761	20.097	1.884	1.085	898.822
107.502	171.872	80.056	19.996	100.763	20.101	1.569	1.052	898.855
108.001	172.420	80.055	19.996	100.766	20.099	1.802	1.045	898.839
108.501	172.940	80.059	19.996	100.773	20.105	1.267	1.067	898.856
109.001	173.422	80.057	19.996	100.774	20.103	1.388	1.003	898.867
109.501	173.912	80.059	19.997	100.772	20.108	0.894	0.973	898.864
110.000	174.440	80.057	19.995	100.763	20.103	1.274	1.018	898.859
110.501	174.939	80.057	19.997	100.759	20.102	1.326	1.025	898.882
111.001	175.472	80.056	19.997	100.753	20.104	1.186	1.032	898.875
111.501	175.954	80.057	19.997	100.749	20.109	0.698	1.015	898.863
112.001	176.471	80.058	19.996	100.753	20.101	1.450	0.999	898.885
112.502	176.997	80.056	19.996	100.757	20.103	1.292	1.043	898.887
113.001	177.517	80.053	19.995	100.759	20.109	0.809	1.046	898.884
113.501	178.006	80.057	19.996	100.760	20.106	0.992	1.009	898.858
114.001	178.548	80.056	19.996	100.762	20.103	1.180	1.031	898.877
114.501	179.008	80.056	19.996	100.760	20.107	0.791	1.002	898.877
115.001	179.529	80.060	19.996	100.756	20.115	0.003	0.981	898.861
115.501	180.057	80.058	19.996	100.755	20.108	0.665	1.049	898.874
116.001	180.555	80.057	19.996	100.756	20.105	1.017	1.026	898.847
116.501	181.104	80.057	19.996	100.756	20.108	0.902	1.048	898.885
117.000	181.564	80.057	19.996	100.758	20.109	0.961	1.009	898.825
117.501	182.051	80.058	19.996	100.764	20.108	1.308	0.946	898.860
118.001	182.599	80.055	19.996	100.767	20.110	1.315	1.035	898.888
118.501	183.076	80.055	19.996	100.766	20.101	2.204	1.026	898.855
119.001	183.591	80.058	19.996	100.765	20.100	2.277	0.992	898.854
119.500	184.097	80.056	19.995	100.764	20.097	2.577	1.021	898.868
120.001	184.607	80.058	19.996	100.761	20.102	2.057	1.016	898.865
120.501	185.104	80.059	19.996	100.760	20.101	2.057	1.007	898.871
121.001	185.630	80.058	19.996	100.764	20.109	1.297	1.023	898.861
121.501	186.140	80.059	19.997	100.771	20.111	1.151	1.036	898.897
122.001	186.640	80.057	19.997	100.775	20.109	1.454	1.010	898.860
122.501	187.179	80.057	19.996	100.776	20.111	1.270	1.039	898.857
123.001	187.693	80.059	19.996	100.774	20.105	1.875	1.053	898.875
123.501	188.220	80.057	19.996	100.767	20.111	1.410	1.041	898.857
124.000	188.687	80.059	19.997	100.755	20.111	1.357	0.995	898.891
124.500	189.161	80.060	19.997	100.742	20.111	1.283	0.941	898.871
125.000	189.664	80.055	19.996	100.729	20.110	1.379	0.976	898.903
125.501	190.188	80.059	19.997	100.719	20.109	1.473	1.027	898.874
126.001	190.738	80.059	19.997	100.714	20.111	1.241	1.075	898.883
126.501	191.256	80.058	19.996	100.714	20.108	1.509	1.068	898.899
127.000	191.736	80.060	19.998	100.717	20.108	1.547	0.998	898.867
127.501	192.208	80.057	19.997	100.724	20.111	1.309	0.951	898.874
128.001	192.739	80.058	19.997	100.730	20.110	1.389	1.002	898.878
128.501	193.266	80.059	19.997	100.733	20.109	1.477	1.058	898.828
129.001	193.776	80.057	19.996	100.726	20.106	1.757	1.038	898.857
129.501	194.322	80.057	19.996	100.721	20.111	1.334	1.057	898.849
130.001	194.781	80.057	19.997	100.718	20.105	1.879	1.005	898.853
130.501	195.310	80.056	19.996	100.713	20.102	2.208	0.988	898.837
131.001	195.804	80.060	19.996	100.712	20.112	1.337	1.022	898.882
131.501	196.306	80.060	19.996	100.720	20.109	1.640	0.995	898.887
132.001	196.820	80.060	19.995	100.722	20.112	1.261	1.017	898.868
132.501	197.311	80.060	19.996	100.719	20.129	-0.189	1.005	898.889
133.001	197.834	80.058	19.997	100.722	20.109	1.620	1.013	898.881
133.501	198.314	80.059	19.996	100.724	20.120	0.639	1.004	898.868
134.001	198.859	80.058	19.996	100.720	20.106	1.867	1.025	898.887
134.501	199.356	80.060	19.996	100.719	20.114	1.158	1.041	898.886
135.001	199.853	80.061	19.996	100.723	20.105	2.043	0.994	898.889
135.501	200.353	80.059	19.996	100.722	20.110	1.583	0.997	898.858
136.001	200.854	80.062	19.995	100.718	20.109	1.713	1.001	898.890
136.501	201.418	80.064	19.996	100.717	20.107	1.882	1.065	898.887
137.001	201.887	80.060	19.996	100.719	20.125	0.308	1.034	898.891
137.501	202.400	80.060	19.995	100.718	20.102	2.337	0.981	898.915
138.001	202.898	80.059	19.996	100.715	20.108	1.752	1.011	898.917
138.501	203.448	80.059	19.997	100.714	20.105	2.140	1.048	898.874
139.001	203.916	80.062	19.997	100.712	20.106	2.096	1.017	898.901
139.501	204.449	80.061	19.996	100.713	20.110	1.722	1.000	898.872
140.002	204.978	80.062	19.995	100.714	20.098	2.886	1.062	898.863
140.501	205.461	80.066	19.997	100.713	20.111	1.891	1.013	898.859
141.001	205.977	80.062	19.996	100.714	20.104	2.626	0.998	898.882
141.501	206.488	80.061	19.995	100.715	20.121	1.107	1.027	898.869
142.001	207.006	80.062	19.996	100.709	20.116	1.633	1.030	898.917
142.501	207.426	80.060	19.995	100.704	20.111	2.073	0.938	898.956
143.001	207.984	80.061	19.996	100.710	20.112	2.034	0.978	898.909
143.501	208.494	80.058	19.995	100.704	20.111	2.118	1.068	898.892
144.001	208.988	80.061	19.997	100.703	20.108	2.357	1.004	898.867
144.501	209.455	80.062	19.997	100.704	20.107	2.351	0.960	898.928
145.001	210.014	80.060	19.996	100.705	20.111	1.986	1.025	898.858
145.501	210.543	80.059	19.995	100.704	20.107	2.415	1.089	898.891
146.001	211.025	80.059	19.996	100.705	20.114	1.809	1.011	898.912
146.501	211.551	80.060	19.997	100.700	20.112	2.025	1.008	898.880
147.001	212.010	80.058	19.994	100.695	20.116	1.737	0.985	898.915
147.501	212.595	80.062	19.994	100.690	20.113	2.096	1.044	898.857
148.002	213.053	80.060	19.995	100.679	20.113	2.084	1.042	898.871
148.501	213.526	80.060	19.996	100.676	20.115	1.887	0.932	898.909
149.001	214.095	80.059	19.996	100.675	20.111	2.153	1.042	898.879
149.501	214.561	80.059	19.997	100.669	20.115	1.891	1.034	898.907
150.001	215.096	80.059	19.996	100.669	20.114	2.015	1.001	898.861
150.501	215.633	80.056	19.994	100.671	20.121	1.406	1.072	898.906
151.001	216.120	80.060	19.995	100.672	20.118	1.847	1.024	898.888
151.501	216.623	80.059	19.995	100.675	20.116	1.996	0.990	898.933
152.001	217.108	80.057	19.996	100.681	20.120	1.655	0.988	898.927
152.501	217.626	80.059	19.996	100.679	20.120	1.569	1.003	898.887
153.001	218.101	80.059	19.997	100.675	20.116	1.917	0.993	898.936
153.501	218.633	80.057	19.997	100.670	20.115	1.910	1.007	898.924
154.002	219.117	80.057	19.995	100.667	20.117	1.668	1.016	898.913
154.502	219.648	80.057	19.996	100.662	20.121	1.329	1.015	898.906
155.001	220.134	80.058	19.996	100.662	20.115	1.821	1.017	898.919
155.501	220.667	80.058	19.997	100.664	20.118	1.431	1.019	898.918
156.001	221.127	80.057	19.996	100.665	20.117	1.516	0.994	898.921
156.501	221.664	80.058	19.995	100.667	20.116	1.538	0.997	898.886
157.001	222.147	80.056	19.996	100.662	20.115	1.517	1.021	898.950
157.501	222.671	80.056	19.996	100.657	20.119	1.049	1.007	898.935
158.001	223.157	80.059	19.996	100.655	20.117	1.129	1.010	898.916
158.501	223.692	80.057	19.996	100.651	20.119	0.864	1.021	898.918
159.001	224.178	80.055	19.996	100.648	20.116	1.032	1.021	898.945
159.501	224.690	80.056	19.996	100.652	20.116	0.928	0.998	898.939
160.001	225.188	80.056	19.997	100.655	20.119	0.707	1.009	898.964
160.501	225.687	80.058	19.998	100.656	20.119	0.894	0.997	898.956
161.001	226.157	80.055	19.997	100.664	20.122	0.708	0.970	898.943
161.501	226.707	80.054	19.996	100.667	20.121	0.886	1.020	898.944
162.001	227.187	80.056	19.997	100.665	20.119	1.131	1.029	898.989
162.502	227.710	80.054	19.997	100.670	20.123	0.728	1.002	898.943
163.002	228.217	80.055	19.997	100.676	20.119	1.059	1.030	898.961
163.501	228.704	80.058	19.996	100.677	20.119	1.121	0.994	898.987
164.001	229.204	80.058	19.996	100.681	20.119	1.197	0.987	898.957
164.501	229.709	80.058	19.997	100.688	20.121	1.216	1.005	898.947
165.001	230.209	80.057	19.996	100.696	20.119	1.489	1.005	898.964
165.501	230.717	80.056	19.997	100.699	20.119	1.764	1.007	898.962
166.002	231.207	80.059	19.997	100.708	20.118	2.063	0.997	898.938
166.502	231.732	80.057	19.995	100.715	20.119	2.047	1.015	898.979
167.002	232.231	80.057	19.996	100.717	20.120	1.924	1.025	898.954
167.501	232.726	80.058	19.995	100.708	20.118	2.095	0.994	898.984
168.001	233.225	80.057	19.995	100.700	20.119	2.017	0.993	898.942
168.502	233.764	80.061	19.995	100.693	20.122	1.738	1.038	898.937
169.001	234.256	80.062	19.995	100.686	20.124	1.353	1.032	898.975
169.501	234.731	80.060	19.996	100.684	20.120	1.585	0.967	898.950
170.001	235.240	80.058	19.997	100.691	20.122	1.279	0.983	898.975
170.502	235.786	80.058	19.996	100.693	20.121	1.200	1.056	898.986
171.001	236.263	80.059	19.996	100.687	20.119	1.311	1.023	898.974
171.502	236.784	80.059	19.997	100.679	20.116	1.585	0.997	898.992
172.002	237.286	80.057	19.996	100.668	20.120	1.293	1.023	898.995
172.502	237.774	80.058	19.995	100.658	20.118	1.558	0.991	898.990
173.001	238.270	80.059	19.995	100.644	20.121	1.388	0.984	898.964
173.501	238.789	80.059	19.995	100.633	20.120	1.611	1.014	898.993
174.001	239.276	80.061	19.996	100.630	20.119	1.825	1.005	899.001
174.502	239.775	80.063	19.996	100.629	20.122	1.592	0.985	899.022
175.002	240.300	80.063	19.996	100.627	20.119	1.940	1.025	898.992
175.501	240.814	80.061	19.996	100.635	20.120	1.925	1.039	898.975
176.002	241.303	80.059	19.996	100.643	20.119	1.959	1.002	899.001
176.502	241.797	80.060	19.996	100.650	20.118	2.092	0.984	898.995
177.002	242.330	80.063	19.997	100.659	20.117	2.140	1.028	899.041
177.502	242.818	80.060	19.995	100.667	20.118	2.013	1.020	899.010
178.002	243.318	80.060	19.995	100.674	20.121	1.720	0.989	899.026
178.501	243.808	80.059	19.994	100.681	20.120	1.877	0.991	899.033
179.001	244.327	80.060	19.995	100.677	20.120	1.861	1.008	899.004
179.502	244.843	80.062	19.995	100.671	20.117	2.020	1.035	899.044
180.002	245.353	80.059	19.993	100.664	20.117	1.894	1.026	899.013
180.502	245.806	80.058	19.994	100.654	20.119	1.651	0.963	898.989
181.002	246.338	80.057	19.994	100.647	20.120	1.477	0.985	899.013
181.502	246.838	80.055	19.994	100.644	20.124	0.881	1.033	898.985
182.001	247.339	80.056	19.995	100.640	20.123	0.902	1.001	899.008
182.502	247.827	80.055	19.995	100.636	20.117	1.418	0.988	898.992
183.002	248.341	80.056	19.995	100.634	20.120	1.143	1.002	898.992
183.502	248.819	80.058	19.995	100.634	20.117	1.446	0.992	899.022
184.001	249.318	80.057	19.994	100.634	20.119	1.237	0.978	898.984
184.501	249.811	80.057	19.994	100.635	20.120	1.220	0.992	899.031
185.002	250.344	80.060	19.995	100.640	20.121	1.149	1.026	899.013
185.501	250.823	80.059	19.994	100.640	20.120	1.315	1.011	899.004
186.002	251.329	80.058	19.995	100.636	20.118	1.568	0.984	899.034
186.502	251.849	80.057	19.995	100.638	20.120	1.490	1.027	899.020
187.001	252.350	80.056	19.994	100.646	20.119	1.745	1.021	899.013
187.501	252.891	80.058	19.995	100.650	20.124	1.538	1.041	899.041
188.001	253.364	80.056	19.996	100.658	20.125	1.511	1.014	899.013
188.502	253.900	80.058	19.994	100.672	20.123	1.791	1.009	899.022
189.001	254.404	80.059	19.995	100.681	20.124	1.739	1.040	899.053
189.501	254.902	80.057	19.994	100.682	20.127	1.587	1.002	899.032
190.002	255.370	80.058	19.995	100.682	20.123	1.959	0.966	899.058
190.501	255.907	80.060	19.995	100.682	20.125	1.710	1.005	899.045
191.002	256.397	80.059	19.995	100.679	20.125	1.724	1.027	899.050
191.502	256.908	80.059	19.994	100.677	20.124	1.932	1.001	899.066
192.002	257.407	80.057	19.995	100.677	20.125	1.833	1.011	899.063
192.502	257.904	80.057	19.995	100.674	20.122	2.056	0.995	899.042
193.002	258.421	80.060	19.995	100.669	20.125	1.784	1.014	899.077
193.502	258.917	80.057	19.995	100.665	20.123	1.918	1.014	899.037
194.002	259.399	80.059	19.995	100.655	20.125	1.667	0.978	899.069
194.501	259.922	80.060	19.995	100.643	20.122	1.800	1.005	899.088
195.001	260.450	80.059	19.994	100.635	20.122	1.713	1.051	899.063
195.502	260.917	80.059	19.994	100.628	20.124	1.471	0.995	899.069
196.002	261.427	80.061	19.995	100.623	20.123	1.420	0.977	899.108
196.502	261.912	80.059	19.994	100.621	20.123	1.368	0.996	899.076
197.001	262.399	80.061	19.995	100.618	20.122	1.371	0.973	899.035
197.501	262.907	80.061	19.995	100.617	20.122	1.326	0.995	899.065
198.002	263.398	80.062	19.994	100.619	20.120	1.523	0.998	899.037
198.502	263.890	80.060	19.996	100.616	20.123	1.248	0.984	899.077
199.001	264.389	80.058	19.996	100.612	20.120	1.597	0.991	899.096
199.502	264.895	80.060	19.996	100.617	20.121	1.585	1.004	899.052
200.002	265.394	80.059	19.995	100.618	20.118	1.967	1.004	899.055
200.502	265.880	80.059	19.995	100.614	20.124	1.557	0.985	899.057
201.002	266.393	80.059	19.995	100.620	20.118	2.324	0.999	899.068
201.502	266.893	80.059	19.996	100.628	20.123	2.056	1.013	899.064
202.002	267.380	80.059	19.995	100.633	20.121	2.245	0.988	899.073
202.502	267.867	80.058	19.995	100.642	20.126	1.926	0.975	899.080
203.002	268.376	80.058	19.996	100.647	20.127	1.928	0.996	899.074
203.502	268.907	80.060	19.995	100.649	20.130	1.706	1.040	899.053
204.002	269.406	80.059	19.996	100.654	20.129	1.693	1.030	899.067
204.502	269.901	80.058	19.997	100.657	20.126	1.806	0.994	899.119
205.002	270.416	80.059	19.996	100.658	20.128	1.682	1.010	899.106
205.501	270.885	80.058	19.996	100.662	20.127	1.683	0.984	899.090
206.002	271.415	80.058	19.995	100.661	20.126	1.778	0.998	899.093
206.502	271.897	80.060	19.996	100.649	20.129	1.394	1.012	899.129
207.002	272.411	80.060	19.996	100.641	20.126	1.466	0.996	899.112
207.502	272.917	80.060	19.995	100.639	20.124	1.590	1.020	899.112
208.002	273.413	80.059	19.995	100.629	20.127	1.159	1.002	899.118
208.501	273.908	80.060	19.996	100.617	20.125	1.284	0.991	899.081
209.002	274.391	80.063	19.996	100.610	20.128	1.041	0.978	899.132
209.502	274.889	80.060	19.996	100.601	20.126	1.292	0.981	899.105
210.002	275.396	80.059	19.997	100.592	20.127	1.205	1.005	899.083
210.502	275.897	80.059	19.996	100.594	20.125	1.440	1.008	899.089
211.001	276.366	80.057	19.996	100.599	20.125	1.477	0.970	899.086
211.502	276.888	80.060	19.995	100.606	20.128	1.303	0.991	899.112
212.002	277.396	80.061	19.996	100.610	20.122	1.928	1.029	899.103
212.502	277.906	80.061	19.996	100.608	20.125	1.833	1.017	899.120
213.002	278.452	80.060	19.996	100.608	20.128	1.563	1.056	899.148
213.502	278.915	80.060	19.997	100.612	20.127	1.777	1.010	899.157
214.002	279.428	80.060	19.996	100.622	20.128	1.689	0.976	899.086
214.502	279.897	80.061	19.995	100.630	20.130	1.396	0.981	899.143
215.002	280.432	80.059	19.997	100.642	20.129	1.476	1.003	899.149
215.502	280.912	80.060	19.998	100.649	20.130	1.403	1.016	899.148
216.002	281.425	80.059	19.997	100.646	20.122	2.153	0.993	899.123
216.502	281.948	80.060	19.997	100.642	20.127	1.683	1.036	899.157
217.002	282.442	80.060	19.996	100.640	20.129	1.564	1.018	899.151
217.502	282.945	80.061	19.995	100.634	20.126	1.781	0.997	899.165
218.002	283.435	80.060	19.996	100.633	20.129	1.524	0.993	899.135
218.502	283.893	80.059	19.996	100.635	20.130	1.328	0.947	899.171
219.002	284.398	80.058	19.997	100.627	20.128	1.512	0.962	899.168
219.503	284.913	80.059	19.997	100.617	20.133	1.121	1.021	899.161
220.002	285.436	80.060	19.996	100.610	20.130	1.341	1.039	899.147
220.502	285.919	80.059	19.997	100.606	20.126	1.755	1.005	899.151
221.002	286.453	80.060	19.998	100.603	20.126	1.704	1.017	899.168
221.502	286.936	80.058	19.997	100.608	20.127	1.673	1.018	899.149
222.002	287.437	80.058	19.996	100.614	20.127	1.669	0.984	899.146
222.502	287.939	80.059	19.995	100.617	20.130	1.451	1.003	899.191
223.002	288.429	80.059	19.995	100.611	20.132	1.250	0.992	899.150
223.502	288.933	80.059	19.997	100.609	20.131	1.354	0.995	899.176
224.002	289.469	80.058	19.997	100.609	20.131	1.389	1.040	899.160
224.502	289.965	80.057	19.996	100.607	20.135	1.132	1.031	899.194
225.002	290.448	80.059	19.997	100.610	20.131	1.512	0.979	899.180
225.502	290.942	80.058	19.997	100.615	20.135	1.237	0.976	899.184
226.002	291.455	80.059	19.997	100.618	20.134	1.232	1.007	899.207
226.502	291.949	80.060	19.997	100.616	20.130	1.566	1.008	899.203
227.002	292.448	80.059	19.997	100.614	20.131	1.376	0.993	899.176
227.502	292.936	80.060	19.997	100.611	20.130	1.477	0.987	899.162
228.002	293.420	80.063	19.997	100.611	20.127	1.725	0.971	899.195
228.502	293.932	80.060	19.996	100.612	20.129	1.629	0.996	899.180
229.002	294.444	80.061	19.997	100.612	20.128	1.766	1.025	899.208
229.502	294.958	80.059	19.995	100.611	20.129	1.705	1.026	899.209
230.002	295.448	80.059	19.996	100.612	20.130	1.709	1.003	899.208
230.502	295.950	80.061	19.997	100.611	20.129	1.775	0.992	899.217
231.002	296.421	80.058	19.996	100.608	20.128	1.854	0.974	899.216
231.502	296.949	80.058	19.996	100.605	20.133	1.319	1.000	899.223
232.002	297.440	80.059	19.997	100.603	20.126	1.911	1.019	899.199
232.502	297.942	80.057	19.996	100.598	20.129	1.697	0.993	899.214
233.002	298.448	80.059	19.996	100.596	20.129	1.693	1.008	899.199
233.502	298.963	80.063	19.996	100.598	20.127	1.946	1.021	899.210
234.002	299.462	80.060	19.996	100.603	20.130	1.740	1.014	899.244
234.502	299.948	80.059	19.996	100.610	20.129	1.880	0.984	899.204
235.002	300.477	80.057	19.995	100.611	20.132	1.594	1.015	899.241
235.502	300.970	80.058	19.997	100.609	20.133	1.593	1.022	899.220
236.002	301.450	80.059	19.997	100.603	20.131	1.725	0.973	899.224
236.502	301.980	80.056	19.997	100.598	20.129	1.938	1.011	899.255
237.002	302.470	80.057	19.997	100.593	20.128	1.998	1.020	899.237
237.502	302.968	80.058	19.997	100.591	20.128	1.995	0.987	899.261
238.002	303.482	80.056	19.997	100.594	20.127	2.050	1.012	899.253
238.502	303.955	80.058	19.997	100.597	20.129	1.795	0.986	899.220
239.003	304.454	80.056	19.997	100.601	20.130	1.714	0.972	899.267
239.503	304.993	80.057	19.997	100.601	20.129	1.914	1.039	899.231
240.002	305.455	80.057	19.997	100.601	20.126	2.194	1.002	899.270
240.502	305.946	80.056	19.997	100.597	20.128	1.994	0.953	899.278
241.002	306.467	80.058	19.997	100.595	20.129	1.906	1.012	899.315
241.502	306.959	80.058	19.998	100.588	20.130	1.880	1.014	899.256
242.002	307.445	80.056	19.997	100.587	20.130	1.904	0.978	899.287
242.502	307.935	80.057	19.997	100.589	20.125	2.288	0.975	899.260
243.002	308.480	80.058	19.997	100.587	20.126	2.242	1.035	899.248
243.502	308.944	80.057	19.997	100.585	20.126	2.285	1.010	899.270
244.002	309.461	80.059	19.997	100.587	20.129	2.039	0.982	899.287
244.502	309.963	80.058	19.996	100.588	20.127	2.137	1.019	899.263
245.002	310.490	80.058	19.996	100.587	20.129	1.883	1.028	899.264
245.502	310.969	80.059	19.997	100.592	20.130	1.802	1.006	899.278
246.002	311.493	80.057	19.997	100.594	20.127	1.999	1.003	899.288
246.502	311.955	80.058	19.997	100.591	20.129	1.856	0.986	899.259
247.002	312.434	80.059	19.997	100.585	20.130	1.875	0.941	899.278
247.502	312.956	80.058	19.996	100.583	20.132	1.769	1.001	899.283
248.002	313.464	80.058	19.997	100.584	20.128	2.177	1.029	899.303
248.503	313.960	80.056	19.997	100.583	20.130	1.951	1.004	899.250
249.002	314.452	80.056	19.997	100.584	20.127	2.257	0.989	899.297
249.502	314.941	80.059	19.997	100.587	20.128	2.157	0.981	899.306
250.002	315.445	80.060	19.996	100.587	20.124	2.464	0.993	899.299
250.502	315.942	80.059	19.996	100.579	20.124	2.480	1.000	899.296
251.003	316.450	80.059	19.996	100.576	20.124	2.475	1.004	899.285
251.503	316.940	80.059	19.995	100.579	20.126	2.297	0.998	899.309
252.002	317.441	80.063	19.996	100.587	20.127	2.240	0.991	899.296
252.502	317.924	80.061	19.996	100.591	20.125	2.447	0.984	899.291
253.003	318.433	80.060	19.995	100.593	20.129	2.049	0.992	899.312
253.502	318.958	80.059	19.997	100.594	20.125	2.461	1.034	899.319
254.002	319.442	80.059	19.998	100.589	20.128	2.279	1.009	899.301
254.503	319.947	80.060	19.996	100.579	20.126	2.521	0.988	899.328
255.003	320.484	80.061	19.996	100.575	20.127	2.435	1.042	899.316
255.503	320.949	80.060	19.995	100.576	20.129	2.276	1.003	899.320
256.002	321.447	80.059	19.996	100.576	20.128	2.352	0.963	899.334
256.502	321.950	80.058	19.997	100.579	20.126	2.535	0.999	899.310
257.003	322.476	80.058	19.997	100.580	20.127	2.453	1.028	899.365
257.503	322.954	80.060	19.997	100.579	20.127	2.414	1.005	899.354
258.003	323.454	80.058	19.996	100.581	20.130	2.157	0.980	899.348
258.502	323.976	80.060	19.996	100.581	20.126	2.584	1.022	899.337
259.002	324.458	80.060	19.997	100.580	20.127	2.502	1.004	899.337
259.502	324.993	80.059	19.997	100.577	20.127	2.539	1.018	899.353
260.002	325.469	80.061	19.996	100.577	20.126	2.618	1.012	899.347
260.502	325.965	80.063	19.996	100.574	20.129	2.349	0.972	899.353
261.002	326.440	80.058	19.995	100.570	20.126	2.605	0.970	899.317
261.503	326.970	80.060	19.995	100.568	20.129	2.261	1.003	899.346
262.003	327.463	80.058	19.996	100.566	20.126	2.535	1.023	899.341
262.503	327.955	80.058	19.995	100.565	20.128	2.406	0.986	899.367
263.002	328.472	80.058	19.995	100.565	20.128	2.438	1.009	899.343
263.502	328.930	80.058	19.995	100.563	20.128	2.453	0.975	899.365
264.002	329.482	80.060	19.994	100.562	20.128	2.523	1.009	899.371
264.503	329.970	80.059	19.996	100.565	20.126	2.676	1.039	899.353
265.003	330.480	80.057	19.997	100.567	20.128	2.428	0.999	899.384
265.502	330.978	80.059	19.996	100.566	20.130	2.181	1.009	899.342
266.002	331.456	80.059	19.996	100.564	20.131	2.001	0.976	899.380
266.502	331.981	80.058	19.996	100.561	20.125	2.419	1.002	899.375
267.002	332.456	80.057	19.996	100.559	20.127	2.295	0.999	899.404
267.503	332.950	80.058	19.996	100.555	20.126	2.346	0.968	899.340
268.003	333.462	80.060	19.996	100.556	20.127	2.410	1.005	899.390
268.503	333.984	80.059	19.996	100.562	20.129	2.223	1.034	899.385
269.003	334.489	80.057	19.996	100.567	20.128	2.303	1.028	899.393
269.502	334.974	80.056	19.996	100.567	20.130	2.209	0.991	899.389
270.002	335.467	80.058	19.996	100.566	20.129	2.280	0.977	899.394
270.503	335.975	80.059	19.996	100.558	20.130	2.299	1.000	899.391
271.003	336.478	80.060	19.996	100.554	20.131	2.249	1.012	899.434
271.502	336.992	80.059	19.996	100.553	20.129	2.502	1.017	899.418
272.003	337.456	80.059	19.995	100.557	20.127	2.759	0.977	899.422
272.503	337.968	80.059	19.996	100.566	20.129	2.602	0.977	899.397
273.002	338.497	80.058	19.996	100.573	20.128	2.650	1.041	899.425
273.503	338.965	80.059	19.996	100.575	20.127	2.617	0.997	899.466
274.002	339.454	80.057	19.996	100.578	20.125	2.778	0.957	899.386
274.503	339.980	80.058	19.997	100.577	20.126	2.645	1.015	899.430
275.003	340.474	80.061	19.996	100.570	20.128	2.506	1.021	899.426
275.502	340.977	80.058	19.996	100.566	20.129	2.472	0.997	899.402
276.002	341.492	80.058	19.997	100.565	20.130	2.447	1.018	899.446
276.503	341.957	80.062	19.997	100.564	20.133	2.217	0.979	899.466
277.003	342.488	80.059	19.997	100.564	20.131	2.380	0.995	899.419
277.503	342.965	80.057	19.997	100.563	20.129	2.616	1.009	899.424
278.003	343.487	80.058	19.996	100.559	20.126	2.907	0.999	899.439
278.502	343.976	80.059	19.997	100.555	20.129	2.612	1.011	899.450
279.003	344.477	80.061	19.996	100.549	20.131	2.323	0.989	899.484
279.503	344.991	80.056	19.997	100.543	20.124	2.894	1.015	899.457
280.003	345.487	80.058	19.997	100.544	20.130	2.394	1.011	899.471
280.503	345.996	80.059	19.996	100.550	20.128	2.466	1.005	899.487
281.003	346.507	80.056	19.996	100.554	20.134	1.907	1.021	899.481
281.503	346.981	80.058	19.997	100.557	20.129	2.446	0.985	899.465
282.003	347.466	80.060	19.996	100.559	20.130	2.463	0.958	899.448
282.503	347.999	80.056	19.997	100.556	20.129	2.533	1.019	899.482
283.002	348.474	80.055	19.997	100.553	20.130	2.453	1.008	899.489
283.503	348.985	80.054	19.996	100.549	20.125	2.893	0.985	899.453
284.004	349.473	80.055	19.997	100.547	20.128	2.686	0.999	899.465
284.503	349.977	80.056	19.997	100.545	20.124	2.960	0.993	899.446
285.003	350.453	80.053	19.997	100.543	20.125	2.953	0.980	899.524
285.503	351.016	80.057	19.997	100.541	20.121	3.323	1.038	899.473
286.003	351.467	80.058	19.997	100.544	20.126	2.851	1.015	899.465
286.502	351.984	80.057	19.997	100.549	20.132	2.332	0.968	899.505
287.003	352.494	80.058	19.998	100.555	20.123	3.127	1.026	899.506
287.503	353.001	80.062	19.997	100.557	20.126	2.912	1.016	899.481
288.003	353.484	80.059	19.997	100.561	20.123	3.091	0.991	899.493
288.502	353.947	80.056	19.996	100.559	20.124	3.081	0.947	899.501
289.003	354.493	80.056	19.997	100.553	20.129	2.613	1.008	899.477
289.503	354.976	80.058	19.998	100.546	20.124	3.026	1.029	899.530
290.003	355.486	80.057	19.997	100.548	20.127	2.761	0.993	899.483
290.503	355.966	80.054	19.997	100.548	20.127	2.796	0.990	899.516
291.003	356.492	80.056	19.997	100.546	20.124	3.102	1.006	899.488
291.503	356.956	80.055	19.997	100.549	20.123	3.168	0.991	899.476
292.002	357.453	80.054	19.997	100.550	20.121	3.465	0.961	899.492
292.503	357.964	80.057	19.998	100.545	20.119	3.663	1.007	899.507
293.003	358.480	80.057	19.996	100.540	20.121	3.501	1.027	899.542
293.503	358.965	80.057	19.997	100.543	20.120	3.545	1.002	899.533
294.003	359.445	80.057	19.996	100.543	20.117	3.799	0.965	899.533
294.503	359.971	80.057	19.997	100.543	20.119	3.568	1.006	899.550
295.003	360.481	80.056	19.997	100.547	20.118	3.626	1.036	899.498
295.503	360.971	80.057	19.997	100.549	20.120	3.390	1.000	899.561
296.003	361.474	80.058	19.997	100.542	20.112	4.147	0.993	899.564
296.503	361.993	80.059	19.997	100.542	20.113	3.980	1.021	899.583
297.004	362.449	80.057	19.997	100.545	20.112	4.057	0.973	899.526
297.504	362.926	80.056	19.996	100.545	20.111	4.144	0.933	899.536
298.004	363.445	80.060	19.998	100.542	20.109	4.339	0.997	899.532
298.504	363.987	80.059	19.996	100.543	20.106	4.568	1.061	899.569
299.004	364.488	80.058	19.996	100.539	20.108	4.419	1.043	899.597
299.503	364.972	80.058	19.997	100.532	20.109	4.336	0.985	899.561
300.004	365.478	80.056	19.996	100.530	20.107	4.478	0.991	899.571
300.503	366.008	80.059	19.996	100.533	20.106	4.500	1.037	899.600
301.003	366.469	80.057	19.996	100.535	20.105	4.534	0.990	899.582
301.503	366.995	80.057	19.996	100.540	20.105	4.600	0.986	899.611
302.004	367.471	80.060	19.998	100.541	20.104	4.563	1.002	899.565
302.503	367.975	80.059	19.997	100.544	20.104	4.628	0.981	899.597
303.002	368.466	80.060	19.997	100.543	20.101	4.903	0.995	899.600
303.503	368.971	80.061	19.997	100.544	20.100	5.040	0.995	899.588
304.003	369.475	80.062	19.997	100.545	20.102	4.880	1.009	899.618
304.503	369.976	80.059	19.997	100.548	20.098	5.258	1.005	899.588
305.003	370.473	80.058	19.996	100.549	20.095	5.627	0.999	899.602
305.503	371.000	80.059	19.996	100.550	20.089	6.142	1.024	899.589
306.003	371.459	80.062	19.996	100.551	20.091	6.033	0.986	899.620
306.503	371.966	80.058	19.997	100.549	20.090	6.144	0.966	899.620
307.003	372.479	80.060	19.995	100.548	20.087	6.424	1.020	899.617
307.503	372.946	80.060	19.996	100.551	20.082	6.832	0.981	899.586
308.003	373.455	80.060	19.995	100.554	20.083	6.813	0.976	899.597
308.503	373.959	80.062	19.997	100.554	20.084	6.767	1.012	899.582
309.003	374.448	80.063	19.997	100.557	20.088	6.311	0.992	899.606
309.503	374.944	80.061	19.996	100.559	20.080	6.869	0.985	899.609
310.004	375.471	80.058	19.996	100.556	20.077	7.124	1.023	899.625
310.504	375.970	80.059	19.996	100.553	20.075	7.142	1.027	899.655
311.003	376.461	80.060	19.996	100.550	20.077	6.989	0.991	899.641
311.503	376.944	80.060	19.996	100.550	20.073	7.293	0.974	899.591
312.003	377.434	80.058	19.996	100.547	20.067	7.925	0.973	899.610
312.503	377.967	80.059	19.996	100.546	20.067	8.099	1.023	899.630
313.003	378.452	80.059	19.997	100.545	20.065	8.246	1.018	899.631
313.503	378.979	80.058	19.996	100.542	20.062	8.559	1.012	899.644
314.003	379.490	80.058	19.996	100.538	20.056	9.143	1.037	899.683
314.503	379.948	80.058	19.997	100.540	20.052	9.502	0.968	899.648
315.004	380.440	80.058	19.995	100.537	20.050	9.626	0.950	899.659
315.504	380.951	80.055	19.996	100.536	20.048	9.718	1.003	899.639
316.004	381.446	80.054	19.994	100.538	20.040	10.425	1.006	899.670
316.503	381.972	80.054	19.995	100.543	20.037	10.610	1.022	899.653
317.003	382.449	80.055	19.995	100.548	20.034	10.739	1.003	899.664
317.503	382.968	80.055	19.995	100.555	20.027	11.277	0.995	899.692
318.003	383.470	80.054	19.994	100.562	20.024	11.489	1.021	899.650
318.504	383.973	80.052	19.995	100.564	20.019	11.884	1.005	899.660
319.004	384.477	80.053	19.995	100.559	20.015	12.197	1.008	899.695
319.503	384.975	80.058	19.995	100.549	20.011	12.602	1.002	899.690
320.003	385.444	80.057	19.996	100.543	20.003	13.295	0.966	899.680
320.504	385.961	80.053	19.996	100.542	19.996	13.973	0.986	899.680
321.004	386.485	80.053	19.995	100.540	19.988	14.834	1.042	899.683
321.504	386.963	80.054	19.996	100.539	19.977	15.902	1.002	899.663
322.004	387.456	80.054	19.996	100.542	19.967	16.737	0.971	899.668
322.503	387.957	80.055	19.996	100.546	19.962	17.196	0.994	899.698
323.003	388.443	80.056	19.995	100.545	19.953	17.937	0.986	899.709
323.504	388.963	80.056	19.995	100.550	19.941	18.991	1.007	899.706
324.003	389.427	80.054	19.995	100.557	19.931	19.761	0.985	899.702
324.503	389.945	80.056	19.994	100.563	19.922	20.550	0.982	899.701
325.003	390.455	80.057	19.996	100.566	19.909	21.653	1.028	899.710
325.503	390.931	80.056	19.996	100.569	19.896	22.814	0.986	899.696
326.003	391.441	80.055	19.996	100.572	19.882	24.009	0.985	899.713
326.503	391.953	80.053	19.996	100.575	19.867	25.256	1.022	899.697
327.003	392.443	80.055	19.995	100.573	19.853	26.457	1.002	899.742
327.503	392.920	80.057	19.995	100.571	19.823	29.103	0.967	899.732
328.003	393.448	80.054	19.995	100.567	19.804	30.781	1.005	899.710
328.503	393.949	80.055	19.995	100.558	19.784	32.477	1.029	899.741
329.003	394.433	80.056	19.995	100.551	19.766	34.043	0.985	899.693
329.503	394.925	80.053	19.996	100.555	19.742	36.050	0.976	899.721
330.003	395.415	80.055	19.995	100.557	19.720	37.858	0.982	899.692
330.503	395.942	80.057	19.995	100.562	19.699	39.656	1.017	899.728
331.003	396.420	80.057	19.996	100.567	19.678	41.484	1.004	899.728
331.504	396.928	80.057	19.996	100.568	19.652	44.052	0.986	899.762
332.004	397.439	80.055	19.996	100.567	19.618	47.306	1.019	899.723
332.504	397.919	80.059	19.996	100.569	19.578	51.335	0.990	899.716
333.003	398.431	80.055	19.995	100.570	19.533	55.737	0.992	899.742
333.503	398.937	80.056	19.996	100.576	19.472	61.508	1.018	899.716
334.003	399.464	80.058	19.996	100.580	19.404	68.032	1.033	899.735
334.503	399.938	80.058	19.996	100.579	19.328	75.077	1.001	899.702
335.003	400.458	80.057	19.997	100.575	19.245	82.739	0.994	899.723
335.504	400.948	80.060	19.997	100.579	19.157	90.703	1.009	899.734
336.004	401.467	80.058	19.997	100.582	19.075	98.164	1.009	899.750
336.504	401.955	80.058	19.998	100.589	19.012	103.976	1.007	899.724
337.004	402.485	80.057	19.997	100.598	18.987	106.366	1.018	899.787
337.504	402.932	80.058	19.997	100.605	18.999	105.302	0.978	899.740
338.003	403.454	80.057	19.996	100.606	19.049	100.669	0.970	899.742
338.503	403.918	80.058	19.996	100.603	19.120	93.948	0.986	899.748
339.003	404.473	80.056	19.997	100.586	19.184	87.820	1.019	899.751
339.503	404.957	80.056	19.997	100.561	19.232	82.755	1.039	899.769
340.003	405.443	80.058	19.997	100.531	19.253	80.265	0.971	899.757
340.503	405.959	80.058	19.997	100.499	19.239	81.010	1.001	899.737
341.004	406.474	80.059	19.997	100.468	19.186	85.610	1.030	899.759
341.504	406.944	80.057	19.998	100.442	19.101	93.287	0.985	899.774
342.003	407.450	80.059	19.997	100.422	18.992	103.141	0.976	899.772
342.503	407.932	80.056	19.997	100.404	18.868	114.685	0.988	899.731
343.003	408.418	80.058	19.997	100.383	18.746	125.950	0.968	899.750
343.503	408.924	80.060	19.996	100.366	18.631	136.364	0.992	899.770
344.003	409.418	80.059	19.996	100.352	18.540	144.449	1.000	899.795
344.503	409.933	80.057	19.997	100.341	18.476	150.146	1.009	899.768
345.003	410.418	80.058	19.997	100.346	18.448	152.551	0.999	899.752
345.504	410.925	80.059	19.996	100.367	18.434	153.291	0.992	899.793
346.004	411.453	80.060	19.997	100.404	18.430	153.091	1.036	899.800
346.504	411.929	80.058	19.997	100.451	18.423	153.318	1.005	899.776
347.003	412.469	80.058	19.995	100.508	18.402	154.638	1.016	899.847
347.503	412.935	80.058	19.996	100.552	18.370	156.805	1.005	899.808
348.003	413.460	80.057	19.996	100.572	18.324	160.399	0.991	899.785
348.503	413.924	80.059	19.995	100.565	18.231	168.508	0.989	899.800
349.004	414.414	80.060	19.995	100.544	18.093	181.020	0.953	899.771
349.504	414.935	80.060	19.995	100.504	17.931	195.832	1.010	899.794
350.004	415.404	80.060	19.996	100.457	17.794	208.488	0.990	899.804
350.504	415.912	80.060	19.995	100.425	17.699	217.434	0.977	899.790
351.004	416.427	80.058	19.995	100.413	17.634	223.546	1.023	899.816
351.503	416.898	80.059	19.996	100.412	17.577	228.659	0.986	899.809
352.004	417.427	80.057	19.996	100.409	17.503	234.880	1.000	899.846
352.504	417.893	80.058	19.996	100.425	17.401	243.325	0.995	899.801
353.003	418.405	80.058	19.997	100.457	17.275	253.934	0.979	899.782
353.503	418.901	80.057	19.996	100.489	17.129	266.447	1.009	899.817
354.004	419.401	80.057	19.996	100.522	16.987	278.831	0.996	899.793
354.504	419.880	80.057	19.996	100.570	16.875	288.724	0.979	899.803
355.004	420.384	80.055	19.995	100.609	16.790	296.287	0.983	899.837
355.504	420.892	80.056	19.997	100.623	16.713	303.015	1.012	899.820
356.004	421.403	80.056	19.996	100.615	16.594	313.298	1.020	899.812
356.503	421.868	80.055	19.996	100.582	16.440	326.423	0.976	899.854
357.003	422.377	80.057	19.996	100.519	16.278	340.294	0.973	899.834
357.504	422.877	80.057	19.995	100.458	16.115	354.316	1.008	899.848
358.003	423.378	80.058	19.995	100.411	15.961	367.666	1.001	899.869
358.504	423.883	80.059	19.996	100.384	15.822	379.877	1.006	899.869
359.003	424.344	80.055	19.996	100.394	15.686	391.832	0.967	899.843
359.503	424.871	80.058	19.996	100.432	15.550	403.712	0.989	899.880
360.003	425.350	80.057	19.995	100.467	15.391	417.495	1.006	899.852
360.503	425.826	80.055	19.995	100.491	15.214	432.721	0.955	899.873
361.003	426.325	80.058	19.995	100.493	15.033	448.233	0.974	899.891
361.504	426.811	80.057	19.995	100.473	14.844	464.531	0.984	899.844
362.004	427.298	80.056	19.994	100.449	14.657	480.751	0.973	899.886
362.504	427.803	80.057	19.996	100.430	14.457	498.188	0.992	899.878
363.003	428.269	80.055	19.996	100.431	14.255	515.721	0.971	899.873
363.504	428.755	80.055	19.996	100.449	14.043	534.119	0.952	899.893
364.004	429.245	80.054	19.998	100.470	13.841	551.602	0.976	899.901
364.504	429.720	80.054	19.997	100.480	13.640	568.883	0.965	899.871
365.003	430.252	80.055	19.997	100.479	13.442	585.861	1.008	899.869
365.503	430.735	80.054	19.997	100.452	13.237	603.362	1.015	899.872
366.004	431.219	80.055	19.996	100.427	13.029	621.057	0.967	899.899
366.504	431.705	80.056	19.997	100.405	12.815	639.297	0.970	899.880
367.004	432.190	80.054	19.996	100.400	12.605	657.301	0.970	899.874
367.504	432.669	80.055	19.996	100.392	12.387	675.864	0.964	899.875
368.003	433.159	80.057	19.996	100.395	12.180	693.365	0.969	899.879
368.504	433.658	80.055	19.995	100.386	11.974	710.838	0.989	899.884
369.004	434.148	80.053	19.996	100.369	11.782	727.058	0.989	899.923
369.504	434.650	80.054	19.996	100.341	11.588	743.452	0.992	899.907
370.004	435.107	80.052	19.997	100.311	11.381	760.767	0.960	899.895
370.504	435.608	80.055	19.997	100.270	11.166	778.734	0.959	899.910
371.003	436.102	80.053	19.996	100.238	10.951	796.730	0.995	899.884
371.503	436.602	80.054	19.995	100.211	10.731	814.132	0.993	899.892
372.004	437.093	80.056	19.996	100.186	10.508	832.035	0.991	899.921
372.504	437.563	80.055	19.996	100.166	10.290	849.984	0.962	899.906
373.004	438.038	80.055	19.996	100.157	10.072	868.183	0.945	899.933
373.504	438.554	80.055	19.997	100.137	9.856	886.312	0.991	899.918
374.003	439.021	80.053	19.997	100.110	9.641	904.390	0.983	899.935
374.503	439.510	80.053	19.997	100.079	9.438	922.340	0.956	899.900
375.004	439.998	80.051	19.997	100.044	9.240	939.556	0.977	899.914
375.504	440.484	80.051	19.997	100.022	9.048	955.838	0.974	899.941
376.004	440.956	80.055	19.997	100.003	8.858	971.667	0.958	899.923
376.504	441.438	80.052	19.997	99.986	8.684	986.065	0.953	899.919
377.004	441.958	80.053	19.996	99.969	8.521	999.457	1.002	899.936
377.504	442.410	80.055	19.997	99.965	8.372	1011.647	0.973	899.939
378.004	442.896	80.055	19.997	99.945	8.214	1024.572	0.938	899.965
378.504	443.392	80.056	19.996	99.926	8.054	1037.699	0.981	899.970
379.004	443.887	80.056	19.996	100.045	7.895	1050.687	0.991	899.970
379.504	444.408	80.052	19.996	100.133	7.749	1062.591	1.016	899.925
380.004	444.858	80.053	19.996	100.147	7.619	1073.170	0.972	899.960
380.503	445.345	80.052	19.997	100.121	7.499	1082.997	0.938	899.987
381.004	445.856	80.055	19.997	100.070	7.392	1091.704	0.997	899.973
381.504	446.320	80.056	19.996	99.880	7.290	1099.935	0.975	899.957
382.004	446.832	80.056	19.997	99.720	7.201	1107.131	0.977	899.961
382.504	447.327	80.055	19.996	99.625	7.135	1112.455	1.007	899.992
383.003	447.826	80.055	19.997	99.571	7.087	1116.244	0.994	899.993
383.503	448.317	80.055	19.996	99.537	7.057	1118.618	0.990	899.998
384.004	448.801	80.057	19.995	99.514	7.045	1119.482	0.974	900.005
384.504	449.300	80.057	19.996	99.495	7.053	1119.305	0.982	899.966
385.004	449.773	80.057	19.995	99.478	7.070	1118.181	0.972	899.979
385.504	450.292	80.055	19.995	99.459	7.106	1115.300	0.993	900.029
386.004	450.785	80.056	19.996	99.440	7.159	1110.929	1.013	900.023
386.503	451.279	80.058	19.996	99.418	7.231	1104.974	0.987	900.006
387.004	451.749	80.056	19.996	99.396	7.319	1097.611	0.964	899.965
387.504	452.263	80.055	19.995	99.375	7.427	1087.998	0.984	900.033
388.004	452.768	80.057	19.994	99.352	7.549	1077.350	1.019	899.997
388.504	453.230	80.057	19.996	99.340	7.703	1064.263	0.967	900.008
389.004	453.732	80.056	19.996	99.333	7.872	1049.996	0.963	899.995
389.504	454.259	80.059	19.996	99.332	8.061	1034.077	1.029	900.007
390.004	454.769	80.060	19.998	99.339	8.263	1017.146	1.037	900.017
390.504	455.262	80.059	19.998	99.351	8.475	999.452	1.004	900.028
391.004	455.747	80.059	19.997	99.360	8.713	979.624	0.978	900.018
391.504	456.226	80.058	19.998	99.370	8.980	957.233	0.964	899.988
392.004	456.775	80.056	19.998	99.277	9.268	933.084	1.028	900.023
392.503	457.280	80.055	19.997	99.219	9.582	906.594	1.054	900.029
393.004	457.768	80.056	19.997	99.208	9.908	878.854	0.993	900.017
393.504	458.294	80.058	19.996	99.235	10.252	849.563	1.014	900.049
394.004	458.789	80.056	19.997	99.278	10.608	819.109	1.020	900.063
394.504	459.310	80.057	19.996	99.442	10.978	787.450	1.016	900.049
395.004	459.822	80.060	19.996	99.585	11.362	754.381	1.034	900.061
395.504	460.318	80.058	19.997	99.699	11.754	720.434	1.008	900.015
396.004	460.838	80.056	19.997	99.795	12.153	685.658	1.016	900.048
396.504	461.363	80.054	19.997	99.883	12.563	649.383	1.045	900.057
397.004	461.866	80.053	19.997	99.968	12.967	613.207	1.029	900.051
397.504	462.372	80.054	19.997	100.038	13.384	575.807	1.008	900.085
398.004	462.905	80.051	19.996	100.094	13.796	538.653	1.038	900.061
398.504	463.439	80.054	19.996	100.150	14.204	501.626	1.068	900.065
399.004	463.953	80.053	19.996	100.213	14.609	464.756	1.049	900.051
399.503	464.434	80.053	19.996	100.289	14.998	429.132	0.994	900.091
400.004	464.972	80.057	19.996	100.384	15.380	393.824	1.018	900.105
400.504	465.472	80.056	19.996	100.499	15.749	358.897	1.039	900.081
401.004	465.989	80.056	19.996	100.605	16.101	325.614	1.017	900.081
401.504	466.512	80.055	19.996	100.700	16.441	294.082	1.040	900.059
402.004	467.017	80.055	19.996	100.783	16.763	264.371	1.027	900.027
402.504	467.532	80.059	19.996	100.880	17.067	236.597	1.020	900.055
403.004	468.060	80.058	19.996	100.991	17.359	210.274	1.044	900.077
403.504	468.581	80.056	19.997	101.125	17.627	186.591	1.050	900.102
404.004	469.104	80.058	19.996	101.296	17.879	163.931	1.043	900.082
404.504	469.624	80.057	19.996	101.491	18.111	142.346	1.042	900.074
405.004	470.142	80.057	19.997	101.662	18.322	122.323	1.038	900.076
405.504	470.632	80.060	19.997	101.816	18.517	103.907	1.009	900.100
406.004	471.151	80.059	19.996	101.979	18.689	87.826	1.009	900.088
406.504	471.682	80.058	19.997	102.127	18.851	73.049	1.050	900.083
407.004	472.183	80.057	19.997	102.263	18.995	60.430	1.032	900.101
407.504	472.706	80.057	19.997	102.450	19.121	49.828	1.024	900.069
408.004	473.195	80.057	19.998	102.671	19.237	40.330	1.011	900.102
408.504	473.725	80.056	19.997	102.844	19.343	31.947	1.020	900.091
409.004	474.214	80.057	19.996	102.955	19.429	25.321	1.020	900.081
409.504	474.735	80.058	19.996	103.025	19.507	19.484	1.010	900.063
410.004	475.237	80.058	19.996	103.036	19.581	14.203	1.023	900.075
410.504	475.721	80.058	19.997	103.004	19.639	10.613	0.986	900.117
411.004	476.244	80.061	19.997	102.993	19.696	7.402	1.007	900.104
411.504	476.737	80.058	19.997	103.041	19.746	4.937	1.016	900.115
412.004	477.270	80.056	19.997	103.119	19.788	3.222	1.026	900.061
412.504	477.763	80.056	19.997	103.198	19.824	1.812	1.025	900.098
413.004	478.266	80.055	19.996	103.260	19.858	0.296	0.995	900.113
413.504	478.752	80.054	19.997	103.293	19.883	-0.619	0.988	900.110
414.004	479.263	80.054	19.997	103.278	19.911	-2.179	0.997	900.079
414.504	479.786	80.054	19.997	103.231	19.931	-3.222	1.034	900.126
415.005	480.286	80.056	19.996	103.165	19.949	-4.328	1.023	900.104
415.504	480.792	80.054	19.996	103.097	19.970	-5.573	1.006	900.140
416.004	481.299	80.057	19.997	103.025	19.988	-6.182	1.013	900.130
416.505	481.801	80.058	19.997	102.958	20.003	-6.183	1.009	900.128
417.004	482.291	80.056	19.996	102.881	20.016	-5.428	0.992	900.139
417.504	482.789	80.055	19.997	102.790	20.024	-3.929	0.988	900.166
418.005	483.297	80.054	19.997	102.673	20.039	-3.045	1.006	900.171
418.505	483.781	80.053	19.996	102.549	20.042	-1.277	0.993	900.158
419.004	484.304	80.054	19.997	102.414	20.055	-0.761	1.007	900.160
419.504	484.790	80.055	19.997	102.289	20.060	-0.111	1.008	900.164
420.004	485.297	80.055	19.997	102.182	20.065	0.129	0.993	900.178
420.504	485.777	80.055	19.997	102.099	20.074	-0.121	0.987	900.168
421.004	486.303	80.054	19.997	102.030	20.077	0.072	1.007	900.216
421.504	486.796	80.057	19.997	101.983	20.084	-0.006	1.019	900.184
422.004	487.298	80.057	19.997	101.946	20.088	0.305	0.993	900.169
422.505	487.794	80.056	19.997	101.914	20.094	0.341	0.997	900.184
423.005	488.308	80.055	19.997	101.877	20.093	0.755	1.010	900.208
423.505	488.799	80.055	19.997	101.819	20.097	0.616	1.005	900.217
424.005	489.288	80.057	19.997	101.722	20.104	0.217	0.981	900.199
424.504	489.782	80.056	19.998	101.587	20.103	0.623	0.983	900.214
425.005	490.290	80.055	19.997	101.431	20.109	0.399	1.002	900.233
425.505	490.765	80.056	19.997	101.283	20.108	0.810	0.983	900.194
426.004	491.293	80.055	19.997	101.165	20.112	0.920	1.003	900.199
426.504	491.795	80.054	19.996	101.092	20.118	0.824	1.031	900.225
427.004	492.296	80.057	19.997	101.052	20.117	1.419	1.002	900.226
427.504	492.769	80.057	19.997	101.024	20.120	1.410	0.974	900.218
428.004	493.298	80.055	19.996	100.994	20.123	1.513	1.002	900.229
428.505	493.813	80.055	19.996	100.959	20.131	1.204	1.043	900.246
429.005	494.284	80.055	19.996	100.918	20.128	1.646	0.986	900.247
429.505	494.778	80.055	19.995	100.880	20.128	1.816	0.966	900.232
430.004	495.288	80.053	19.996	100.855	20.129	1.866	1.004	900.228
430.504	495.754	80.051	19.996	100.838	20.134	1.603	0.976	900.235
431.005	496.302	80.053	19.996	100.827	20.133	1.747	1.014	900.205
431.505	496.756	80.055	19.995	100.814	20.137	1.372	1.001	900.226
432.005	497.251	80.056	19.995	100.796	20.135	1.556	0.948	900.257
432.505	497.769	80.059	19.996	100.775	20.138	1.355	1.014	900.254
433.005	498.262	80.059	19.997	100.752	20.139	1.265	1.012	900.280
433.504	498.752	80.058	19.996	100.722	20.140	1.251	0.984	900.225
434.004	499.273	80.057	19.996	100.693	20.145	0.856	1.011	900.236
434.504	499.735	80.056	19.996	100.671	20.147	0.691	0.983	900.270
435.004	500.266	80.058	19.996	100.652	20.147	0.667	0.993	900.292
435.504	500.727	80.057	19.997	100.630	20.152	0.235	0.992	900.270
436.004	501.238	80.056	19.997	100.613	20.152	0.181	0.973	900.235
436.504	501.760	80.058	19.997	100.601	20.151	0.180	1.033	900.241
437.004	502.250	80.057	19.997	100.592	20.155	-0.118	1.012	900.294
437.504	502.738	80.058	19.997	100.581	20.157	-0.207	0.978	900.300
438.004	503.252	80.058	19.997	100.578	20.157	-0.172	1.001	900.331
438.505	503.756	80.056	19.997	100.577	20.156	-0.074	1.018	900.281
439.005	504.254	80.055	19.996	100.576	20.158	-0.043	1.003	900.270
439.504	504.745	80.054	19.997	100.575	20.156	0.163	0.990	900.284
440.004	505.261	80.055	19.997	100.573	20.157	0.207	1.007	900.281
440.505	505.749	80.055	19.996	100.568	20.158	0.128	1.003	900.317
441.005	506.238	80.054	19.997	100.565	20.161	0.003	0.978	900.285
441.504	506.751	80.054	19.997	100.566	20.162	-0.034	1.003	900.300
442.004	507.205	80.056	19.997	100.563	20.163	-0.053	0.966	900.314
442.504	507.713	80.055	19.997	100.565	20.164	-0.132	0.962	900.370
443.004	508.232	80.058	19.996	100.568	20.168	-0.426	1.027	900.272
443.505	508.677	80.056	19.997	100.573	20.166	-0.087	0.964	900.291
444.005	509.194	80.055	19.997	100.570	20.170	-0.308	0.962	900.300
444.505	509.699	80.055	19.996	100.569	20.166	0.156	1.022	900.304
445.004	510.200	80.053	19.996	100.566	20.165	0.265	1.006	900.327
445.504	510.705	80.054	19.997	100.564	20.166	0.205	1.006	900.315
446.004	511.202	80.055	19.996	100.557	20.169	0.103	1.002	900.321
446.504	511.711	80.053	19.998	100.549	20.169	0.121	1.005	900.305
447.005	512.227	80.055	19.997	100.542	20.164	0.551	1.024	900.316
447.505	512.719	80.055	19.997	100.540	20.169	0.145	1.009	900.330
448.004	513.195	80.055	19.997	100.534	20.165	0.630	0.968	900.330
448.504	513.691	80.056	19.996	100.532	20.167	0.557	0.971	900.335
449.005	514.212	80.057	19.997	100.528	20.168	0.412	1.016	900.315
449.505	514.712	80.057	19.997	100.523	20.167	0.435	1.021	900.319
450.005	515.215	80.057	19.996	100.517	20.167	0.346	1.003	900.322
450.505	515.699	80.056	19.997	100.514	20.169	0.080	0.987	900.345
451.005	516.217	80.055	19.997	100.506	20.165	0.319	1.002	900.364
451.505	516.727	80.056	19.996	100.500	20.169	-0.110	1.027	900.371
452.005	517.220	80.053	19.996	100.496	20.170	-0.114	1.003	900.368
452.505	517.731	80.054	19.997	100.491	20.166	0.404	1.004	900.346
453.004	518.209	80.054	19.997	100.484	20.167	0.396	0.989	900.348
453.504	518.718	80.057	19.996	100.480	20.172	-0.016	0.987	900.369
454.005	519.213	80.057	19.996	100.483	20.172	-0.011	1.004	900.369
454.505	519.710	80.056	19.997	100.484	20.170	0.102	0.992	900.391
455.005	520.216	80.055	19.996	100.478	20.172	-0.076	1.003	900.399
455.505	520.695	80.055	19.996	100.468	20.171	-0.045	0.985	900.377
456.004	521.230	80.055	19.997	100.464	20.171	-0.035	1.015	900.414
456.504	521.727	80.059	19.997	100.466	20.170	0.113	1.032	900.396
457.005	522.239	80.057	19.996	100.473	20.171	0.104	1.009	900.362
457.504	522.719	80.058	19.998	100.482	20.173	0.073	0.992	900.383
458.004	523.219	80.057	19.997	100.492	20.172	0.265	0.979	900.401
458.505	523.710	80.056	19.997	100.497	20.172	0.314	0.991	900.425
459.005	524.202	80.057	19.997	100.493	20.177	-0.040	0.983	900.419
459.505	524.703	80.057	19.997	100.483	20.174	0.149	0.993	900.423
460.005	525.181	80.056	19.998	100.475	20.180	-0.385	0.980	900.431
460.504	525.691	80.055	19.998	100.471	20.176	-0.053	0.988	900.449
461.005	526.185	80.054	19.998	100.471	20.176	-0.034	1.003	900.408
461.505	526.716	80.054	19.998	100.472	20.172	0.282	1.024	900.447
462.005	527.213	80.057	19.998	100.477	20.177	-0.193	1.027	900.448
462.505	527.717	80.055	19.997	100.482	20.179	-0.384	1.001	900.459
463.005	528.219	80.054	19.998	100.484	20.177	-0.219	1.006	900.430
463.505	528.680	80.052	19.998	100.482	20.174	0.041	0.963	900.448
464.005	529.163	80.050	19.997	100.474	20.177	-0.293	0.945	900.457
464.505	529.718	80.053	19.997	100.465	20.175	-0.036	1.038	900.441
465.005	530.222	80.056	19.996	100.457	20.177	-0.235	1.059	900.473
465.505	530.696	80.052	19.996	100.453	20.180	-0.390	0.978	900.440
466.004	531.222	80.051	19.996	100.450	20.184	-0.637	0.999	900.450
466.505	531.729	80.050	19.995	100.451	20.182	-0.381	1.031	900.462
467.006	532.217	80.052	19.996	100.453	20.184	-0.426	0.995	900.467
467.505	532.700	80.054	19.997	100.456	20.182	-0.252	0.971	900.461
468.006	533.209	80.052	19.997	100.457	20.184	-0.381	0.992	900.465
468.506	533.710	80.053	19.999	100.455	20.180	-0.128	1.011	900.467
469.005	534.203	80.053	19.999	100.460	20.180	-0.200	0.994	900.470
469.505	534.714	80.051	19.998	100.457	20.181	-0.320	1.005	900.473
470.005	535.229	80.054	19.997	100.455	20.183	-0.576	1.027	900.493
470.504	535.709	80.054	19.996	100.457	20.182	-0.539	0.995	900.500
471.005	536.184	80.053	19.997	100.462	20.181	-0.499	0.955	900.490
471.504	536.698	80.053	19.997	100.461	20.182	-0.583	0.988	900.502
472.005	537.201	80.051	19.997	100.462	20.182	-0.462	1.016	900.473
472.506	537.708	80.053	19.998	100.458	20.185	-0.765	1.010	900.512
473.005	538.178	80.053	19.998	100.449	20.182	-0.584	0.979	900.531
473.505	538.706	80.053	19.996	100.441	20.185	-0.736	0.998	900.497
474.005	539.213	80.055	19.998	100.435	20.183	-0.583	1.034	900.475
474.505	539.662	80.053	19.998	100.434	20.187	-0.909	0.956	900.505
475.005	540.205	80.052	19.998	100.433	20.182	-0.497	0.992	900.514
475.505	540.671	80.055	19.998	100.435	20.184	-0.542	1.009	900.509
476.005	541.186	80.056	19.997	100.437	20.184	-0.518	0.982	900.535
476.504	541.697	80.055	19.998	100.442	20.185	-0.593	1.027	900.545
477.005	542.206	80.055	19.997	100.446	20.183	-0.627	1.019	900.520
477.505	542.692	80.057	19.997	100.451	20.187	-0.982	0.994	900.506
478.005	543.184	80.055	19.997	100.457	20.188	-1.049	0.978	900.537
478.504	543.667	80.054	19.998	100.459	20.185	-0.802	0.975	900.546
479.005	544.180	80.054	19.997	100.453	0.000	0.000	0.996	900.515
479.505	544.713	80.056	19.997	100.448	0.000	0.000	1.046	900.533
480.005	545.204	80.055	19.999	100.449	0.000	0.000	1.023	900.535
480.506	545.704	80.056	19.998	100.451	0.000	0.000	0.990	900.530
481.006	546.197	80.057	19.998	100.451	0.000	0.000	0.993	900.550
481.505	546.714	80.056	19.998	100.451	0.000	0.000	1.012	900.529
482.004	547.150	80.055	19.998	100.450	0.000	0.000	0.953	900.557
482.505	547.704	80.054	19.999	100.444	0.000	0.000	0.990	900.576
483.005	548.203	80.057	19.998	100.437	0.000	0.000	1.052	900.586
483.505	548.681	80.058	19.998	100.438	0.000	0.000	0.976	900.559
484.005	549.201	80.057	19.998	100.442	0.000	0.000	0.998	900.568
484.505	549.699	80.057	19.997	100.453	0.000	0.000	1.018	900.555
485.005	550.168	80.056	19.997	100.457	0.000	0.000	0.968	900.555
485.505	550.675	80.054	19.997	100.454	0.000	0.000	0.976	900.560
486.005	551.173	80.055	19.997	100.451	0.000	0.000	1.004	900.583
486.505	551.701	80.055	19.997	100.450	0.000	0.000	1.026	900.569
487.005	552.171	80.054	19.996	100.443	0.000	0.000	0.998	900.589
487.505	552.681	80.054	19.997	100.442	0.000	0.000	0.980	900.567
488.005	553.175	80.053	19.998	100.446	0.000	0.000	1.003	900.594
488.505	553.697	80.052	19.997	100.449	0.000	0.000	1.016	900.565
