File Name:	PMMA_DE_6mm_60Kmin_4mg_R3.txt	Version: 8.3.7.3
Date:	15 Aug 2024
Operator:	KH
Test ID:	PMMA_CN_6mm_4mg_60K_R3
Sample ID:	PMMA_CN_6mm_4mg
Sample Mass (mg):	4.0000
Sample Cup Mass (mg):	182.3200
End Total Mass (mg):	0.0000
Heating Rate (C/s):	1.0000
Combuster Temperature (C):	900.0
N2 Flow Rate (cc/min):	80.0
O2 Flow Rate (cc/min):	20.0
Calibration File:	Coeff.txt
T Correction Coefficients:	0.308738730	0.013615500	0.000000000
Time Shift (s):	10.0
Pre-Test Comments:
Post-Test Comments:
Baseline Flow:	100.329
Baseline O2:	20.333
Instrument ID:	2700
@
Time (s)	Temperature (C)	N2 Flow (cc/min)	O2 Flow (cc/min)	Total Flow (cc/min)	Oxygen (%)	HRR (W/g)	Heating Rate (C/s)	Combustor Temp (C)
0.000	74.888	80.061	19.977	100.329	20.315	-9.240	0.017	899.120
0.500	74.887	80.062	19.976	100.324	20.302	-8.125	0.012	899.129
0.999	74.913	80.060	19.976	100.316	20.281	-6.316	0.025	899.123
1.500	74.922	80.061	19.978	100.327	20.261	-4.630	0.034	899.154
1.999	74.932	80.062	19.977	100.375	20.244	-3.143	0.019	899.111
2.499	74.976	80.060	19.977	100.451	20.232	-2.075	0.054	899.122
3.000	75.049	80.060	19.977	100.549	20.221	-1.160	0.117	899.140
3.500	75.075	80.061	19.978	100.665	20.214	-0.553	0.100	899.133
4.000	75.120	80.063	19.979	100.776	20.214	-0.432	0.071	899.122
4.499	75.192	80.062	19.978	100.863	20.210	-0.224	0.117	899.147
4.999	75.273	80.061	19.978	100.933	20.208	-0.355	0.153	899.109
5.499	75.346	80.063	19.979	100.987	20.206	-0.913	0.154	899.149
6.000	75.422	80.061	19.978	101.019	20.204	-2.055	0.150	899.140
6.500	75.512	80.060	19.978	101.043	20.205	-3.825	0.166	899.137
7.000	75.617	80.063	19.979	101.056	20.203	-5.722	0.195	899.127
7.500	75.734	80.058	19.978	101.051	20.204	-7.772	0.222	899.116
7.999	75.856	80.058	19.977	101.042	20.204	-9.444	0.239	899.088
8.499	75.961	80.058	19.977	101.032	20.207	-10.878	0.227	899.155
8.999	76.078	80.058	19.976	101.019	20.202	-11.088	0.222	899.124
9.499	76.243	80.059	19.977	101.009	20.203	-11.272	0.282	899.112
9.999	76.381	80.059	19.978	101.004	20.201	-10.926	0.303	899.165
10.499	76.529	80.056	19.977	100.999	20.192	-9.843	0.285	899.123
11.000	76.695	80.058	19.978	100.997	20.168	-7.535	0.314	899.135
11.501	76.833	80.057	19.978	100.994	20.142	-4.919	0.305	899.118
12.000	76.981	80.058	19.977	100.996	20.111	-1.841	0.286	899.107
12.499	77.177	80.060	19.978	101.018	20.085	0.812	0.344	899.118
12.999	77.393	80.059	19.979	101.078	20.066	3.044	0.411	899.127
13.500	77.624	80.058	19.977	101.188	20.053	4.679	0.447	899.128
14.000	77.866	80.054	19.977	101.333	20.048	5.715	0.473	899.108
14.500	78.116	80.055	19.977	101.489	20.046	6.437	0.492	899.127
14.999	78.397	80.057	19.977	101.630	20.046	6.990	0.531	899.141
15.500	78.659	80.055	19.977	101.733	20.051	7.039	0.543	899.129
16.000	78.980	80.058	19.976	101.786	20.057	6.992	0.584	899.118
16.499	79.293	80.059	19.977	101.802	20.061	7.100	0.634	899.099
17.000	79.649	80.057	19.977	101.791	20.070	6.762	0.668	899.135
17.500	79.996	80.056	19.976	101.771	20.075	6.609	0.702	899.141
18.001	80.359	80.058	19.977	101.742	20.083	6.259	0.711	899.120
18.500	80.743	80.058	19.978	101.707	20.089	6.166	0.748	899.097
18.999	81.081	80.059	19.977	101.664	20.098	5.761	0.722	899.158
19.499	81.515	80.057	19.977	101.620	20.103	5.671	0.773	899.134
19.999	81.903	80.055	19.976	101.572	20.110	5.497	0.822	899.115
20.499	82.288	80.058	19.977	101.523	20.116	5.452	0.773	899.106
20.999	82.721	80.058	19.978	101.477	20.124	5.092	0.818	899.144
21.500	83.167	80.059	19.976	101.441	20.128	4.970	0.878	899.108
22.000	83.527	80.057	19.976	101.401	20.128	5.141	0.806	899.112
22.500	84.034	80.057	19.977	101.363	20.134	4.780	0.868	899.142
23.000	84.473	80.057	19.976	101.336	20.144	4.190	0.947	899.160
23.499	84.942	80.058	19.976	101.308	20.144	4.306	0.908	899.133
24.000	85.365	80.057	19.977	101.279	20.153	3.776	0.892	899.108
24.500	85.825	80.056	19.976	101.259	20.155	3.714	0.882	899.116
25.000	86.311	80.055	19.976	101.244	20.160	3.458	0.946	899.143
25.500	86.792	80.055	19.975	101.223	20.165	3.221	0.968	899.143
25.999	87.265	80.057	19.976	101.200	20.165	3.295	0.953	899.139
26.500	87.727	80.055	19.977	101.179	20.168	3.080	0.934	899.122
27.001	88.217	80.056	19.977	101.153	20.172	2.797	0.952	899.147
27.501	88.701	80.059	19.977	101.126	20.175	2.686	0.974	899.171
28.000	89.184	80.056	19.977	101.100	20.177	2.619	0.967	899.105
28.500	89.697	80.059	19.976	101.082	20.181	2.396	0.997	899.168
29.000	90.193	80.060	19.976	101.068	20.185	2.076	1.010	899.136
29.499	90.691	80.057	19.977	101.062	20.186	2.072	0.994	899.177
30.000	91.161	80.056	19.976	101.056	20.190	1.867	0.966	899.163
30.501	91.674	80.055	19.976	101.048	20.194	1.549	0.983	899.159
31.001	92.188	80.057	19.976	101.037	20.195	1.506	1.026	899.138
31.501	92.683	80.060	19.976	101.022	20.195	1.602	1.008	899.123
32.001	93.210	80.058	19.976	101.012	20.199	1.382	1.023	899.150
32.500	93.717	80.059	19.976	101.004	20.199	1.461	1.035	899.140
33.000	94.217	80.062	19.975	101.000	20.201	1.481	1.006	899.161
33.500	94.724	80.059	19.977	100.996	20.206	1.260	1.007	899.163
34.000	95.252	80.060	19.977	100.996	20.206	1.354	1.035	899.161
34.500	95.758	80.061	19.977	100.990	20.205	1.553	1.034	899.158
35.000	96.279	80.059	19.978	100.981	20.206	1.505	1.027	899.138
35.500	96.783	80.059	19.978	100.974	20.210	1.261	1.025	899.152
36.000	97.307	80.058	19.977	100.973	20.212	1.042	1.029	899.159
36.500	97.838	80.060	19.977	100.970	20.211	1.188	1.055	899.144
37.000	98.344	80.062	19.976	100.964	20.212	1.145	1.037	899.168
37.500	98.899	80.060	19.977	100.963	20.215	1.018	1.060	899.168
38.000	99.426	80.062	19.977	100.964	20.218	0.856	1.081	899.158
38.500	99.975	80.062	19.977	100.957	20.220	0.787	1.077	899.186
39.000	100.481	80.060	19.977	100.953	20.219	0.962	1.055	899.156
39.500	101.018	80.062	19.977	100.948	20.223	0.742	1.043	899.176
40.000	101.534	80.058	19.976	100.936	20.224	0.661	1.053	899.164
40.500	102.065	80.060	19.978	100.921	20.224	0.709	1.047	899.164
41.001	102.563	80.060	19.977	100.913	20.229	0.395	1.028	899.160
41.500	103.103	80.060	19.977	100.904	20.227	0.543	1.039	899.192
42.000	103.618	80.060	19.977	100.898	20.228	0.520	1.055	899.149
42.500	104.189	80.057	19.977	100.898	20.230	0.486	1.086	899.177
43.000	104.684	80.058	19.978	100.901	20.229	0.661	1.067	899.177
43.500	105.239	80.060	19.978	100.900	20.229	0.708	1.050	899.179
44.000	105.789	80.058	19.976	100.897	20.230	0.691	1.105	899.139
44.500	106.308	80.058	19.977	100.892	20.233	0.460	1.069	899.172
45.000	106.841	80.061	19.977	100.884	20.233	0.535	1.053	899.171
45.499	107.350	80.061	19.977	100.876	20.233	0.514	1.042	899.179
46.000	107.929	80.061	19.978	100.870	20.234	0.508	1.086	899.196
46.501	108.461	80.058	19.977	100.864	20.236	0.431	1.111	899.210
47.001	108.961	80.057	19.977	100.864	20.235	0.507	1.033	899.191
47.501	109.511	80.059	19.977	100.864	20.235	0.625	1.050	899.178
48.000	110.044	80.058	19.977	100.860	20.236	0.578	1.083	899.176
48.500	110.570	80.058	19.977	100.855	20.237	0.551	1.060	899.208
49.000	111.103	80.059	19.977	100.852	20.237	0.569	1.059	899.187
49.500	111.652	80.058	19.976	100.847	20.234	0.812	1.081	899.180
50.001	112.163	80.058	19.976	100.836	20.236	0.705	1.061	899.187
50.500	112.695	80.060	19.976	100.833	20.235	0.801	1.043	899.221
51.000	113.256	80.060	19.976	100.830	20.236	0.744	1.092	899.187
51.501	113.762	80.060	19.976	100.826	20.241	0.339	1.067	899.227
52.001	114.324	80.060	19.976	100.825	20.240	0.369	1.068	899.200
52.501	114.839	80.059	19.976	100.827	20.240	0.324	1.077	899.203
53.001	115.353	80.058	19.977	100.826	20.244	0.037	1.029	899.204
53.500	115.889	80.056	19.976	100.820	20.243	0.232	1.051	899.192
54.000	116.436	80.056	19.977	100.815	20.243	0.309	1.083	899.212
54.500	116.969	80.058	19.977	100.809	20.246	0.205	1.079	899.234
55.000	117.496	80.057	19.977	100.804	20.241	0.712	1.060	899.218
55.500	118.019	80.059	19.977	100.800	20.244	0.570	1.051	899.228
55.999	118.617	80.061	19.976	100.802	20.240	0.839	1.121	899.232
56.500	119.107	80.061	19.976	100.802	20.244	0.541	1.087	899.216
57.000	119.628	80.059	19.977	100.798	20.244	0.561	1.011	899.252
57.500	120.179	80.060	19.978	100.797	20.245	0.525	1.072	899.220
58.000	120.700	80.060	19.977	100.797	20.248	0.227	1.071	899.234
58.500	121.264	80.063	19.977	100.791	20.245	0.407	1.085	899.248
59.000	121.796	80.061	19.977	100.793	20.247	0.328	1.096	899.243
59.500	122.320	80.060	19.977	100.802	20.248	0.239	1.056	899.229
60.000	122.863	80.059	19.977	100.804	20.248	0.134	1.068	899.261
60.500	123.384	80.058	19.976	100.802	20.249	0.010	1.064	899.295
61.000	123.915	80.059	19.977	100.795	20.250	0.002	1.051	899.235
61.501	124.409	80.061	19.977	100.782	20.246	0.454	1.024	899.244
62.000	124.992	80.060	19.976	100.769	20.246	0.481	1.077	899.250
62.500	125.532	80.059	19.976	100.764	20.247	0.444	1.122	899.244
63.001	126.039	80.058	19.977	100.761	20.248	0.455	1.047	899.248
63.500	126.541	80.059	19.976	100.766	20.249	0.417	1.010	899.260
64.000	127.089	80.058	19.977	100.767	20.246	0.679	1.049	899.278
64.501	127.620	80.057	19.976	100.762	20.248	0.547	1.079	899.281
65.000	128.140	80.058	19.976	100.761	20.245	0.791	1.051	899.280
65.500	128.655	80.059	19.977	100.762	20.244	0.930	1.035	899.257
66.000	129.168	80.057	19.976	100.765	20.245	0.905	1.028	899.248
66.500	129.713	80.061	19.976	100.764	20.244	0.981	1.058	899.278
67.001	130.226	80.060	19.976	100.771	20.245	0.881	1.058	899.270
67.500	130.776	80.059	19.976	100.772	20.243	0.992	1.064	899.294
68.000	131.327	80.059	19.975	100.770	20.247	0.674	1.101	899.286
68.500	131.844	80.058	19.977	100.764	20.247	0.677	1.067	899.280
69.000	132.364	80.057	19.977	100.761	20.247	0.648	1.037	899.293
69.500	132.891	80.058	19.977	100.758	20.251	0.380	1.047	899.294
70.000	133.436	80.057	19.977	100.752	20.248	0.701	1.072	899.297
70.500	133.968	80.056	19.977	100.747	20.246	1.043	1.077	899.282
71.000	134.498	80.057	19.977	100.745	20.245	1.125	1.062	899.303
71.500	134.992	80.054	19.976	100.745	20.245	1.239	1.024	899.281
72.001	135.510	80.057	19.976	100.741	20.243	1.441	1.012	899.322
72.501	136.058	80.060	19.977	100.740	20.241	1.543	1.066	899.332
73.001	136.583	80.058	19.976	100.735	20.241	1.406	1.073	899.338
73.501	137.092	80.059	19.976	100.733	20.241	1.191	1.033	899.308
74.001	137.609	80.059	19.977	100.733	20.240	1.232	1.026	899.336
74.501	138.171	80.062	19.977	100.736	20.238	1.373	1.080	899.331
75.000	138.674	80.062	19.976	100.740	20.239	1.275	1.065	899.332
75.500	139.197	80.059	19.976	100.745	20.237	1.416	1.026	899.333
76.001	139.710	80.061	19.976	100.744	20.235	1.713	1.036	899.349
76.500	140.240	80.061	19.976	100.742	20.238	1.624	1.043	899.331
77.000	140.792	80.060	19.976	100.738	20.237	1.664	1.082	899.354
77.500	141.280	80.063	19.976	100.731	20.237	1.539	1.039	899.350
78.001	141.811	80.063	19.976	100.716	20.234	1.818	1.019	899.351
78.501	142.320	80.060	19.976	100.716	20.238	1.574	1.041	899.327
79.000	142.800	80.061	19.976	100.709	20.233	1.962	0.989	899.328
79.501	143.387	80.063	19.977	100.704	20.238	1.559	1.067	899.342
80.001	143.895	80.065	19.978	100.709	20.236	1.777	1.095	899.329
80.501	144.431	80.064	19.977	100.728	20.237	1.709	1.043	899.359
81.001	144.904	80.061	19.977	100.737	20.241	1.491	1.010	899.358
81.500	145.472	80.064	19.978	100.744	20.240	1.569	1.041	899.367
82.001	145.947	80.063	19.978	100.746	20.240	1.571	1.043	899.378
82.500	146.487	80.062	19.979	100.742	20.238	1.722	1.016	899.361
83.000	147.021	80.064	19.977	100.733	20.237	1.781	1.075	899.392
83.500	147.518	80.062	19.978	100.723	20.236	1.831	1.031	899.372
84.000	148.040	80.062	19.979	100.721	20.237	1.705	1.019	899.356
84.500	148.559	80.062	19.978	100.731	20.233	2.076	1.040	899.368
85.000	149.073	80.060	19.978	100.733	20.236	1.937	1.032	899.378
85.501	149.600	80.061	19.979	100.731	20.232	2.389	1.041	899.337
86.001	150.132	80.060	19.978	100.730	20.234	2.250	1.059	899.400
86.501	150.621	80.061	19.977	100.729	20.232	2.457	1.021	899.377
87.000	151.131	80.063	19.977	100.723	20.234	2.388	1.000	899.406
87.500	151.628	80.062	19.978	100.720	20.234	2.355	1.008	899.399
88.000	152.156	80.059	19.979	100.720	20.234	2.232	1.023	899.383
88.501	152.700	80.061	19.978	100.719	20.234	2.109	1.070	899.389
89.001	153.220	80.061	19.977	100.716	20.232	2.323	1.064	899.389
89.501	153.722	80.060	19.978	100.714	20.233	2.147	1.022	899.405
90.001	154.266	80.059	19.977	100.718	20.233	2.153	1.046	899.384
90.501	154.803	80.059	19.978	100.719	20.232	2.240	1.080	899.433
91.001	155.275	80.061	19.978	100.721	20.233	2.210	1.009	899.396
91.501	155.829	80.061	19.978	100.724	20.235	2.022	1.026	899.435
92.001	156.330	80.060	19.978	100.719	20.235	2.021	1.055	899.407
92.501	156.810	80.061	19.978	100.706	20.233	2.230	0.983	899.414
93.000	157.315	80.061	19.979	100.699	20.229	2.471	0.985	899.402
93.500	157.862	80.060	19.979	100.699	20.229	2.481	1.051	899.412
94.001	158.316	80.063	19.978	100.693	20.229	2.585	1.000	899.420
94.501	158.841	80.062	19.978	100.692	20.227	2.854	0.979	899.421
95.001	159.388	80.059	19.979	100.698	20.226	2.954	1.073	899.415
95.501	159.884	80.061	19.978	100.705	20.224	3.147	1.043	899.436
96.001	160.406	80.061	19.978	100.707	20.228	2.914	1.018	899.438
96.500	160.906	80.060	19.978	100.712	20.223	3.342	1.023	899.400
97.000	161.405	80.059	19.978	100.719	20.222	3.456	0.999	899.423
97.501	161.943	80.056	19.978	100.714	20.221	3.608	1.036	899.435
98.001	162.443	80.057	19.977	100.708	20.222	3.522	1.037	899.415
98.501	162.954	80.058	19.976	100.706	20.218	3.896	1.011	899.428
99.000	163.475	80.060	19.977	100.709	20.219	3.742	1.032	899.457
99.501	163.994	80.062	19.977	100.710	20.217	3.805	1.040	899.432
100.001	164.501	80.062	19.976	100.715	20.214	3.975	1.027	899.427
100.501	164.998	80.061	19.977	100.715	20.216	3.824	1.004	899.450
101.001	165.550	80.060	19.977	100.709	20.215	4.002	1.048	899.443
101.501	166.071	80.062	19.977	100.700	20.214	4.073	1.072	899.457
102.002	166.567	80.062	19.978	100.692	20.212	4.231	1.017	899.448
102.501	167.086	80.061	19.977	100.691	20.213	4.141	1.016	899.437
103.001	167.589	80.061	19.976	100.691	20.209	4.515	1.023	899.460
103.501	168.093	80.062	19.976	100.686	20.209	4.479	1.007	899.478
104.001	168.595	80.060	19.976	100.683	20.206	4.740	1.006	899.463
104.501	169.117	80.060	19.976	100.679	20.207	4.654	1.024	899.483
105.001	169.631	80.060	19.976	100.674	20.204	4.963	1.035	899.476
105.501	170.152	80.061	19.976	100.673	20.205	4.987	1.035	899.506
106.001	170.671	80.062	19.976	100.677	20.200	5.516	1.041	899.504
106.500	171.170	80.061	19.976	100.681	20.199	5.576	1.018	899.475
107.001	171.686	80.060	19.976	100.685	20.200	5.460	1.014	899.493
107.501	172.199	80.061	19.977	100.689	20.195	5.793	1.030	899.514
108.001	172.682	80.058	19.977	100.691	20.194	5.810	0.996	899.486
108.501	173.218	80.057	19.977	100.685	20.194	5.846	1.018	899.494
109.001	173.688	80.057	19.977	100.682	20.190	6.054	1.005	899.469
109.501	174.212	80.057	19.976	100.682	20.191	6.045	0.995	899.469
110.001	174.722	80.059	19.976	100.679	20.187	6.445	1.035	899.534
110.501	175.242	80.060	19.976	100.679	20.185	6.759	1.029	899.527
111.001	175.762	80.057	19.976	100.684	20.183	7.041	1.039	899.497
111.501	176.283	80.056	19.976	100.683	20.180	7.319	1.041	899.491
112.001	176.796	80.055	19.977	100.676	20.179	7.501	1.035	899.507
112.501	177.286	80.058	19.977	100.672	20.179	7.537	1.003	899.519
113.001	177.792	80.061	19.978	100.665	20.176	7.831	0.996	899.512
113.501	178.349	80.059	19.978	100.658	20.176	7.646	1.063	899.540
114.001	178.840	80.061	19.978	100.656	20.175	7.635	1.047	899.507
114.501	179.347	80.061	19.978	100.661	20.174	7.735	0.998	899.535
115.001	179.859	80.060	19.978	100.668	20.171	7.973	1.019	899.541
115.501	180.355	80.059	19.977	100.672	20.167	8.255	1.008	899.543
116.001	180.857	80.062	19.978	100.674	20.169	8.107	0.998	899.522
116.501	181.383	80.060	19.978	100.675	20.167	8.310	1.028	899.533
117.001	181.905	80.060	19.978	100.669	20.165	8.541	1.048	899.537
117.501	182.392	80.059	19.978	100.661	20.163	8.694	1.009	899.536
118.001	182.905	80.059	19.977	100.649	20.160	8.848	1.000	899.527
118.501	183.430	80.060	19.978	100.642	20.158	8.972	1.039	899.540
119.001	183.917	80.059	19.979	100.636	20.155	9.260	1.012	899.492
119.501	184.441	80.060	19.978	100.632	20.155	9.248	1.010	899.538
120.001	184.984	80.061	19.978	100.628	20.152	9.398	1.067	899.561
120.501	185.493	80.060	19.977	100.633	20.158	8.988	1.052	899.550
121.001	185.995	80.061	19.977	100.642	20.157	9.256	1.011	899.538
121.501	186.480	80.060	19.978	100.646	20.158	9.266	0.987	899.547
122.001	186.983	80.059	19.977	100.646	20.155	9.563	0.988	899.556
122.501	187.497	80.060	19.977	100.644	20.153	9.774	1.017	899.613
123.001	188.001	80.058	19.978	100.645	20.153	9.873	1.019	899.579
123.501	188.500	80.058	19.977	100.641	20.153	9.951	1.003	899.564
124.001	189.004	80.058	19.978	100.638	20.154	9.918	1.003	899.589
124.501	189.544	80.058	19.978	100.637	20.150	10.252	1.044	899.562
125.001	190.028	80.059	19.978	100.640	20.150	10.170	1.023	899.577
125.501	190.531	80.059	19.977	100.645	20.152	10.010	0.987	899.562
126.001	191.048	80.058	19.976	100.646	20.153	9.882	1.020	899.544
126.501	191.574	80.060	19.975	100.644	20.149	10.140	1.044	899.568
127.001	192.094	80.060	19.977	100.645	20.150	10.034	1.047	899.617
127.500	192.590	80.058	19.977	100.647	20.153	9.796	1.016	899.614
128.001	193.117	80.060	19.976	100.638	20.153	9.863	1.023	899.620
128.501	193.620	80.060	19.977	100.630	20.156	9.662	1.030	899.630
129.001	194.136	80.061	19.975	100.626	20.156	9.617	1.018	899.601
129.501	194.621	80.061	19.976	100.619	20.156	9.548	1.000	899.631
130.001	195.140	80.060	19.977	100.610	20.158	9.431	1.005	899.627
130.501	195.647	80.060	19.978	100.605	20.161	9.253	1.026	899.630
131.001	196.184	80.058	19.977	100.603	20.160	9.209	1.044	899.617
131.501	196.674	80.058	19.978	100.599	20.162	8.979	1.027	899.654
132.001	197.186	80.062	19.977	100.602	20.161	9.101	1.002	899.646
132.501	197.693	80.062	19.978	100.605	20.162	9.054	1.019	899.608
133.001	198.180	80.060	19.977	100.610	20.165	8.872	0.993	899.623
133.502	198.689	80.057	19.976	100.610	20.165	8.888	0.996	899.652
134.001	199.209	80.057	19.977	100.615	20.167	8.673	1.030	899.608
134.501	199.710	80.059	19.976	100.618	20.167	8.797	1.021	899.657
135.001	200.226	80.057	19.977	100.618	20.170	8.542	1.017	899.641
135.501	200.739	80.055	19.978	100.610	20.170	8.581	1.029	899.630
136.001	201.244	80.059	19.978	100.609	20.173	8.297	1.018	899.670
136.501	201.731	80.060	19.977	100.610	20.174	8.283	0.992	899.677
137.001	202.231	80.060	19.977	100.611	20.172	8.500	0.987	899.667
137.501	202.774	80.061	19.977	100.611	20.173	8.391	1.043	899.694
138.001	203.277	80.061	19.977	100.618	20.173	8.427	1.045	899.626
138.502	203.768	80.061	19.977	100.623	20.175	8.321	0.993	899.656
139.002	204.292	80.059	19.977	100.624	20.178	8.161	1.016	899.655
139.501	204.757	80.057	19.977	100.619	20.177	8.320	0.991	899.637
140.001	205.294	80.059	19.976	100.616	20.175	8.404	1.002	899.665
140.501	205.809	80.058	19.976	100.613	20.178	8.162	1.052	899.688
141.001	206.299	80.057	19.978	100.616	20.181	7.863	1.005	899.658
141.501	206.831	80.058	19.977	100.614	20.178	7.955	1.022	899.679
142.001	207.332	80.058	19.976	100.611	20.181	7.550	1.033	899.683
142.501	207.819	80.058	19.975	100.612	20.183	7.273	0.988	899.686
143.001	208.340	80.058	19.975	100.611	20.183	7.361	1.007	899.699
143.501	208.876	80.059	19.975	100.607	20.183	7.381	1.056	899.682
144.001	209.374	80.057	19.976	100.606	20.187	7.201	1.035	899.718
144.501	209.895	80.056	19.975	100.607	20.189	7.042	1.020	899.665
145.001	210.391	80.055	19.976	100.606	20.187	7.291	1.016	899.684
145.501	210.889	80.055	19.976	100.606	20.187	7.290	0.994	899.705
146.001	211.399	80.054	19.974	100.600	20.187	7.327	1.008	899.660
146.501	211.907	80.054	19.976	100.591	20.184	7.613	1.018	899.717
147.001	212.401	80.057	19.976	100.586	20.184	7.661	1.003	899.695
147.501	212.906	80.057	19.975	100.589	20.189	7.277	1.000	899.665
148.001	213.405	80.059	19.975	100.594	20.187	7.486	1.004	899.664
148.501	213.908	80.059	19.974	100.606	20.187	7.512	1.002	899.688
149.001	214.416	80.059	19.976	100.616	20.187	7.498	1.011	899.691
149.501	214.930	80.060	19.976	100.629	20.188	7.362	1.020	899.692
150.001	215.440	80.058	19.976	100.627	20.192	7.121	1.024	899.713
150.502	215.963	80.060	19.976	100.623	20.195	6.901	1.034	899.725
151.002	216.461	80.062	19.977	100.616	20.191	7.261	1.022	899.699
151.501	216.990	80.061	19.976	100.613	20.191	7.221	1.028	899.695
152.001	217.462	80.061	19.977	100.606	20.191	7.296	1.001	899.714
152.502	217.962	80.062	19.978	100.607	20.189	7.417	0.972	899.709
153.001	218.478	80.059	19.977	100.609	20.189	7.340	1.016	899.749
153.501	219.026	80.059	19.976	100.606	20.190	7.308	1.063	899.720
154.001	219.463	80.061	19.976	100.597	20.188	7.434	0.985	899.705
154.502	220.016	80.059	19.976	100.593	20.190	7.276	0.990	899.711
155.002	220.527	80.058	19.977	100.590	20.191	7.205	1.065	899.751
155.501	221.024	80.056	19.976	100.590	20.193	7.050	1.009	899.766
156.002	221.530	80.056	19.976	100.590	20.191	7.342	1.001	899.734
156.502	222.019	80.058	19.977	100.597	20.193	7.164	0.996	899.720
157.001	222.542	80.059	19.976	100.595	20.191	7.262	1.013	899.749
157.501	223.044	80.059	19.976	100.590	20.190	7.272	1.025	899.757
158.001	223.537	80.059	19.976	100.589	20.190	7.229	0.995	899.777
158.501	224.050	80.058	19.975	100.588	20.188	7.380	1.006	899.768
159.001	224.584	80.060	19.975	100.586	20.189	7.265	1.047	899.754
159.501	225.068	80.061	19.976	100.587	20.188	7.374	1.018	899.763
160.001	225.553	80.061	19.976	100.588	20.187	7.554	0.968	899.751
160.501	226.076	80.061	19.976	100.590	20.187	7.556	1.008	899.774
161.001	226.584	80.060	19.975	100.591	20.185	7.790	1.031	899.792
161.501	227.083	80.061	19.975	100.591	20.185	7.769	1.006	899.787
162.001	227.591	80.063	19.976	100.591	20.186	7.631	1.007	899.791
162.501	228.075	80.061	19.976	100.592	20.185	7.634	0.992	899.769
163.001	228.593	80.061	19.976	100.584	20.185	7.738	1.002	899.790
163.501	229.112	80.062	19.978	100.581	20.181	8.065	1.037	899.790
164.001	229.589	80.060	19.977	100.585	20.184	7.696	0.995	899.793
164.501	230.086	80.063	19.976	100.588	20.180	8.068	0.974	899.805
165.001	230.604	80.063	19.976	100.590	20.183	8.011	1.016	899.817
165.501	231.121	80.061	19.976	100.597	20.186	7.831	1.035	899.821
166.002	231.635	80.061	19.977	100.601	20.181	8.307	1.030	899.774
166.502	232.092	80.059	19.976	100.598	20.183	8.191	0.971	899.792
167.001	232.593	80.060	19.977	100.591	20.183	8.273	0.959	899.792
167.501	233.096	80.061	19.978	100.589	20.180	8.484	1.004	899.804
168.001	233.627	80.059	19.977	100.585	20.179	8.442	1.034	899.821
168.501	234.101	80.060	19.977	100.580	20.179	8.335	1.004	899.769
169.002	234.641	80.060	19.977	100.580	20.178	8.351	1.014	899.824
169.502	235.112	80.059	19.977	100.590	20.177	8.364	1.011	899.791
170.002	235.632	80.061	19.976	100.592	20.178	8.171	0.990	899.825
170.502	236.161	80.060	19.976	100.588	20.176	8.311	1.048	899.790
171.002	236.675	80.060	19.975	100.592	20.178	8.213	1.043	899.848
171.502	237.149	80.058	19.975	100.594	20.175	8.512	0.988	899.817
172.002	237.636	80.058	19.976	100.584	20.175	8.514	0.962	899.814
172.501	238.158	80.061	19.975	100.575	20.177	8.400	1.010	899.828
173.001	238.652	80.061	19.977	100.574	20.174	8.713	1.016	899.834
173.502	239.139	80.057	19.976	100.568	20.175	8.607	0.981	899.832
174.002	239.665	80.060	19.976	100.559	20.175	8.640	1.012	899.827
174.502	240.168	80.060	19.977	100.561	20.174	8.740	1.029	899.867
175.002	240.678	80.058	19.978	100.564	20.173	8.853	1.014	899.848
175.501	241.150	80.062	19.977	100.569	20.173	8.846	0.982	899.874
176.001	241.671	80.063	19.977	100.579	20.173	8.890	0.993	899.812
176.501	242.162	80.061	19.977	100.586	20.170	9.215	1.012	899.824
177.002	242.704	80.060	19.978	100.591	20.170	9.273	1.033	899.867
177.502	243.197	80.060	19.978	100.596	20.168	9.403	1.035	899.834
178.002	243.692	80.062	19.977	100.594	20.168	9.386	0.988	899.891
178.502	244.214	80.061	19.977	100.587	20.166	9.579	1.018	899.867
179.001	244.696	80.061	19.976	100.585	20.168	9.316	1.004	899.843
179.501	245.207	80.061	19.974	100.582	20.168	9.250	0.992	899.889
180.001	245.733	80.061	19.977	100.578	20.170	9.099	1.036	899.848
180.502	246.226	80.061	19.977	100.577	20.168	9.218	1.019	899.886
181.002	246.688	80.062	19.977	100.579	20.171	9.046	0.955	899.873
181.502	247.225	80.060	19.977	100.576	20.169	9.284	1.000	899.899
182.001	247.715	80.060	19.976	100.574	20.171	9.145	1.028	899.896
182.501	248.240	80.059	19.977	100.572	20.171	9.180	1.014	899.893
183.002	248.709	80.060	19.977	100.573	20.170	9.265	0.993	899.904
183.502	249.221	80.060	19.976	100.568	20.167	9.630	0.982	899.884
184.001	249.699	80.058	19.976	100.564	20.169	9.496	0.991	899.887
184.502	250.197	80.058	19.977	100.559	20.166	9.739	0.976	899.868
185.002	250.715	80.062	19.976	100.560	20.167	9.712	1.016	899.876
185.502	251.223	80.061	19.977	100.560	20.166	9.745	1.025	899.877
186.002	251.752	80.062	19.977	100.564	20.165	9.774	1.036	899.883
186.502	252.242	80.063	19.976	100.570	20.165	9.765	1.020	899.903
187.002	252.706	80.061	19.976	100.576	20.168	9.517	0.954	899.908
187.502	253.251	80.060	19.975	100.575	20.167	9.571	1.009	899.924
188.002	253.743	80.060	19.976	100.575	20.166	9.717	1.038	899.923
188.502	254.233	80.062	19.977	100.572	20.166	9.703	0.981	899.916
189.002	254.776	80.062	19.976	100.564	20.164	9.904	1.033	899.932
189.502	255.232	80.060	19.976	100.560	20.162	10.015	0.999	899.930
190.002	255.765	80.062	19.976	100.560	20.164	9.857	0.989	899.908
190.502	256.264	80.062	19.976	100.557	20.162	9.989	1.034	899.906
191.001	256.779	80.059	19.976	100.551	20.164	9.850	1.015	899.895
191.502	257.269	80.060	19.976	100.549	20.162	10.037	1.003	899.920
192.002	257.787	80.059	19.975	100.546	20.161	10.126	1.007	899.924
192.502	258.298	80.059	19.975	100.546	20.163	9.931	1.029	899.906
193.002	258.772	80.058	19.975	100.546	20.158	10.333	0.986	899.922
193.502	259.241	80.058	19.976	100.554	20.161	10.088	0.944	899.898
194.002	259.763	80.056	19.977	100.558	20.162	10.045	0.992	899.928
194.501	260.272	80.057	19.976	100.557	20.160	10.095	1.031	899.937
195.001	260.780	80.055	19.976	100.553	20.158	10.270	1.016	899.895
195.502	261.295	80.057	19.977	100.551	20.159	10.260	1.022	899.914
196.002	261.807	80.058	19.976	100.548	20.156	10.466	1.027	899.921
196.502	262.303	80.057	19.976	100.551	20.155	10.569	1.008	899.938
197.002	262.812	80.058	19.977	100.553	20.156	10.446	1.005	899.892
197.501	263.287	80.060	19.976	100.558	20.155	10.572	0.985	899.942
198.002	263.823	80.059	19.976	100.559	20.149	11.077	1.011	899.951
198.502	264.334	80.057	19.976	100.553	20.151	10.930	1.046	899.937
199.002	264.811	80.058	19.975	100.547	20.152	10.863	0.988	899.967
199.502	265.325	80.057	19.976	100.549	20.150	11.036	0.991	899.962
200.002	265.823	80.061	19.976	100.549	20.149	11.012	1.013	899.964
200.502	266.303	80.060	19.976	100.552	20.152	10.773	0.977	899.940
201.002	266.794	80.061	19.976	100.558	20.148	11.056	0.970	899.966
201.502	267.321	80.061	19.975	100.556	20.147	11.110	1.019	899.948
202.002	267.808	80.059	19.975	100.554	20.144	11.371	1.015	899.951
202.502	268.331	80.060	19.978	100.553	20.144	11.333	1.010	899.958
203.001	268.821	80.062	19.977	100.552	20.141	11.560	1.014	899.971
203.502	269.331	80.059	19.977	100.553	20.141	11.611	1.000	899.959
204.002	269.796	80.059	19.976	100.556	20.143	11.488	0.975	899.977
204.502	270.316	80.058	19.976	100.554	20.141	11.611	0.985	899.963
205.002	270.822	80.061	19.977	100.547	20.142	11.535	1.026	899.949
205.501	271.313	80.060	19.977	100.546	20.138	11.865	0.997	899.988
206.002	271.841	80.057	19.976	100.544	20.135	12.133	1.017	900.003
206.502	272.303	80.058	19.977	100.545	20.137	11.971	0.990	900.000
207.002	272.823	80.058	19.977	100.551	20.138	11.940	0.983	899.993
207.502	273.332	80.057	19.976	100.557	20.137	12.095	1.029	899.984
208.002	273.787	80.060	19.977	100.556	20.134	12.342	0.964	899.992
208.502	274.316	80.060	19.978	100.559	20.133	12.449	0.985	899.993
209.002	274.815	80.062	19.977	100.557	20.131	12.585	1.028	899.972
209.502	275.295	80.062	19.977	100.554	20.130	12.744	0.979	899.963
210.002	275.836	80.064	19.977	100.556	20.131	12.691	1.021	899.991
210.502	276.328	80.065	19.978	100.557	20.127	12.856	1.033	900.003
211.002	276.837	80.064	19.977	100.553	20.125	13.038	1.000	900.007
211.502	277.320	80.061	19.977	100.556	20.125	13.066	0.992	899.996
212.002	277.827	80.061	19.977	100.556	20.123	13.120	0.990	900.014
212.503	278.310	80.062	19.978	100.553	20.119	13.325	0.990	900.022
213.002	278.837	80.062	19.976	100.550	20.118	13.398	1.010	899.990
213.502	279.331	80.064	19.978	100.548	20.118	13.463	1.021	900.034
214.003	279.811	80.063	19.978	100.548	20.114	13.728	0.973	900.015
214.503	280.343	80.060	19.978	100.549	20.113	13.659	1.012	900.015
215.002	280.811	80.060	19.976	100.543	20.113	13.640	1.002	900.025
215.502	281.336	80.059	19.976	100.541	20.109	14.068	0.994	900.030
216.001	281.860	80.062	19.976	100.543	20.110	13.970	1.049	900.062
216.502	282.364	80.062	19.977	100.539	20.108	14.181	1.027	900.068
217.002	282.838	80.060	19.977	100.535	20.107	14.240	0.978	900.034
217.502	283.366	80.064	19.977	100.538	20.103	14.656	1.002	900.052
218.002	283.853	80.062	19.978	100.544	20.097	15.200	1.014	900.039
218.503	284.357	80.060	19.977	100.543	20.097	15.223	0.991	900.075
219.002	284.840	80.063	19.978	100.543	20.093	15.515	0.987	900.058
219.502	285.331	80.061	19.978	100.548	20.091	15.686	0.973	900.047
220.003	285.860	80.060	19.978	100.555	20.090	15.843	1.020	900.053
220.503	286.293	80.058	19.977	100.552	20.087	16.033	0.962	900.058
221.002	286.860	80.057	19.976	100.554	20.083	16.323	1.000	900.052
221.503	287.326	80.061	19.976	100.559	20.080	16.530	1.032	900.054
222.003	287.852	80.059	19.976	100.564	20.076	16.813	0.992	900.071
222.502	288.335	80.058	19.976	100.563	20.071	17.199	1.011	900.048
223.002	288.876	80.059	19.975	100.561	20.072	17.169	1.024	900.060
223.502	289.351	80.058	19.976	100.556	20.068	17.471	1.015	900.089
224.002	289.874	80.057	19.975	100.554	20.069	17.463	0.999	900.027
224.502	290.353	80.058	19.975	100.551	20.061	18.054	1.002	900.081
225.003	290.853	80.058	19.976	100.542	20.057	18.303	0.979	900.076
225.502	291.362	80.056	19.975	100.541	20.053	18.609	1.010	900.080
226.002	291.878	80.057	19.975	100.543	20.053	18.619	1.025	900.110
226.502	292.386	80.058	19.975	100.539	20.051	18.742	1.024	900.098
227.002	292.893	80.059	19.975	100.537	20.044	19.284	1.015	900.108
227.502	293.393	80.056	19.976	100.542	20.045	19.130	1.006	900.102
228.003	293.865	80.056	19.975	100.542	20.039	19.643	0.972	900.098
228.502	294.386	80.057	19.975	100.543	20.038	19.687	0.994	900.112
229.002	294.880	80.056	19.976	100.543	20.035	19.964	1.016	900.101
229.502	295.359	80.057	19.975	100.540	20.030	20.366	0.974	900.142
230.002	295.866	80.058	19.975	100.541	20.027	20.547	0.986	900.110
230.502	296.363	80.060	19.978	100.542	20.019	21.213	1.003	900.070
231.002	296.859	80.060	19.975	100.539	20.014	21.666	0.992	900.105
231.502	297.371	80.059	19.976	100.538	20.012	21.907	1.008	900.119
232.002	297.893	80.058	19.975	100.539	20.008	22.284	1.034	900.105
232.502	298.392	80.060	19.974	100.539	20.008	22.305	1.022	900.127
233.002	298.869	80.059	19.976	100.542	20.000	22.938	0.976	900.147
233.502	299.380	80.058	19.975	100.545	19.998	22.999	0.988	900.110
234.002	299.880	80.060	19.975	100.548	19.994	23.243	1.011	900.132
234.502	300.396	80.058	19.976	100.548	19.990	23.462	1.015	900.136
235.002	300.878	80.059	19.977	100.547	19.986	23.749	0.999	900.115
235.502	301.401	80.063	19.975	100.547	19.979	24.318	1.005	900.143
236.002	301.892	80.061	19.976	100.548	19.978	24.477	1.014	900.127
236.502	302.415	80.062	19.975	100.548	19.981	24.253	1.013	900.134
237.003	302.892	80.062	19.975	100.550	19.975	24.782	0.999	900.133
237.503	303.405	80.062	19.976	100.551	19.970	25.258	0.991	900.135
238.002	303.887	80.063	19.975	100.546	19.968	25.446	0.996	900.154
238.502	304.403	80.061	19.976	100.538	19.961	26.035	0.997	900.163
239.003	304.876	80.060	19.976	100.531	19.960	26.078	0.989	900.146
239.502	305.424	80.063	19.975	100.529	19.955	26.460	1.022	900.168
240.002	305.879	80.062	19.976	100.526	19.950	26.819	1.003	900.154
240.502	306.392	80.062	19.976	100.530	19.950	26.862	0.968	900.155
241.002	306.855	80.063	19.976	100.537	19.946	27.192	0.976	900.138
241.502	307.384	80.059	19.977	100.541	19.943	27.329	0.992	900.152
242.002	307.903	80.060	19.977	100.546	19.940	27.524	1.049	900.151
242.502	308.392	80.059	19.977	100.546	19.934	27.957	1.008	900.139
243.002	308.897	80.058	19.976	100.543	19.932	28.116	0.994	900.154
243.502	309.397	80.060	19.976	100.540	19.928	28.377	1.005	900.160
244.002	309.872	80.059	19.976	100.538	19.924	28.657	0.973	900.156
244.503	310.363	80.059	19.976	100.531	19.918	29.131	0.966	900.191
245.002	310.885	80.060	19.976	100.524	19.912	29.604	1.015	900.159
245.502	311.409	80.059	19.976	100.523	19.912	29.586	1.046	900.182
246.002	311.900	80.061	19.977	100.523	19.905	30.093	1.015	900.162
246.502	312.371	80.062	19.977	100.524	19.904	30.245	0.962	900.187
247.002	312.882	80.060	19.977	100.526	19.902	30.308	0.982	900.193
247.502	313.414	80.060	19.977	100.530	19.894	30.859	1.042	900.198
248.003	313.874	80.059	19.976	100.526	19.891	31.074	0.992	900.209
248.503	314.390	80.060	19.977	100.525	19.886	31.382	0.977	900.189
249.002	314.911	80.062	19.977	100.528	19.884	31.464	1.037	900.224
249.502	315.416	80.058	19.977	100.533	19.879	31.763	1.026	900.205
250.002	315.879	80.060	19.979	100.534	19.871	32.375	0.968	900.229
250.502	316.362	80.061	19.977	100.539	19.862	33.032	0.946	900.203
251.002	316.874	80.060	19.978	100.543	19.854	33.650	0.995	900.182
251.502	317.399	80.061	19.978	100.540	19.847	34.188	1.036	900.255
252.003	317.911	80.062	19.977	100.537	19.839	34.820	1.036	900.214
252.503	318.404	80.061	19.977	100.538	19.832	35.400	1.005	900.195
253.003	318.913	80.060	19.977	100.541	19.827	35.785	1.002	900.219
253.503	319.385	80.059	19.976	100.540	19.819	36.347	0.981	900.241
254.003	319.899	80.062	19.976	100.540	19.810	36.928	0.986	900.253
254.503	320.378	80.062	19.976	100.545	19.799	37.765	0.993	900.226
255.003	320.907	80.060	19.976	100.553	19.792	38.187	1.009	900.248
255.503	321.423	80.062	19.976	100.553	19.780	39.093	1.045	900.231
256.003	321.895	80.062	19.977	100.559	19.772	39.714	0.988	900.228
256.503	322.416	80.062	19.977	100.564	19.758	40.778	0.992	900.239
257.004	322.890	80.064	19.977	100.566	19.747	41.563	0.995	900.252
257.503	323.399	80.061	19.976	100.569	19.733	42.606	0.984	900.230
258.003	323.888	80.061	19.976	100.571	19.720	43.514	0.997	900.249
258.503	324.393	80.061	19.977	100.569	19.706	44.554	0.994	900.245
259.003	324.884	80.059	19.976	100.570	19.689	45.751	0.997	900.285
259.503	325.366	80.062	19.976	100.567	19.674	46.868	0.972	900.259
260.003	325.845	80.061	19.976	100.565	19.655	48.315	0.960	900.236
260.503	326.371	80.059	19.976	100.569	19.641	49.328	1.006	900.234
261.003	326.893	80.061	19.977	100.575	19.622	50.877	1.048	900.268
261.503	327.375	80.060	19.976	100.579	19.605	52.207	1.004	900.256
262.003	327.869	80.061	19.976	100.586	19.587	53.568	0.976	900.252
262.503	328.366	80.064	19.977	100.590	19.571	54.853	0.990	900.256
263.003	328.903	80.062	19.976	100.591	19.547	56.767	1.034	900.269
263.503	329.402	80.060	19.976	100.591	19.527	58.320	1.038	900.248
264.002	329.896	80.060	19.977	100.592	19.502	60.138	0.993	900.269
264.503	330.410	80.061	19.976	100.595	19.480	61.726	1.007	900.297
265.003	330.899	80.062	19.976	100.599	19.460	63.258	1.003	900.303
265.502	331.389	80.061	19.976	100.608	19.435	65.017	0.979	900.297
266.003	331.886	80.059	19.976	100.617	19.409	66.909	0.986	900.260
266.504	332.388	80.059	19.976	100.619	19.385	68.788	1.000	900.281
267.003	332.879	80.061	19.976	100.623	19.359	70.749	0.994	900.282
267.503	333.419	80.061	19.976	100.626	19.333	72.784	1.031	900.295
268.003	333.926	80.064	19.977	100.626	19.307	74.809	1.047	900.306
268.503	334.387	80.062	19.976	100.622	19.280	76.998	0.967	900.306
269.004	334.907	80.062	19.976	100.622	19.250	79.264	0.982	900.278
269.503	335.372	80.062	19.977	100.621	19.219	81.650	0.986	900.276
270.003	335.894	80.062	19.976	100.620	19.188	84.040	0.986	900.286
270.503	336.410	80.064	19.976	100.616	19.156	86.442	1.038	900.283
271.003	336.892	80.061	19.974	100.619	19.128	88.544	0.998	900.294
271.503	337.349	80.060	19.975	100.625	19.095	91.068	0.939	900.294
272.003	337.880	80.062	19.976	100.631	19.065	93.381	0.989	900.308
272.502	338.383	80.061	19.976	100.637	19.027	96.254	1.034	900.286
273.003	338.869	80.060	19.975	100.650	18.994	98.875	0.989	900.298
273.502	339.401	80.061	19.976	100.657	18.958	101.723	1.018	900.321
274.003	339.876	80.059	19.976	100.655	18.922	104.522	1.006	900.291
274.504	340.373	80.060	19.976	100.654	18.882	107.529	0.971	900.326
275.003	340.882	80.061	19.977	100.654	18.846	110.289	1.007	900.296
275.503	341.350	80.060	19.977	100.649	18.808	113.129	0.977	900.293
276.003	341.838	80.061	19.975	100.646	18.771	115.948	0.955	900.312
276.503	342.361	80.060	19.976	100.653	18.730	118.972	1.012	900.318
277.003	342.861	80.061	19.976	100.651	18.692	121.912	1.023	900.314
277.503	343.348	80.062	19.976	100.651	18.651	125.067	0.987	900.313
278.003	343.854	80.060	19.976	100.655	18.611	128.134	0.993	900.337
278.503	344.377	80.061	19.976	100.662	18.572	131.237	1.028	900.370
279.003	344.872	80.063	19.976	100.664	18.526	134.771	1.018	900.309
279.503	345.333	80.061	19.977	100.668	18.486	137.994	0.956	900.325
280.003	345.860	80.060	19.976	100.665	18.442	141.425	0.988	900.320
280.503	346.336	80.060	19.977	100.660	18.398	144.844	1.003	900.345
281.003	346.806	80.061	19.977	100.652	18.352	148.404	0.946	900.354
281.503	347.314	80.061	19.976	100.651	18.308	151.802	0.978	900.334
282.003	347.809	80.061	19.975	100.656	18.262	155.285	1.003	900.338
282.503	348.318	80.060	19.976	100.663	18.218	158.630	1.005	900.307
283.003	348.822	80.061	19.976	100.671	18.171	162.118	1.013	900.336
283.503	349.342	80.059	19.977	100.678	18.129	165.248	1.023	900.359
284.003	349.822	80.059	19.976	100.681	18.080	168.968	1.000	900.360
284.503	350.328	80.061	19.977	100.678	18.036	172.254	0.987	900.337
285.003	350.795	80.060	19.977	100.678	17.984	176.372	0.973	900.330
285.503	351.306	80.059	19.976	100.676	17.939	179.918	0.978	900.347
286.003	351.806	80.059	19.977	100.673	17.887	183.947	1.011	900.336
286.503	352.312	80.058	19.977	100.667	17.836	187.877	1.005	900.344
287.003	352.789	80.059	19.977	100.662	17.791	191.368	0.982	900.358
287.503	353.272	80.058	19.978	100.656	17.740	195.247	0.961	900.369
288.003	353.796	80.059	19.977	100.654	17.694	198.730	1.008	900.346
288.503	354.278	80.059	19.977	100.653	17.644	202.481	1.007	900.365
289.003	354.782	80.058	19.978	100.648	17.598	206.044	0.986	900.349
289.503	355.242	80.061	19.977	100.655	17.546	210.006	0.963	900.346
290.003	355.766	80.063	19.978	100.662	17.498	213.700	0.983	900.378
290.504	356.295	80.061	19.978	100.667	17.450	217.407	1.053	900.370
291.003	356.736	80.062	19.977	100.677	17.403	221.043	0.971	900.367
291.503	357.263	80.061	19.977	100.686	17.352	225.069	0.968	900.375
292.003	357.759	80.062	19.978	100.684	17.304	228.842	1.023	900.390
292.503	358.254	80.062	19.977	100.674	17.258	232.409	0.992	900.371
293.003	358.759	80.060	19.977	100.664	17.208	236.211	1.001	900.409
293.502	359.227	80.060	19.976	100.659	17.160	239.898	0.973	900.383
294.003	359.714	80.063	19.977	100.655	17.113	243.398	0.954	900.351
294.503	360.217	80.062	19.978	100.654	17.067	246.847	0.990	900.420
295.003	360.736	80.063	19.976	100.660	17.023	250.207	1.023	900.402
295.503	361.232	80.062	19.977	100.668	16.977	253.711	1.015	900.397
296.003	361.724	80.059	19.978	100.669	16.930	257.323	0.987	900.407
296.503	362.205	80.058	19.976	100.668	16.889	260.448	0.973	900.402
297.003	362.710	80.057	19.976	100.666	16.837	264.455	0.986	900.405
297.503	363.226	80.059	19.977	100.665	16.794	267.720	1.020	900.366
298.003	363.705	80.058	19.976	100.660	16.750	270.997	0.994	900.404
298.503	364.190	80.056	19.976	100.651	16.706	274.155	0.964	900.389
299.004	364.716	80.058	19.975	100.644	16.663	277.324	1.012	900.424
299.503	365.182	80.058	19.975	100.637	16.621	280.440	0.993	900.412
300.003	365.692	80.060	19.977	100.630	16.583	283.321	0.975	900.422
300.503	366.201	80.063	19.977	100.630	16.543	286.285	1.018	900.400
301.004	366.709	80.063	19.976	100.634	16.500	289.496	1.018	900.406
301.503	367.189	80.062	19.977	100.641	16.459	292.594	0.988	900.397
302.002	367.664	80.060	19.977	100.647	16.417	295.754	0.955	900.439
302.503	368.183	80.057	19.976	100.646	16.379	298.547	0.992	900.418
303.004	368.695	80.059	19.978	100.640	16.337	301.591	1.030	900.428
303.504	369.173	80.059	19.977	100.635	16.297	304.555	0.991	900.432
304.003	369.705	80.056	19.978	100.632	16.259	307.395	1.012	900.448
304.503	370.167	80.060	19.977	100.631	16.220	310.267	0.995	900.462
305.002	370.684	80.059	19.976	100.637	16.178	313.365	0.978	900.463
305.503	371.181	80.059	19.977	100.646	16.139	316.210	1.013	900.461
306.003	371.701	80.062	19.976	100.659	16.098	319.174	1.017	900.443
306.503	372.177	80.063	19.976	100.667	16.059	322.006	0.996	900.421
307.003	372.658	80.060	19.976	100.674	16.015	325.388	0.956	900.459
307.504	373.172	80.061	19.976	100.678	15.974	328.454	0.995	900.450
308.003	373.627	80.060	19.976	100.681	15.935	331.501	0.969	900.444
308.503	374.160	80.061	19.977	100.683	15.897	334.497	0.988	900.464
309.003	374.662	80.062	19.977	100.685	15.862	337.252	1.034	900.487
309.503	375.134	80.060	19.975	100.692	15.827	340.024	0.974	900.480
310.003	375.644	80.061	19.976	100.701	15.791	342.766	0.983	900.481
310.503	376.136	80.058	19.976	100.709	15.752	345.914	1.002	900.482
311.003	376.631	80.059	19.977	100.713	15.707	349.389	0.986	900.466
311.503	377.127	80.061	19.978	100.721	15.665	352.617	0.991	900.460
312.003	377.613	80.061	19.977	100.729	15.628	355.558	0.982	900.487
312.503	378.119	80.062	19.977	100.735	15.595	358.235	0.992	900.508
313.003	378.615	80.061	19.977	100.747	15.566	360.538	1.002	900.479
313.503	379.110	80.060	19.977	100.761	15.540	362.618	0.991	900.489
314.004	379.583	80.061	19.976	100.770	15.516	364.483	0.968	900.487
314.504	380.126	80.060	19.977	100.764	15.498	365.948	1.015	900.521
315.004	380.594	80.060	19.977	100.765	15.480	367.300	1.011	900.510
315.503	381.060	80.063	19.976	100.754	15.468	368.127	0.934	900.494
316.004	381.574	80.063	19.976	100.736	15.455	369.061	0.980	900.484
316.503	382.085	80.064	19.976	100.732	15.442	370.016	1.026	900.474
317.003	382.566	80.064	19.976	100.729	15.428	371.029	0.992	900.504
317.503	383.074	80.062	19.975	100.717	15.415	371.996	0.989	900.504
318.004	383.605	80.062	19.976	100.704	15.408	372.623	1.040	900.493
318.503	384.067	80.059	19.978	100.699	15.407	372.660	0.993	900.506
319.003	384.578	80.060	19.976	100.687	15.402	372.955	0.973	900.532
319.503	385.084	80.061	19.977	100.678	15.404	372.625	1.017	900.528
320.003	385.562	80.059	19.977	100.660	15.399	372.918	0.984	900.496
320.504	386.078	80.059	19.976	100.650	15.398	372.859	0.994	900.530
321.003	386.581	80.060	19.975	100.638	15.402	372.281	1.020	900.519
321.503	387.078	80.059	19.976	100.626	15.410	371.490	1.001	900.533
322.003	387.569	80.059	19.976	100.619	15.414	371.023	0.988	900.531
322.503	388.073	80.062	19.978	100.632	15.420	370.499	0.994	900.509
323.003	388.571	80.061	19.977	100.639	15.424	370.001	1.002	900.522
323.503	389.061	80.060	19.977	100.645	15.429	369.340	0.988	900.530
324.003	389.570	80.059	19.978	100.648	15.435	368.770	0.999	900.538
324.503	390.096	80.058	19.977	100.650	15.445	367.969	1.036	900.528
325.003	390.597	80.060	19.978	100.643	15.448	367.606	1.027	900.542
325.503	391.067	80.059	19.978	100.639	15.443	368.058	0.970	900.517
326.003	391.566	80.060	19.978	100.641	15.436	368.748	0.968	900.544
326.504	392.073	80.059	19.977	100.652	15.428	369.683	1.005	900.516
327.004	392.589	80.060	19.977	100.667	15.430	369.865	1.023	900.540
327.504	393.087	80.061	19.977	100.682	15.438	369.466	1.015	900.562
328.003	393.567	80.064	19.979	100.699	15.454	368.546	0.979	900.561
328.503	394.072	80.062	19.978	100.719	15.469	367.496	0.985	900.550
329.003	394.583	80.062	19.978	100.737	15.479	366.809	1.015	900.578
329.504	395.105	80.062	19.979	100.748	15.472	367.376	1.032	900.565
330.004	395.574	80.061	19.977	100.762	15.473	367.524	0.992	900.589
330.504	396.062	80.062	19.978	100.779	15.486	366.813	0.958	900.591
331.003	396.573	80.061	19.978	100.798	15.517	364.673	0.998	900.580
331.504	397.110	80.062	19.978	100.810	15.560	361.732	1.048	900.568
332.004	397.584	80.061	19.977	100.817	15.610	358.190	1.012	900.548
332.503	398.088	80.059	19.977	100.827	15.653	355.120	0.979	900.550
333.004	398.601	80.061	19.977	100.818	15.690	352.413	1.017	900.565
333.503	399.084	80.063	19.978	100.787	15.729	349.553	0.997	900.575
334.003	399.620	80.062	19.977	100.751	15.773	346.200	1.019	900.576
334.503	400.113	80.061	19.977	100.723	15.822	342.518	1.028	900.577
335.003	400.607	80.059	19.977	100.701	15.877	338.424	0.986	900.596
335.503	401.134	80.060	19.977	100.685	15.933	334.216	1.020	900.535
336.004	401.624	80.060	19.977	100.681	15.996	329.538	1.017	900.571
336.504	402.133	80.058	19.978	100.684	16.058	324.868	1.000	900.600
337.003	402.627	80.061	19.978	100.676	16.121	320.140	1.003	900.564
337.503	403.119	80.063	19.978	100.650	16.190	314.917	0.985	900.566
338.004	403.647	80.061	19.977	100.627	16.266	309.100	1.020	900.594
338.503	404.140	80.062	19.976	100.597	16.342	303.224	1.021	900.590
339.004	404.641	80.061	19.977	100.570	16.419	297.305	0.994	900.608
339.504	405.171	80.059	19.976	100.551	16.493	291.576	1.031	900.584
340.003	405.650	80.059	19.976	100.543	16.568	285.749	1.009	900.583
340.503	406.183	80.059	19.976	100.539	16.645	279.728	1.012	900.614
341.003	406.664	80.061	19.977	100.538	16.725	273.451	1.015	900.612
341.503	407.166	80.061	19.977	100.539	16.809	266.961	0.982	900.595
342.004	407.705	80.061	19.978	100.536	16.897	260.105	1.039	900.628
342.504	408.177	80.062	19.978	100.531	16.986	253.087	1.011	900.609
343.003	408.731	80.060	19.978	100.525	17.075	246.124	1.026	900.629
343.504	409.248	80.060	19.977	100.522	17.163	239.120	1.071	900.607
344.003	409.735	80.060	19.977	100.520	17.252	232.091	1.005	900.638
344.503	410.259	80.059	19.977	100.519	17.341	224.978	1.011	900.624
345.004	410.756	80.059	19.977	100.521	17.432	217.718	1.020	900.639
345.504	411.240	80.058	19.976	100.527	17.520	210.710	0.981	900.630
346.004	411.774	80.060	19.977	100.537	17.606	203.848	1.018	900.649
346.504	412.262	80.061	19.977	100.546	17.694	196.709	1.022	900.622
347.003	412.785	80.060	19.976	100.558	17.777	190.119	1.012	900.630
347.503	413.307	80.060	19.977	100.571	17.861	183.485	1.045	900.655
348.003	413.802	80.062	19.978	100.584	17.948	176.599	1.016	900.642
348.504	414.285	80.062	19.977	100.597	18.028	170.208	0.978	900.637
349.004	414.839	80.060	19.977	100.609	18.109	163.854	1.038	900.642
349.504	415.340	80.063	19.977	100.625	18.186	157.836	1.055	900.647
350.004	415.836	80.064	19.977	100.647	18.266	151.540	0.997	900.672
350.503	416.329	80.062	19.977	100.665	18.344	145.316	0.990	900.643
351.003	416.854	80.061	19.977	100.685	18.417	139.601	1.018	900.650
351.503	417.343	80.059	19.977	100.706	18.488	134.030	1.014	900.668
352.003	417.848	80.061	19.978	100.729	18.559	128.500	0.993	900.684
352.504	418.383	80.059	19.977	100.755	18.628	123.108	1.039	900.687
353.004	418.858	80.059	19.978	100.779	18.698	117.713	1.011	900.647
353.504	419.353	80.061	19.978	100.804	18.763	112.616	0.970	900.664
354.004	419.892	80.060	19.977	100.834	18.829	107.437	1.034	900.674
354.504	420.399	80.058	19.976	100.854	18.897	102.188	1.046	900.697
355.004	420.913	80.062	19.976	100.864	18.959	97.330	1.020	900.679
355.505	421.411	80.060	19.976	100.883	19.018	92.714	1.013	900.709
356.004	421.912	80.059	19.977	100.895	19.081	87.866	1.000	900.674
356.503	422.450	80.058	19.976	100.901	19.136	83.679	1.039	900.705
357.003	422.935	80.058	19.976	100.913	19.193	79.391	1.023	900.737
357.504	423.424	80.059	19.977	100.930	19.247	75.283	0.974	900.675
358.004	423.955	80.058	19.976	100.936	19.296	71.515	1.019	900.658
358.504	424.423	80.058	19.977	100.944	19.348	67.516	0.998	900.713
359.004	424.946	80.060	19.978	100.952	19.401	63.441	0.992	900.694
359.504	425.450	80.058	19.978	100.954	19.445	60.092	1.028	900.718
360.004	425.968	80.058	19.977	100.954	19.486	56.864	1.023	900.676
360.503	426.428	80.061	19.977	100.959	19.529	53.528	0.978	900.692
361.003	426.963	80.059	19.977	100.966	19.569	50.533	0.994	900.713
361.504	427.455	80.061	19.978	100.967	19.609	47.567	1.027	900.711
362.004	427.942	80.059	19.978	100.971	19.645	44.859	0.980	900.705
362.503	428.465	80.059	19.978	100.975	19.684	41.894	1.010	900.719
363.003	429.000	80.057	19.979	100.973	19.717	39.440	1.058	900.723
363.504	429.488	80.055	19.978	100.970	19.751	36.966	1.023	900.722
364.005	429.987	80.055	19.979	100.966	19.779	34.920	0.986	900.704
364.504	430.493	80.058	19.979	100.958	19.808	32.677	1.006	900.726
365.004	430.992	80.056	19.979	100.950	19.837	30.498	1.005	900.723
365.504	431.495	80.057	19.978	100.947	19.859	28.902	1.002	900.744
366.004	431.974	80.057	19.978	100.945	19.886	26.848	0.983	900.742
366.504	432.477	80.057	19.978	100.943	19.907	25.383	0.981	900.730
367.004	432.997	80.059	19.978	100.943	19.931	23.661	1.022	900.756
367.504	433.506	80.058	19.977	100.945	19.947	22.527	1.029	900.743
368.004	433.967	80.059	19.977	100.941	19.965	21.280	0.970	900.737
368.504	434.487	80.057	19.979	100.933	19.983	20.165	0.981	900.722
369.004	434.989	80.058	19.978	100.927	20.001	18.985	1.022	900.751
369.504	435.490	80.059	19.977	100.921	20.016	18.048	1.004	900.729
370.004	435.959	80.058	19.977	100.914	20.035	16.774	0.970	900.760
370.504	436.476	80.058	19.977	100.901	20.049	15.869	0.986	900.743
371.004	436.952	80.057	19.977	100.894	20.063	14.972	0.992	900.759
371.504	437.454	80.058	19.977	100.887	20.074	14.160	0.977	900.741
372.004	437.962	80.057	19.976	100.882	20.082	13.800	1.010	900.785
372.504	438.448	80.058	19.977	100.877	20.098	12.721	0.994	900.761
373.004	438.951	80.058	19.976	100.875	20.106	12.332	0.989	900.728
373.504	439.480	80.059	19.976	100.867	20.115	11.993	1.031	900.735
374.005	439.971	80.060	19.977	100.858	20.129	11.109	1.020	900.757
374.504	440.478	80.060	19.978	100.845	20.137	10.753	0.998	900.772
375.004	441.002	80.061	19.977	100.835	20.143	10.467	1.030	900.777
375.504	441.503	80.061	19.978	100.822	20.154	9.847	1.025	900.783
376.004	441.977	80.060	19.978	100.803	20.162	9.323	0.975	900.771
376.504	442.472	80.063	19.977	100.788	20.170	8.807	0.969	900.796
377.004	442.991	80.063	19.977	100.774	20.175	8.600	1.014	900.811
377.504	443.456	80.062	19.977	100.757	20.186	7.904	0.984	900.779
378.004	443.968	80.061	19.977	100.746	20.192	7.527	0.977	900.801
378.504	444.482	80.060	19.977	100.738	20.200	7.082	1.026	900.769
379.004	444.989	80.060	19.977	100.733	20.206	6.746	1.021	900.789
379.504	445.454	80.062	19.978	100.718	20.212	6.328	0.971	900.785
380.004	445.994	80.059	19.979	100.700	20.220	5.723	1.005	900.798
380.504	446.490	80.060	19.978	100.679	20.227	5.228	1.038	900.802
381.004	446.961	80.061	19.980	100.660	20.234	4.709	0.967	900.812
381.504	447.495	80.059	19.979	100.638	20.238	4.339	1.004	900.793
382.004	447.971	80.062	19.979	100.626	20.244	3.912	1.010	900.821
382.504	448.459	80.062	19.978	100.615	20.251	3.445	0.964	900.800
383.004	448.981	80.060	19.976	100.603	20.258	2.936	1.011	900.785
383.504	449.458	80.060	19.976	100.594	20.264	2.557	1.000	900.803
384.004	449.962	80.061	19.976	100.586	20.277	1.589	0.980	900.818
384.505	450.486	80.061	19.976	100.574	20.281	1.352	1.027	900.803
385.004	450.965	80.061	19.976	100.565	20.290	0.675	1.003	900.821
385.504	451.450	80.060	19.976	100.557	20.296	0.135	0.964	900.818
386.004	451.974	80.060	19.976	100.547	20.302	-0.348	1.009	900.812
386.504	452.500	80.058	19.977	100.539	20.306	-0.704	1.050	900.819
387.004	452.970	80.060	19.978	100.534	20.307	-0.840	0.996	900.837
387.504	453.478	80.063	19.976	100.533	20.309	-0.984	0.977	900.817
388.005	453.986	80.063	19.977	100.532	20.314	-1.287	1.014	900.820
388.505	454.484	80.061	19.977	100.534	20.315	-1.304	1.006	900.831
389.004	454.987	80.061	19.977	100.536	20.316	-1.369	1.003	900.833
389.504	455.490	80.059	19.977	100.538	20.320	-1.530	1.007	900.833
390.004	455.959	80.061	19.977	100.529	20.321	-1.456	0.971	900.830
390.504	456.468	80.061	19.977	100.522	20.322	-1.472	0.978	900.855
391.004	456.992	80.059	19.978	100.518	20.320	-1.228	1.033	900.812
391.504	457.464	80.062	19.977	100.513	20.322	-1.365	0.995	900.846
392.004	457.989	80.061	19.977	100.508	20.322	-1.369	0.997	900.844
392.504	458.490	80.058	19.978	100.516	20.318	-1.136	1.026	900.844
393.004	458.965	80.060	19.978	100.519	20.319	-1.232	0.975	900.890
393.504	459.459	80.060	19.978	100.521	20.320	-1.365	0.969	900.893
394.004	459.971	80.060	19.977	100.525	20.321	-1.476	1.006	900.838
394.504	460.499	80.058	19.977	100.526	20.322	-1.486	1.040	900.839
395.004	460.976	80.060	19.977	100.521	20.321	-1.352	1.004	900.839
395.505	461.464	80.061	19.976	100.520	20.322	-1.401	0.964	900.834
396.005	461.974	80.060	19.976	100.516	20.325	-1.604	0.998	900.863
396.505	462.461	80.059	19.976	100.508	20.322	-1.274	0.998	900.886
397.004	462.967	80.062	19.976	100.500	20.323	-1.282	0.995	900.871
397.504	463.472	80.060	19.976	100.493	20.323	-1.280	1.012	900.846
398.004	463.946	80.059	19.977	100.484	20.324	-1.327	0.978	900.871
398.504	464.451	80.060	19.976	100.477	20.324	-1.278	0.977	900.875
399.005	464.933	80.060	19.976	100.479	20.321	-0.978	0.987	900.857
399.504	465.450	80.061	19.975	100.483	20.322	-1.077	1.000	900.857
400.004	465.937	80.059	19.975	100.488	20.323	-1.170	1.005	900.869
400.504	466.445	80.058	19.976	100.491	20.327	-1.479	0.994	900.877
401.004	466.933	80.060	19.976	100.495	20.326	-1.388	0.995	900.885
401.505	467.447	80.057	19.976	100.490	20.327	-1.432	1.002	900.854
402.004	467.943	80.059	19.977	100.485	20.328	-1.499	1.011	900.884
402.504	468.451	80.060	19.977	100.483	20.327	-1.411	1.004	900.851
403.004	468.925	80.061	19.976	100.484	20.329	-1.524	0.982	900.882
403.505	469.440	80.061	19.978	100.479	20.329	-1.535	0.989	900.883
404.005	469.942	80.061	19.977	100.475	20.326	-1.394	1.016	900.879
404.505	470.442	80.058	19.977	100.471	20.329	-1.624	1.002	900.868
405.004	470.973	80.059	19.977	100.465	20.322	-1.088	1.032	900.888
405.504	471.443	80.060	19.977	100.464	20.327	-1.519	1.001	900.877
406.004	471.956	80.060	19.977	100.465	20.325	-1.335	0.982	900.913
406.505	472.471	80.061	19.977	100.464	20.327	-1.486	1.029	900.897
407.004	472.938	80.060	19.976	100.463	20.323	-1.117	0.982	900.857
407.504	473.471	80.061	19.977	100.465	20.327	-1.402	0.999	900.926
408.004	473.971	80.062	19.976	100.462	20.327	-1.350	1.034	900.891
408.504	474.447	80.060	19.976	100.458	20.329	-1.500	0.977	900.897
409.004	474.960	80.063	19.977	100.458	20.328	-1.454	0.988	900.921
409.504	475.454	80.062	19.977	100.459	20.331	-1.670	1.006	900.915
410.005	475.959	80.062	19.977	100.458	20.333	-1.746	0.999	900.906
410.505	476.465	80.063	19.977	100.456	20.331	-1.568	1.012	900.912
411.004	476.951	80.063	19.976	100.460	20.332	-1.605	0.993	900.888
411.504	477.444	80.064	19.978	100.462	20.331	-1.497	0.979	900.906
412.004	477.957	80.064	19.978	100.464	20.329	-1.425	1.006	900.941
412.504	478.465	80.061	19.977	100.465	20.331	-1.588	1.020	900.925
413.005	478.930	80.060	19.977	100.466	20.332	-1.612	0.972	900.945
413.506	479.461	80.061	19.977	100.462	20.332	-1.540	0.996	900.929
414.005	479.937	80.061	19.977	100.460	20.330	-1.353	1.007	900.905
414.505	480.434	80.063	19.978	100.459	20.333	-1.632	0.973	900.946
415.005	480.915	80.063	19.978	100.455	20.330	-1.390	0.979	900.928
415.505	481.401	80.061	19.977	100.454	20.330	-1.395	0.967	900.910
416.004	481.907	80.060	19.977	100.456	20.332	-1.547	0.993	900.915
416.504	482.437	80.060	19.977	100.454	20.332	-1.636	1.037	900.913
417.004	482.934	80.062	19.978	100.450	20.330	-1.519	1.027	900.908
417.504	483.460	80.061	19.978	100.450	20.334	-1.778	1.023	900.911
418.004	483.922	80.060	19.978	100.449	20.333	-1.725	0.988	900.930
418.504	484.418	80.062	19.978	100.444	20.333	-1.774	0.957	900.940
419.005	484.937	80.062	19.978	100.442	20.334	-1.735	1.015	900.925
419.504	485.434	80.064	19.978	100.447	20.335	-1.803	1.016	900.939
420.004	485.926	80.064	19.979	100.448	20.335	-1.732	0.989	900.910
420.505	486.400	80.063	19.978	100.445	20.334	-1.705	0.965	900.911
421.005	486.926	80.061	19.978	100.439	20.337	-1.863	1.001	900.950
421.504	487.430	80.059	19.979	100.440	20.339	-1.986	1.031	900.953
422.004	487.944	80.061	19.978	100.436	20.336	-1.843	1.018	900.945
422.504	488.430	80.062	19.979	100.436	20.337	-1.917	1.000	900.946
423.004	488.913	80.061	19.979	100.441	20.335	-1.794	0.968	900.943
423.505	489.423	80.059	19.978	100.449	20.334	-1.642	0.992	900.966
424.005	489.899	80.061	19.978	100.450	20.334	-1.633	0.987	900.941
424.504	490.446	80.062	19.978	100.450	20.333	-1.491	1.024	900.973
425.004	490.906	80.060	19.977	100.447	20.337	-1.753	1.007	900.977
425.504	491.390	80.063	19.978	100.447	20.335	-1.612	0.944	900.935
426.005	491.916	80.061	19.978	100.449	20.337	-1.815	1.009	900.960
426.505	492.396	80.061	19.977	100.445	20.337	-1.831	1.006	900.944
427.004	492.877	80.059	19.978	100.442	20.336	-1.758	0.962	900.968
427.504	493.422	80.059	19.978	100.439	20.335	-1.753	1.026	900.984
428.004	493.902	80.061	19.978	100.436	20.338	-1.970	1.024	900.969
428.504	494.434	80.060	19.979	100.432	20.337	-1.904	1.012	900.978
429.004	494.887	80.060	19.977	100.436	20.338	-1.947	0.986	900.957
429.505	495.404	80.062	19.978	100.441	20.341	-2.176	0.970	900.989
430.005	495.903	80.061	19.978	100.445	20.338	-1.945	1.015	900.955
430.505	496.407	80.059	19.978	100.443	20.343	-2.191	1.002	900.935
431.005	496.886	80.062	19.979	100.439	20.342	-2.115	0.982	900.984
431.505	497.391	80.059	19.979	100.434	20.340	-1.945	0.984	900.981
432.005	497.883	80.060	19.979	100.428	20.339	-1.884	0.998	900.985
432.505	498.374	80.060	19.979	100.427	20.339	-1.861	0.984	901.000
433.005	498.905	80.060	19.978	100.432	20.336	-1.600	1.022	900.957
433.505	499.384	80.061	19.979	100.437	20.337	-1.658	1.009	900.976
434.006	499.895	80.060	19.980	100.438	20.340	-1.838	0.989	900.983
434.505	500.392	80.060	19.979	100.438	20.337	-1.618	1.009	900.977
435.004	500.860	80.060	19.979	100.438	20.339	-1.711	0.966	901.013
435.505	501.414	80.060	19.979	100.435	20.336	-1.466	1.022	900.986
436.005	501.890	80.060	19.978	100.436	20.335	-1.370	1.030	900.978
436.504	502.383	80.061	19.978	100.436	20.339	-1.666	0.969	901.004
437.005	502.876	80.060	19.978	100.435	20.337	-1.563	0.986	900.991
437.505	503.372	80.059	19.978	100.434	20.338	-1.658	0.990	900.997
438.004	503.866	80.059	19.977	100.427	20.334	-1.391	0.991	901.016
438.504	504.338	80.059	19.977	100.426	20.336	-1.623	0.965	901.014
439.005	504.850	80.060	19.977	100.427	20.338	-1.884	0.983	900.968
439.505	505.365	80.058	19.978	100.427	20.336	-1.766	1.026	900.985
440.005	505.868	80.058	19.977	100.423	20.337	-1.758	1.018	901.009
440.505	506.360	80.059	19.977	100.425	20.333	-1.497	0.995	901.010
441.005	506.888	80.060	19.977	100.420	20.336	-1.741	1.019	901.002
441.505	507.327	80.061	19.976	100.417	20.333	-1.483	0.967	901.005
442.005	507.830	80.063	19.976	100.418	20.337	-1.711	0.943	900.976
442.504	508.321	80.061	19.977	100.418	20.336	-1.632	0.995	901.004
443.005	508.842	80.062	19.978	100.415	20.336	-1.616	1.011	901.020
443.505	509.339	80.059	19.978	100.413	20.339	-1.778	1.017	901.040
444.005	509.807	80.059	19.977	100.413	20.340	-1.800	0.965	900.998
444.505	510.352	80.061	19.976	100.415	20.337	-1.616	1.014	901.023
445.004	510.834	80.061	19.978	100.418	20.340	-1.829	1.027	901.023
445.505	511.336	80.061	19.977	100.422	20.336	-1.397	0.983	901.001
446.005	511.852	80.063	19.977	100.427	20.338	-1.641	1.019	901.006
446.505	512.362	80.063	19.978	100.432	20.337	-1.592	1.026	901.025
447.004	512.870	80.065	19.977	100.432	20.340	-1.892	1.018	901.012
447.504	513.336	80.064	19.977	100.431	20.336	-1.527	0.975	900.988
448.004	513.872	80.062	19.978	100.435	20.342	-2.001	1.001	901.025
448.505	514.369	80.059	19.978	100.435	20.339	-1.751	1.032	901.021
449.005	514.840	80.059	19.978	100.426	20.340	-1.773	0.968	900.989
449.504	515.369	80.059	19.978	100.426	20.342	-1.898	1.000	901.027
450.005	515.852	80.060	19.977	100.427	20.340	-1.757	1.011	901.027
450.505	516.334	80.059	19.978	100.419	20.342	-1.912	0.965	901.018
451.005	516.859	80.058	19.978	100.417	20.343	-1.982	1.008	901.006
451.505	517.346	80.058	19.977	100.418	20.345	-2.145	1.012	901.027
452.005	517.835	80.058	19.978	100.415	20.340	-1.818	0.976	901.014
452.505	518.342	80.061	19.978	100.412	20.343	-2.121	0.997	901.027
453.004	518.848	80.061	19.977	100.413	20.342	-1.951	1.013	901.020
453.505	519.365	80.060	19.978	100.417	20.337	-1.528	1.022	901.027
454.005	519.832	80.060	19.978	100.421	20.339	-1.666	0.983	901.009
454.505	520.359	80.061	19.978	100.421	20.342	-1.827	0.994	901.036
455.005	520.859	80.061	19.977	100.422	20.340	-1.667	1.027	901.025
455.506	521.323	80.061	19.977	100.423	20.342	-1.738	0.964	901.013
456.005	521.852	80.060	19.978	100.416	20.336	-1.288	0.993	901.034
456.505	522.327	80.060	19.977	100.410	20.338	-1.506	1.005	901.004
457.005	522.863	80.061	19.977	100.408	20.339	-1.631	1.012	900.999
457.505	523.336	80.060	19.977	100.409	20.341	-1.772	1.008	901.057
458.005	523.854	80.062	19.977	100.410	20.341	-1.857	0.991	901.045
458.505	524.348	80.063	19.976	100.414	20.343	-1.980	1.012	901.036
459.005	524.856	80.062	19.977	100.418	20.342	-1.864	1.002	901.066
459.505	525.355	80.060	19.979	100.419	20.343	-1.838	1.008	901.048
460.005	525.847	80.058	19.978	100.418	20.344	-1.871	0.991	901.033
460.505	526.350	80.060	19.978	100.417	20.343	-1.760	0.995	901.050
461.005	526.841	80.061	19.977	100.414	20.340	-1.446	0.993	901.057
461.505	527.348	80.059	19.977	100.409	20.344	-1.775	0.998	901.037
462.005	527.867	80.061	19.978	100.407	20.342	-1.690	1.027	901.051
462.505	528.332	80.059	19.978	100.401	20.343	-1.770	0.984	901.067
463.006	528.846	80.059	19.978	100.400	20.345	-1.937	0.979	901.078
463.506	529.341	80.061	19.978	100.403	20.343	-1.850	1.009	901.062
464.005	529.872	80.062	19.977	100.407	20.343	-1.910	1.027	901.065
464.505	530.369	80.062	19.978	100.409	20.345	-2.211	1.028	901.059
465.005	530.841	80.060	19.978	100.413	20.344	-2.122	0.969	901.042
465.505	531.381	80.058	19.978	100.417	20.345	-2.176	1.013	901.052
466.005	531.836	80.060	19.978	100.412	20.346	-2.293	0.994	901.073
466.505	532.342	80.058	19.977	100.407	20.345	-2.250	0.960	901.068
467.006	532.842	80.060	19.977	100.402	20.346	-2.252	1.006	901.051
467.506	533.338	80.062	19.978	100.399	20.349	-2.423	0.996	901.107
468.005	533.833	80.059	19.978	100.390	20.343	-1.907	0.991	901.063
468.505	534.308	80.059	19.978	100.391	20.343	-1.964	0.971	901.040
469.005	534.849	80.060	19.978	100.393	20.346	-2.197	1.016	901.071
469.505	535.347	80.059	19.977	100.398	20.340	-1.764	1.039	901.089
470.006	535.845	80.058	19.977	100.400	20.343	-1.954	0.995	901.067
470.506	536.306	80.056	19.977	100.400	20.341	-1.783	0.959	901.043
471.005	536.846	80.060	19.977	100.403	20.342	-1.855	1.002	901.084
471.505	537.313	80.062	19.977	100.410	20.343	-1.890	1.007	901.107
472.005	537.860	80.063	19.976	100.416	20.345	-1.950	1.014	901.073
472.505	538.327	80.062	19.977	100.420	20.347	-2.045	1.014	901.099
473.005	538.817	80.062	19.978	100.423	20.345	-1.901	0.957	901.061
473.505	539.308	80.060	19.978	100.421	20.343	-1.678	0.980	901.089
474.006	539.835	80.061	19.977	100.417	20.344	-1.810	1.017	901.087
474.506	540.330	80.062	19.977	100.410	20.347	-2.051	1.023	901.107
475.005	540.796	80.062	19.977	100.406	20.348	-2.113	0.962	901.080
475.505	541.304	80.062	19.977	100.410	20.345	-2.048	0.973	901.102
476.006	541.803	80.061	19.978	100.414	20.345	-2.055	1.007	901.113
476.505	542.310	80.060	19.978	100.414	20.344	-2.025	1.006	901.061
477.005	542.804	80.062	19.978	100.412	20.347	-2.181	1.001	901.070
477.505	543.300	80.060	19.977	100.410	20.342	-1.811	0.991	901.100
478.005	543.805	80.060	19.977	100.409	20.342	-1.865	1.001	901.095
478.505	544.314	80.062	19.977	100.405	20.344	-1.974	1.013	901.087
479.005	544.789	80.061	19.977	100.403	20.344	-2.002	0.985	901.082
479.505	545.307	80.060	19.976	100.403	20.344	-2.073	0.993	901.112
480.005	545.802	80.062	19.977	100.397	20.343	-1.929	1.012	901.130
480.505	546.300	80.060	19.977	100.391	20.345	-2.018	0.993	901.054
481.006	546.812	80.061	19.977	100.392	20.348	-2.196	1.009	901.119
481.506	547.333	80.061	19.978	100.393	20.346	-2.019	1.033	901.109
482.006	547.796	80.059	19.978	100.396	20.345	-1.872	0.985	901.134
482.506	548.292	80.062	19.978	100.403	20.346	-1.865	0.959	901.107
483.005	548.804	80.060	19.978	100.408	20.346	-1.942	1.008	901.095
483.505	549.314	80.061	19.978	100.409	20.346	-1.968	1.022	901.074
484.005	549.786	80.062	19.978	100.408	20.349	-2.330	0.982	901.079
484.506	550.297	80.060	19.978	100.406	20.351	-2.564	0.983	901.105
485.005	550.813	80.060	19.978	100.410	20.348	-2.366	1.027	901.125
485.505	551.323	80.062	19.979	100.408	20.350	-2.560	1.025	901.167
486.006	551.786	80.061	19.979	100.406	20.351	-2.626	0.973	901.087
486.505	552.299	80.061	19.978	100.410	20.348	-2.390	0.977	901.116
487.006	552.804	80.060	19.979	100.413	20.348	-2.379	1.017	901.079
487.506	553.302	80.060	19.978	100.409	20.349	-2.345	1.003	901.118
488.005	553.819	80.059	19.978	100.406	20.351	-2.551	1.016	901.096
488.505	554.301	80.056	19.978	100.404	20.348	-2.275	0.999	901.128
489.005	554.805	80.057	19.977	100.398	20.349	-2.368	0.986	901.132
489.505	555.288	80.058	19.978	100.389	20.348	-2.261	0.987	901.118
490.006	555.771	80.056	19.978	100.389	20.347	-2.177	0.966	901.093
490.505	556.301	80.057	19.978	100.394	20.349	-2.301	1.012	901.081
491.006	556.796	80.059	19.979	100.399	20.346	-2.059	1.024	901.113
491.506	557.301	80.060	19.979	100.405	20.347	-2.077	1.001	901.131
492.006	557.792	80.059	19.979	100.415	20.346	-1.997	0.997	901.117
492.505	558.296	80.058	19.978	100.417	20.347	-2.043	0.995	901.099
493.005	558.799	80.059	19.979	100.417	20.351	-2.384	1.007	901.126
493.505	559.281	80.061	19.978	100.416	20.350	-2.426	0.984	901.111
494.006	559.803	80.060	19.978	100.415	20.347	-2.211	1.003	901.162
494.506	560.296	80.060	19.977	100.409	20.350	-2.460	1.016	901.128
495.006	560.814	80.060	19.978	100.407	20.348	-2.267	1.011	901.105
495.506	561.283	80.059	19.978	100.407	20.351	-2.546	0.987	901.115
496.006	561.770	80.063	19.977	100.405	20.352	-2.657	0.956	901.143
496.506	562.282	80.063	19.979	100.405	20.350	-2.535	0.998	901.126
497.006	562.772	80.061	19.979	100.409	20.347	-2.347	1.002	901.165
497.506	563.292	80.060	19.978	100.406	20.346	-2.277	1.012	901.109
498.005	563.786	80.061	19.979	100.401	20.347	-2.332	1.015	901.123
498.505	564.258	80.061	19.980	100.401	20.345	-2.224	0.965	901.114
499.006	564.747	80.062	19.978	100.395	20.349	-2.437	0.960	901.133
499.506	565.262	80.058	19.978	100.394	20.347	-2.268	1.005	901.133
500.005	565.775	80.061	19.978	100.397	20.346	-2.196	1.028	901.120
500.505	566.264	80.060	19.978	100.402	20.346	-2.180	1.002	901.131
501.005	566.740	80.060	19.978	100.408	20.347	-2.317	0.965	901.155
501.505	567.239	80.062	19.977	100.414	20.342	-1.926	0.975	901.100
502.005	567.765	80.061	19.977	100.409	20.345	-2.114	1.026	901.124
502.505	568.255	80.060	19.978	100.408	20.346	-2.178	1.016	901.116
503.005	568.762	80.060	19.977	100.409	20.350	-2.473	0.997	901.134
503.505	569.251	80.059	19.978	100.410	20.349	-2.260	0.995	901.125
504.006	569.782	80.060	19.978	100.413	20.352	-2.507	1.019	901.131
504.506	570.265	80.059	19.977	100.419	20.352	-2.468	1.014	901.170
505.006	570.773	80.058	19.977	100.422	20.350	-2.334	0.991	901.184
505.506	571.289	80.059	19.977	100.418	20.348	-2.299	1.024	901.153
506.006	571.772	80.056	19.977	100.413	20.348	-2.293	1.000	901.144
506.505	572.287	80.057	19.979	100.410	20.349	-2.458	0.998	901.151
507.006	572.791	80.060	19.977	100.409	20.346	-2.195	1.018	901.148
507.506	573.263	80.060	19.977	100.408	20.346	-2.172	0.976	901.168
508.006	573.759	80.060	19.978	100.412	20.346	-2.167	0.968	901.138
508.506	574.257	80.060	19.977	100.413	20.347	-2.193	0.994	901.148
509.006	574.777	80.060	19.977	100.414	20.349	-2.224	1.019	901.152
509.505	575.263	80.061	19.979	100.411	20.349	-2.246	1.006	901.112
510.006	575.758	80.061	19.979	100.408	20.349	-2.324	0.980	901.136
510.506	576.256	80.061	19.979	100.406	20.351	-2.503	0.992	901.139
511.006	576.774	80.061	19.977	100.400	20.348	-2.303	1.017	901.168
511.506	577.260	80.061	19.977	100.398	20.349	-2.400	1.004	901.117
512.006	577.744	80.061	19.978	100.399	20.349	-2.389	0.970	901.161
512.506	578.246	80.062	19.977	100.404	20.348	-2.322	0.986	901.149
513.006	578.755	80.062	19.977	100.409	20.348	-2.390	1.011	901.166
513.506	579.268	80.062	19.978	100.415	20.348	-2.311	1.023	901.147
514.006	579.770	80.061	19.977	100.413	20.348	-2.192	1.014	901.158
514.506	580.269	80.060	19.977	100.408	20.348	-2.187	1.000	901.164
515.006	580.759	80.061	19.978	100.407	20.351	-2.399	0.989	901.148
515.506	581.271	80.061	19.978	100.406	20.345	-1.883	1.003	901.139
516.006	581.779	80.060	19.977	100.401	20.350	-2.222	1.021	901.157
516.505	582.272	80.062	19.977	100.399	20.350	-2.310	1.001	901.149
517.006	582.761	80.063	19.977	100.402	20.349	-2.341	0.982	901.138
517.505	583.262	80.064	19.979	100.403	20.351	-2.493	0.990	901.129
518.005	583.749	80.066	19.979	100.405	20.348	-2.341	0.988	901.161
518.505	584.271	80.064	19.978	100.408	20.348	-2.382	1.009	901.181
519.005	584.784	80.063	19.978	100.411	20.347	-2.321	1.035	901.150
519.505	585.269	80.063	19.977	100.410	20.346	-2.122	0.998	901.165
520.005	585.779	80.062	19.976	100.411	20.346	-2.078	0.994	901.187
520.506	586.293	80.063	19.978	100.410	20.349	-2.281	1.023	901.192
521.006	586.787	80.062	19.978	100.406	20.350	-2.314	1.009	901.206
521.505	587.269	80.062	19.977	100.401	20.352	-2.413	0.977	901.146
522.006	587.809	80.063	19.977	100.402	20.353	-2.488	1.022	901.202
522.506	588.287	80.060	19.977	100.397	20.354	-2.589	1.018	901.192
523.006	588.787	80.062	19.978	100.391	20.350	-2.320	0.978	901.202
523.506	589.293	80.063	19.978	100.395	20.349	-2.320	1.005	901.198
524.006	589.776	80.062	19.978	100.403	20.349	-2.419	0.988	901.171
524.506	590.276	80.062	19.979	100.405	20.350	-2.590	0.984	901.181
525.006	590.801	80.060	19.979	100.409	20.349	-2.538	1.027	901.184
525.505	591.273	80.062	19.978	100.414	20.350	-2.559	0.997	901.193
526.006	591.779	80.062	19.979	100.413	20.350	-2.566	0.976	901.224
526.506	592.275	80.059	19.979	100.410	20.349	-2.372	1.001	901.179
527.006	592.760	80.061	19.979	100.407	20.348	-2.155	0.982	901.203
527.506	593.266	80.062	19.979	100.402	20.350	-2.224	0.992	901.223
528.005	593.777	80.060	19.978	100.400	20.347	-1.921	1.017	901.193
528.506	594.270	80.061	19.978	100.397	0.000	0.000	1.003	901.193
529.006	594.779	80.062	19.978	100.393	0.000	0.000	1.002	901.192
529.506	595.267	80.061	19.978	100.391	0.000	0.000	0.997	901.194
530.006	595.786	80.059	19.977	100.397	0.000	0.000	1.006	901.207
530.506	596.249	80.058	19.978	100.399	0.000	0.000	0.982	901.217
531.006	596.739	80.059	19.977	100.404	0.000	0.000	0.954	901.194
531.506	597.249	80.059	19.977	100.414	0.000	0.000	0.999	901.205
532.006	597.758	80.058	19.977	100.421	0.000	0.000	1.018	901.234
532.506	598.250	80.059	19.976	100.418	0.000	0.000	1.003	901.183
533.006	598.737	80.059	19.976	100.419	0.000	0.000	0.979	901.195
533.506	599.221	80.055	19.976	100.412	0.000	0.000	0.970	901.199
534.006	599.718	80.060	19.976	100.400	0.000	0.000	0.980	901.155
534.506	600.221	80.061	19.977	100.392	0.000	0.000	1.001	901.206
535.006	600.733	80.058	19.976	100.388	0.000	0.000	1.016	901.212
535.505	601.259	80.059	19.976	100.386	0.000	0.000	1.038	901.202
536.006	601.764	80.059	19.977	100.387	0.000	0.000	1.030	901.218
536.506	602.214	80.057	19.976	100.388	0.000	0.000	0.955	901.200
537.006	602.729	80.059	19.977	100.387	0.000	0.000	0.966	901.217
537.506	603.267	80.058	19.978	100.388	0.000	0.000	1.053	901.216
538.005	603.735	80.058	19.976	100.387	0.000	0.000	1.006	901.209
