File Name:	PMMA_CN_6mm_60Kmin_4mg_R1.txt	Version: 8.3.7.3						
Date:	02 Aug 2024
Operator:	KH
Test ID:	PMMA_CN_6mm_4mg_60K_R1
Sample ID:	PMMA_6mm_4mg_R1
Sample Mass (mg):	4.0500
Sample Cup Mass (mg):	184.4700
End Total Mass (mg):
Heating Rate (C/s):	1.0000
Combuster Temperature (C):	900.0
N2 Flow Rate (cc/min):	80.0
O2 Flow Rate (cc/min):	20.0
Calibration File:	Coeff.txt
T Correction Coefficients:	0.308738730	0.013615500	0.000000000
Time Shift (s):	10.0
Pre-Test Comments:
Post-Test Comments:
Baseline Flow:	99.761
Baseline O2:	20.276
Instrument ID:	2700
@
Time (s)	Temperature (C)	N2 Flow (cc/min)	O2 Flow (cc/min)	Total Flow (cc/min)	Oxygen (%)	HRR (W/g)	Heating Rate (C/s)	Combustor Temp (C)
0.000	74.971	80.058	19.996	99.761	20.252	-10.620	-0.008	899.054
0.500	74.961	80.058	19.996	99.766	20.232	-9.408	-0.021	899.058
1.001	74.960	80.056	19.996	99.772	20.211	-8.034	-0.011	899.105
1.501	74.946	80.057	19.996	99.781	20.187	-6.382	-0.015	899.062
2.000	74.949	80.056	19.996	99.824	20.165	-4.770	-0.011	899.032
2.500	74.968	80.056	19.996	99.907	20.148	-3.466	0.022	899.078
3.000	74.986	80.055	19.996	100.026	20.142	-2.924	0.036	899.079
3.500	75.028	80.055	19.996	100.163	20.131	-2.002	0.060	899.065
4.001	75.043	80.055	19.996	100.304	20.123	-1.276	0.058	899.065
4.500	75.098	80.054	19.996	100.414	20.119	-0.911	0.070	899.058
5.000	75.116	80.056	19.996	100.487	20.115	-0.926	0.072	899.059
5.500	75.210	80.056	19.996	100.527	20.114	-1.702	0.112	899.086
5.999	75.267	80.055	19.996	100.556	20.109	-2.647	0.151	899.081
6.500	75.346	80.054	19.997	100.578	20.111	-4.469	0.136	899.076
7.000	75.409	80.053	19.997	100.603	20.109	-6.346	0.142	899.073
7.500	75.523	80.054	19.996	100.625	20.109	-8.423	0.177	899.075
8.000	75.595	80.055	19.997	100.646	20.108	-10.071	0.187	899.087
8.500	75.683	80.053	19.997	100.659	20.109	-11.282	0.160	899.081
9.000	75.816	80.054	19.996	100.670	20.108	-11.789	0.220	899.091
9.500	75.943	80.054	19.997	100.671	20.106	-11.812	0.260	899.057
9.999	76.038	80.054	19.997	100.671	20.105	-11.563	0.222	899.071
10.500	76.183	80.058	19.997	100.665	20.094	-10.242	0.239	899.060
11.000	76.297	80.058	19.996	100.658	20.071	-8.016	0.259	899.049
11.500	76.457	80.056	19.996	100.645	20.044	-5.378	0.274	899.074
12.000	76.624	80.056	19.996	100.646	20.012	-2.284	0.327	899.106
12.500	76.772	80.054	19.997	100.672	19.984	0.500	0.315	899.076
13.000	76.955	80.055	19.996	100.748	19.963	2.711	0.332	899.088
13.499	77.173	80.055	19.996	100.862	19.947	4.573	0.401	899.063
13.999	77.390	80.053	19.995	101.003	19.941	5.682	0.435	899.066
14.500	77.633	80.056	19.995	101.163	19.938	6.488	0.460	899.100
15.000	77.904	80.056	19.996	101.309	19.939	6.926	0.513	899.062
15.500	78.174	80.055	19.996	101.406	19.943	7.122	0.540	899.083
16.001	78.496	80.055	19.995	101.464	19.948	7.106	0.591	899.046
16.501	78.761	80.056	19.995	101.491	19.955	6.996	0.588	899.100
17.000	79.118	80.054	19.995	101.481	19.960	6.937	0.623	899.079
17.500	79.423	80.055	19.995	101.454	19.965	6.922	0.662	899.062
18.000	79.799	80.055	19.995	101.418	19.974	6.593	0.681	899.094
18.500	80.167	80.056	19.994	101.380	19.982	6.350	0.744	899.051
19.000	80.520	80.053	19.994	101.341	19.989	6.120	0.721	899.065
19.499	80.905	80.051	19.994	101.298	19.996	5.963	0.739	899.066
20.000	81.333	80.055	19.993	101.254	20.002	5.899	0.813	899.038
20.500	81.702	80.053	19.996	101.210	20.013	5.322	0.796	899.057
21.000	82.103	80.054	19.996	101.167	20.020	5.028	0.771	899.056
21.500	82.532	80.055	19.994	101.121	20.024	4.906	0.831	899.064
21.999	82.962	80.052	19.995	101.084	20.027	4.837	0.859	899.070
22.500	83.400	80.051	19.994	101.049	20.038	4.056	0.868	899.093
23.000	83.844	80.051	19.996	101.018	20.043	3.762	0.882	899.089
23.500	84.251	80.052	19.997	100.987	20.048	3.477	0.850	899.052
24.000	84.736	80.055	19.996	100.964	20.051	3.295	0.891	899.054
24.501	85.182	80.053	19.996	100.939	20.054	3.150	0.931	899.093
25.000	85.647	80.053	19.997	100.913	20.059	2.880	0.912	899.059
25.500	86.155	80.056	19.996	100.888	20.064	2.681	0.972	899.091
26.000	86.583	80.054	19.998	100.866	20.070	2.454	0.936	899.058
26.500	87.094	80.055	19.998	100.840	20.071	2.386	0.940	899.061
27.000	87.566	80.057	19.997	100.813	20.078	1.978	0.983	899.079
27.500	88.014	80.055	19.997	100.790	20.081	1.807	0.919	899.074
28.000	88.500	80.056	19.997	100.772	20.082	1.816	0.934	899.056
28.500	88.983	80.055	19.998	100.755	20.083	1.782	0.968	899.080
29.001	89.488	80.055	19.998	100.743	20.087	1.515	0.987	899.063
29.501	89.984	80.056	19.997	100.733	20.088	1.605	1.001	899.077
30.000	90.480	80.055	19.998	100.732	20.093	1.360	0.993	899.065
30.500	90.962	80.058	19.997	100.729	20.096	1.238	0.978	899.053
31.001	91.488	80.058	19.998	100.723	20.096	1.300	1.008	899.057
31.500	91.951	80.055	19.999	100.717	20.099	1.203	0.989	899.064
32.000	92.479	80.057	20.000	100.710	20.100	1.214	0.991	899.089
32.500	92.972	80.056	19.999	100.695	20.104	0.958	1.022	899.079
33.000	93.519	80.055	19.998	100.682	20.102	1.228	1.040	899.067
33.500	94.034	80.056	19.997	100.673	20.107	0.910	1.061	899.083
34.000	94.497	80.055	19.998	100.668	20.109	0.822	0.979	899.101
34.500	95.025	80.056	19.998	100.664	20.110	0.691	0.992	899.075
35.000	95.580	80.056	19.997	100.659	20.110	0.822	1.082	899.068
35.500	96.092	80.055	19.997	100.656	20.115	0.570	1.065	899.097
36.001	96.581	80.057	19.998	100.652	20.115	0.645	1.000	899.059
36.501	97.151	80.056	19.997	100.643	20.117	0.601	1.060	899.094
37.001	97.627	80.056	19.998	100.634	20.118	0.635	1.047	899.035
37.500	98.176	80.057	19.998	100.627	20.117	0.836	1.025	899.058
38.000	98.724	80.057	19.998	100.620	20.123	0.318	1.098	899.084
38.500	99.205	80.054	19.997	100.615	20.124	0.194	1.029	899.058
39.001	99.728	80.053	19.996	100.606	20.120	0.572	1.003	899.106
39.500	100.268	80.052	19.996	100.599	20.124	0.331	1.063	899.063
40.000	100.799	80.056	19.998	100.595	20.124	0.436	1.071	899.053
40.501	101.327	80.054	19.997	100.588	20.123	0.598	1.059	899.043
41.001	101.798	80.055	19.997	100.581	20.127	0.529	1.000	899.084
41.501	102.384	80.056	19.998	100.582	20.129	0.587	1.058	899.102
42.000	102.908	80.055	19.997	100.583	20.130	0.670	1.111	899.090
42.500	103.438	80.055	19.998	100.575	20.130	0.675	1.054	899.074
43.000	103.951	80.055	19.998	100.566	20.129	0.689	1.042	899.095
43.501	104.480	80.054	19.997	100.559	20.130	0.567	1.041	899.064
44.001	105.026	80.054	19.997	100.546	20.133	0.438	1.075	899.109
44.501	105.560	80.053	19.997	100.534	20.135	0.364	1.079	899.093
45.001	106.119	80.054	19.998	100.534	20.138	0.103	1.093	899.117
45.501	106.619	80.054	19.998	100.542	20.138	0.112	1.060	899.061
46.001	107.162	80.054	19.997	100.546	20.140	-0.028	1.044	899.092
46.501	107.685	80.051	19.997	100.544	20.140	-0.083	1.066	899.110
47.000	108.257	80.052	19.998	100.537	20.141	-0.146	1.095	899.094
47.500	108.768	80.053	19.997	100.525	20.142	-0.102	1.084	899.047
48.000	109.306	80.055	19.998	100.509	20.141	0.051	1.049	899.065
48.500	109.851	80.054	19.997	100.495	20.142	0.077	1.082	899.078
49.001	110.345	80.054	19.996	100.487	20.142	0.277	1.040	899.097
49.500	110.905	80.054	19.997	100.479	20.142	0.506	1.055	899.094
50.000	111.402	80.053	19.997	100.479	20.146	0.336	1.057	899.089
50.500	111.970	80.055	19.997	100.482	20.142	0.615	1.065	899.080
51.000	112.488	80.056	19.997	100.482	20.144	0.388	1.086	899.059
51.500	113.007	80.053	19.996	100.480	20.141	0.588	1.036	899.084
52.000	113.575	80.052	19.997	100.480	20.146	0.250	1.087	899.105
52.500	114.114	80.055	19.998	100.477	20.145	0.249	1.107	899.110
53.001	114.637	80.053	19.997	100.471	20.145	0.259	1.061	899.101
53.501	115.181	80.055	19.998	100.474	20.147	0.051	1.066	899.094
54.001	115.727	80.056	19.999	100.480	20.149	0.014	1.089	899.100
54.501	116.266	80.055	19.998	100.482	20.149	-0.022	1.086	899.134
55.000	116.806	80.055	19.997	100.473	20.152	-0.115	1.080	899.108
55.500	117.322	80.053	19.996	100.462	20.148	0.208	1.055	899.090
56.000	117.883	80.053	19.996	100.444	20.148	0.170	1.077	899.096
56.500	118.401	80.055	19.997	100.431	20.151	0.069	1.079	899.098
57.000	118.931	80.051	19.996	100.420	20.150	0.055	1.048	899.074
57.501	119.475	80.052	19.997	100.417	20.152	-0.037	1.074	899.119
58.001	120.020	80.053	19.998	100.419	20.154	-0.228	1.089	899.095
58.501	120.517	80.051	19.997	100.425	20.153	-0.195	1.042	899.147
59.001	121.049	80.053	19.997	100.424	20.150	0.056	1.030	899.105
59.500	121.580	80.055	19.998	100.427	20.151	0.051	1.064	899.124
60.000	122.140	80.053	19.998	100.430	20.151	0.126	1.091	899.108
60.501	122.681	80.054	19.998	100.429	20.153	-0.080	1.099	899.121
61.001	123.211	80.051	19.998	100.428	20.153	-0.106	1.071	899.140
61.500	123.715	80.051	19.998	100.425	20.149	0.164	1.034	899.133
62.000	124.229	80.053	19.998	100.423	20.150	0.049	1.018	899.111
62.501	124.766	80.054	19.997	100.418	20.153	-0.306	1.051	899.137
63.000	125.308	80.055	19.998	100.414	20.152	-0.232	1.079	899.086
63.500	125.835	80.055	19.998	100.412	20.153	-0.167	1.069	899.114
64.001	126.362	80.055	19.997	100.411	20.150	0.174	1.054	899.151
64.500	126.932	80.057	19.997	100.412	20.149	0.369	1.097	899.133
65.000	127.447	80.057	19.998	100.416	20.154	0.082	1.084	899.151
65.501	127.950	80.056	19.998	100.419	20.152	0.304	1.018	899.114
66.001	128.463	80.054	19.997	100.418	20.153	0.260	1.017	899.119
66.501	128.986	80.054	19.998	100.415	20.150	0.529	1.037	899.122
67.000	129.523	80.055	19.997	100.408	20.148	0.681	1.060	899.145
67.500	130.074	80.054	19.998	100.404	20.147	0.657	1.087	899.159
68.000	130.619	80.053	19.998	100.407	20.147	0.685	1.095	899.182
68.501	131.152	80.055	19.997	100.407	20.148	0.711	1.078	899.177
69.001	131.654	80.054	19.998	100.415	20.153	0.426	1.035	899.145
69.501	132.193	80.055	19.997	100.425	20.152	0.475	1.041	899.148
70.001	132.756	80.058	19.998	100.427	20.148	0.835	1.104	899.139
70.500	133.254	80.055	19.998	100.422	20.149	0.770	1.062	899.173
71.000	133.784	80.054	19.998	100.414	20.150	0.713	1.028	899.164
71.500	134.275	80.054	19.998	100.403	20.151	0.684	1.020	899.151
72.001	134.844	80.054	19.997	100.391	20.147	0.930	1.059	899.165
72.501	135.341	80.056	19.997	100.387	20.147	0.988	1.066	899.145
73.001	135.849	80.055	19.998	100.384	20.145	1.076	1.005	899.164
73.501	136.392	80.054	19.997	100.383	20.143	1.247	1.050	899.131
74.001	136.934	80.056	19.997	100.383	20.144	1.268	1.085	899.139
74.501	137.453	80.056	19.998	100.386	20.144	1.328	1.061	899.188
75.001	137.958	80.056	19.997	100.387	20.142	1.503	1.023	899.170
75.501	138.513	80.057	19.997	100.385	20.140	1.755	1.060	899.166
76.000	139.007	80.055	19.998	100.380	20.142	1.680	1.051	899.155
76.500	139.546	80.054	19.997	100.373	20.140	1.904	1.034	899.166
77.000	140.058	80.054	19.996	100.371	20.140	1.882	1.051	899.157
77.500	140.574	80.056	19.996	100.367	20.139	1.978	1.027	899.151
78.001	141.081	80.056	19.995	100.367	20.140	1.910	1.022	899.165
78.501	141.630	80.054	19.996	100.372	20.139	1.908	1.056	899.117
79.001	142.119	80.054	19.996	100.372	20.144	1.524	1.039	899.168
79.501	142.665	80.055	19.996	100.367	20.140	1.781	1.035	899.167
80.001	143.207	80.054	19.997	100.368	20.137	2.030	1.087	899.190
80.501	143.737	80.055	19.997	100.370	20.139	1.785	1.072	899.153
81.001	144.230	80.056	19.997	100.368	20.143	1.559	1.024	899.162
81.500	144.783	80.056	19.998	100.363	20.143	1.577	1.046	899.167
82.000	145.283	80.054	19.997	100.359	20.142	1.650	1.053	899.151
82.500	145.818	80.054	19.997	100.353	20.143	1.609	1.035	899.170
83.001	146.328	80.055	19.997	100.344	20.143	1.555	1.045	899.191
83.501	146.854	80.054	19.997	100.339	20.142	1.591	1.036	899.153
84.001	147.369	80.050	19.998	100.342	20.139	1.863	1.041	899.171
84.501	147.854	80.051	19.998	100.344	20.141	1.796	1.000	899.197
85.001	148.414	80.054	19.997	100.340	20.138	2.071	1.045	899.180
85.500	148.942	80.054	19.998	100.342	20.140	1.908	1.088	899.174
86.001	149.451	80.055	19.998	100.346	20.140	1.933	1.036	899.183
86.501	149.983	80.054	19.998	100.348	20.137	2.133	1.041	899.178
87.001	150.463	80.053	19.999	100.350	20.136	2.179	1.012	899.165
87.501	151.027	80.054	19.998	100.354	20.136	2.076	1.045	899.180
88.000	151.521	80.053	19.997	100.352	20.135	2.150	1.058	899.201
88.501	152.004	80.055	19.996	100.348	20.133	2.354	0.976	899.186
89.001	152.562	80.055	19.996	100.349	20.135	2.265	1.041	899.180
89.501	153.088	80.054	19.997	100.348	20.135	2.248	1.084	899.218
90.001	153.577	80.054	19.997	100.348	20.138	2.020	1.016	899.142
90.501	154.105	80.053	19.997	100.351	20.137	2.116	1.017	899.182
91.001	154.612	80.052	19.998	100.351	20.138	2.114	1.035	899.176
91.500	155.134	80.053	19.998	100.347	20.135	2.377	1.029	899.210
92.000	155.627	80.053	19.997	100.342	20.136	2.320	1.015	899.171
92.500	156.163	80.055	19.998	100.339	20.134	2.541	1.027	899.210
93.001	156.668	80.055	19.998	100.338	20.133	2.609	1.040	899.222
93.501	157.165	80.053	19.998	100.339	20.132	2.692	1.003	899.188
94.001	157.694	80.053	19.998	100.342	20.134	2.482	1.026	899.184
94.501	158.190	80.053	19.998	100.346	20.131	2.779	1.025	899.207
95.001	158.747	80.052	19.998	100.351	20.131	2.797	1.052	899.224
95.501	159.270	80.056	19.998	100.347	20.129	2.989	1.080	899.236
96.001	159.744	80.055	19.998	100.345	20.129	3.072	0.998	899.187
96.500	160.291	80.054	19.998	100.342	20.130	3.040	1.021	899.226
97.001	160.785	80.056	19.998	100.341	20.129	3.093	1.040	899.186
97.501	161.291	80.054	19.997	100.341	20.123	3.507	1.000	899.201
98.001	161.782	80.053	19.999	100.340	20.127	3.139	0.998	899.199
98.500	162.298	80.054	19.999	100.335	20.126	3.180	1.008	899.179
99.000	162.821	80.052	19.998	100.331	20.122	3.413	1.039	899.245
99.501	163.370	80.056	19.999	100.330	20.125	3.214	1.072	899.209
100.001	163.874	80.055	19.998	100.325	20.123	3.364	1.053	899.204
100.500	164.378	80.054	19.998	100.328	20.124	3.299	1.008	899.204
101.000	164.889	80.056	19.998	100.332	20.122	3.487	1.016	899.202
101.500	165.420	80.054	19.998	100.331	20.119	3.746	1.042	899.197
102.000	165.922	80.055	19.998	100.327	20.116	3.961	1.032	899.213
102.501	166.438	80.056	19.998	100.325	20.118	3.768	1.017	899.236
103.001	166.957	80.055	19.998	100.317	20.116	3.886	1.034	899.218
103.501	167.449	80.054	19.999	100.312	20.116	3.881	1.011	899.223
104.001	167.951	80.054	19.998	100.314	20.113	4.136	0.994	899.189
104.502	168.470	80.055	19.997	100.318	20.113	4.163	1.021	899.209
105.001	168.993	80.056	19.998	100.319	20.109	4.488	1.042	899.212
105.501	169.475	80.054	19.997	100.326	20.107	4.855	1.005	899.188
106.001	169.968	80.055	19.998	100.330	20.107	5.002	0.975	899.223
106.501	170.494	80.056	19.998	100.330	20.101	5.579	1.019	899.187
107.001	171.008	80.054	19.997	100.330	20.105	5.413	1.040	899.184
107.501	171.494	80.057	19.998	100.329	20.101	5.778	1.000	899.205
108.001	171.996	80.057	19.998	100.325	20.101	5.842	0.988	899.240
108.501	172.523	80.057	19.997	100.323	20.096	6.178	1.029	899.225
109.001	173.048	80.055	19.998	100.322	20.095	6.228	1.052	899.196
109.501	173.543	80.056	19.998	100.322	20.096	6.081	1.020	899.228
110.000	174.062	80.056	19.998	100.331	20.095	6.094	1.014	899.222
110.501	174.630	80.056	19.998	100.334	20.093	6.237	1.087	899.206
111.001	175.118	80.054	19.998	100.334	20.093	6.289	1.056	899.237
111.501	175.616	80.055	19.999	100.332	20.091	6.542	0.986	899.242
112.001	176.130	80.053	20.000	100.327	20.089	6.771	1.012	899.214
112.501	176.662	80.052	19.999	100.317	20.089	6.738	1.046	899.242
113.001	177.137	80.054	19.998	100.305	20.084	7.013	1.007	899.231
113.501	177.651	80.052	19.998	100.294	20.079	7.448	0.988	899.220
114.001	178.118	80.052	19.997	100.285	20.079	7.386	0.980	899.212
114.501	178.680	80.054	19.998	100.275	20.075	7.738	1.029	899.216
115.001	179.213	80.053	19.998	100.269	20.076	7.580	1.095	899.220
115.501	179.696	80.057	19.998	100.271	20.076	7.560	1.016	899.256
116.000	180.216	80.055	19.997	100.278	20.075	7.626	1.004	899.233
116.500	180.724	80.052	19.997	100.284	20.071	7.983	1.029	899.240
117.001	181.253	80.053	19.998	100.289	20.072	7.866	1.037	899.257
117.501	181.739	80.051	19.998	100.288	20.068	8.184	1.014	899.248
118.001	182.265	80.052	19.996	100.287	20.066	8.355	1.011	899.257
118.502	182.772	80.054	19.997	100.283	20.064	8.576	1.033	899.240
119.001	183.286	80.053	19.997	100.278	20.063	8.680	1.022	899.241
119.501	183.814	80.054	19.997	100.274	20.064	8.696	1.043	899.227
120.001	184.332	80.054	19.998	100.277	20.063	8.821	1.045	899.265
120.501	184.810	80.052	19.998	100.281	20.060	9.109	0.996	899.229
121.001	185.299	80.054	19.997	100.282	20.056	9.410	0.968	899.221
121.501	185.779	80.052	19.998	100.283	20.055	9.531	0.969	899.252
122.001	186.317	80.052	19.997	100.287	20.054	9.593	1.017	899.197
122.502	186.826	80.055	19.997	100.286	20.053	9.638	1.047	899.261
123.001	187.364	80.054	19.998	100.284	20.053	9.539	1.047	899.274
123.502	187.847	80.054	19.997	100.286	20.053	9.521	1.020	899.251
124.001	188.359	80.056	19.997	100.285	20.052	9.620	0.996	899.266
124.501	188.872	80.054	19.997	100.287	20.056	9.389	1.026	899.266
125.001	189.388	80.055	19.997	100.284	20.056	9.430	1.030	899.232
125.501	189.903	80.053	19.998	100.280	20.055	9.549	1.032	899.225
126.001	190.459	80.051	19.998	100.279	20.056	9.496	1.070	899.270
126.501	190.940	80.053	19.997	100.278	20.055	9.621	1.036	899.253
127.001	191.429	80.051	19.997	100.270	20.058	9.288	0.970	899.258
127.501	191.935	80.054	19.997	100.265	20.057	9.400	0.995	899.265
128.002	192.461	80.054	19.998	100.261	20.058	9.256	1.032	899.274
128.501	192.926	80.051	19.998	100.258	20.058	9.206	0.992	899.270
129.001	193.467	80.052	19.997	100.260	20.060	9.021	1.007	899.261
129.501	193.954	80.054	19.997	100.265	20.059	9.122	1.028	899.239
130.001	194.505	80.053	19.998	100.270	20.061	9.008	1.038	899.246
130.501	195.006	80.052	19.997	100.273	20.063	8.897	1.052	899.261
131.001	195.490	80.051	19.998	100.273	20.062	8.985	0.985	899.294
131.501	196.001	80.051	19.997	100.269	20.066	8.746	0.993	899.268
132.002	196.507	80.052	19.997	100.266	20.063	9.063	1.017	899.257
132.501	196.985	80.051	19.998	100.262	20.062	9.183	0.985	899.242
133.001	197.503	80.052	19.997	100.255	20.065	8.990	0.996	899.243
133.501	198.036	80.055	19.997	100.254	20.066	8.887	1.051	899.247
134.001	198.535	80.054	19.998	100.257	20.065	8.991	1.032	899.302
134.501	199.058	80.057	19.996	100.260	20.067	8.912	1.022	899.243
135.001	199.592	80.056	19.997	100.266	20.070	8.645	1.056	899.300
135.501	200.086	80.055	19.997	100.272	20.074	8.301	1.027	899.265
136.002	200.591	80.053	19.997	100.271	20.073	8.423	0.999	899.262
136.501	201.078	80.054	19.998	100.272	20.076	8.180	0.993	899.290
137.001	201.621	80.055	19.998	100.270	20.076	8.211	1.030	899.285
137.501	202.111	80.052	19.998	100.265	20.077	8.006	1.033	899.252
138.001	202.618	80.053	19.998	100.261	20.075	8.137	0.997	899.310
138.501	203.120	80.052	19.997	100.261	20.078	7.886	1.009	899.281
139.001	203.633	80.051	19.997	100.255	20.078	7.859	1.015	899.303
139.501	204.152	80.052	19.998	100.250	20.080	7.693	1.032	899.316
140.001	204.638	80.055	19.997	100.247	20.084	7.288	1.005	899.295
140.501	205.172	80.055	19.997	100.248	20.082	7.403	1.020	899.324
141.001	205.670	80.052	19.998	100.248	20.084	7.162	1.032	899.318
141.502	206.179	80.051	19.997	100.246	20.085	7.093	1.007	899.291
142.002	206.705	80.051	19.998	100.244	20.087	6.857	1.035	899.292
142.501	207.224	80.054	19.999	100.244	20.088	6.738	1.046	899.290
143.001	207.683	80.053	19.998	100.244	20.087	6.858	0.978	899.305
143.501	208.220	80.049	19.998	100.243	20.090	6.661	0.996	899.331
144.001	208.736	80.050	19.997	100.245	20.090	6.728	1.053	899.313
144.501	209.208	80.051	19.998	100.248	20.089	6.879	0.988	899.310
145.002	209.735	80.053	19.998	100.250	20.090	6.852	0.998	899.337
145.502	210.244	80.055	19.997	100.252	20.092	6.672	1.037	899.332
146.001	210.741	80.053	19.997	100.254	20.093	6.663	1.007	899.334
146.501	211.243	80.053	19.998	100.255	20.094	6.632	0.999	899.320
147.001	211.759	80.052	19.997	100.259	20.095	6.638	1.018	899.314
147.501	212.272	80.054	19.998	100.263	20.096	6.556	1.029	899.346
148.001	212.797	80.055	19.999	100.269	20.092	6.878	1.037	899.313
148.502	213.278	80.053	19.999	100.273	20.095	6.749	1.005	899.321
149.003	213.765	80.055	19.998	100.278	20.094	6.780	0.968	899.329
149.502	214.268	80.056	19.997	100.283	20.095	6.738	0.991	899.344
150.001	214.769	80.055	19.997	100.281	20.092	6.905	1.005	899.334
150.501	215.299	80.055	19.998	100.276	20.097	6.515	1.031	899.324
151.001	215.826	80.055	19.998	100.273	20.094	6.750	1.056	899.326
151.502	216.320	80.054	19.997	100.270	20.095	6.740	1.020	899.347
152.002	216.837	80.054	19.998	100.264	20.095	6.697	1.010	899.340
152.502	217.327	80.052	19.997	100.265	20.094	6.712	1.007	899.346
153.002	217.800	80.054	19.998	100.267	20.095	6.701	0.964	899.324
153.501	218.357	80.055	19.998	100.260	20.099	6.449	1.031	899.351
154.001	218.844	80.052	19.997	100.253	20.093	6.861	1.043	899.376
154.501	219.383	80.052	19.997	100.249	20.095	6.710	1.026	899.322
155.001	219.875	80.056	19.996	100.248	20.095	6.673	1.032	899.352
155.501	220.382	80.054	19.995	100.244	20.095	6.661	0.998	899.332
156.001	220.861	80.055	19.996	100.247	20.095	6.677	0.986	899.346
156.501	221.394	80.057	19.995	100.247	20.096	6.595	1.012	899.356
157.002	221.876	80.056	19.996	100.247	20.094	6.771	1.014	899.361
157.502	222.396	80.055	19.997	100.244	20.098	6.456	1.003	899.363
158.001	222.905	80.054	19.996	100.244	20.098	6.532	1.029	899.362
158.501	223.383	80.053	19.996	100.244	20.097	6.575	0.986	899.369
159.001	223.895	80.056	19.997	100.246	20.097	6.620	0.990	899.374
159.501	224.378	80.054	19.997	100.248	20.100	6.436	0.995	899.364
160.001	224.875	80.055	19.997	100.248	20.099	6.558	0.981	899.360
160.501	225.390	80.055	19.997	100.245	20.097	6.715	1.012	899.393
161.001	225.927	80.053	19.997	100.243	20.098	6.599	1.052	899.373
161.501	226.472	80.056	19.998	100.246	20.100	6.437	1.082	899.387
162.001	226.928	80.056	19.998	100.247	20.103	6.244	1.002	899.354
162.501	227.435	80.055	19.998	100.248	20.102	6.277	0.963	899.373
163.002	227.934	80.055	19.998	100.248	20.101	6.336	1.005	899.364
163.501	228.419	80.055	19.997	100.247	20.101	6.353	0.984	899.371
164.001	228.924	80.055	19.997	100.247	20.101	6.425	0.990	899.374
164.501	229.434	80.055	19.997	100.247	20.099	6.642	1.015	899.399
165.002	229.950	80.053	19.997	100.243	20.101	6.454	1.026	899.379
165.502	230.460	80.054	19.997	100.242	20.104	6.262	1.026	899.399
166.001	230.907	80.054	19.997	100.245	20.098	6.774	0.957	899.385
166.502	231.449	80.053	19.997	100.240	20.098	6.838	0.988	899.380
167.002	231.947	80.056	19.997	100.236	20.097	6.830	1.040	899.400
167.502	232.433	80.055	19.997	100.234	20.099	6.624	0.984	899.388
168.002	232.974	80.055	19.996	100.238	20.095	6.857	1.027	899.385
168.502	233.487	80.054	19.997	100.236	20.104	6.212	1.053	899.382
169.002	233.984	80.054	19.996	100.241	20.097	6.756	1.010	899.419
169.502	234.477	80.056	19.996	100.238	20.100	6.497	0.990	899.413
170.002	234.959	80.054	19.997	100.241	20.100	6.557	0.976	899.385
170.501	235.497	80.054	19.997	100.239	20.098	6.759	1.021	899.409
171.001	235.996	80.055	19.997	100.237	20.102	6.483	1.037	899.408
171.501	236.484	80.054	19.996	100.234	20.102	6.440	0.987	899.425
172.001	237.001	80.054	19.996	100.233	20.098	6.769	1.005	899.432
172.501	237.493	80.056	19.997	100.228	20.097	6.917	1.008	899.422
173.002	238.020	80.055	19.996	100.224	20.096	6.945	1.018	899.390
173.502	238.520	80.055	19.996	100.220	20.097	6.919	1.028	899.442
174.002	239.014	80.055	19.997	100.220	20.098	6.899	0.994	899.422
174.502	239.525	80.055	19.997	100.226	20.101	6.688	1.005	899.426
175.002	240.038	80.055	19.997	100.233	20.096	7.101	1.025	899.442
175.502	240.506	80.054	19.997	100.236	20.099	6.850	0.981	899.428
176.001	241.022	80.054	19.997	100.234	20.096	7.140	0.984	899.417
176.501	241.504	80.055	19.996	100.235	20.097	7.069	0.997	899.426
177.002	242.014	80.051	19.996	100.232	20.095	7.172	0.991	899.434
177.502	242.527	80.054	19.996	100.227	20.096	7.071	1.023	899.431
178.002	243.026	80.056	19.998	100.224	20.097	7.020	1.012	899.414
178.502	243.545	80.054	19.997	100.225	20.090	7.621	1.018	899.399
179.002	244.055	80.056	19.997	100.224	20.095	7.236	1.030	899.449
179.502	244.538	80.054	19.998	100.222	20.095	7.305	0.993	899.428
180.002	245.022	80.053	19.997	100.222	20.094	7.388	0.967	899.446
180.502	245.515	80.052	19.997	100.222	20.091	7.581	0.978	899.407
181.001	246.019	80.050	19.997	100.222	20.088	7.833	0.998	899.443
181.501	246.566	80.052	19.997	100.213	20.084	8.088	1.051	899.458
182.001	247.093	80.053	19.997	100.211	20.088	7.728	1.073	899.429
182.502	247.544	80.051	19.997	100.213	20.084	7.970	0.978	899.440
183.002	248.056	80.054	19.996	100.212	20.089	7.464	0.964	899.451
183.502	248.566	80.053	19.997	100.211	20.088	7.503	1.022	899.490
184.002	249.041	80.052	19.997	100.217	20.087	7.596	0.984	899.444
184.502	249.586	80.050	19.996	100.216	20.089	7.426	1.019	899.445
185.002	250.082	80.050	19.997	100.211	20.087	7.677	1.041	899.432
185.502	250.549	80.051	19.997	100.210	20.089	7.593	0.964	899.477
186.001	251.125	80.052	19.997	100.209	20.085	7.960	1.042	899.476
186.502	251.571	80.049	19.998	100.207	20.082	8.195	1.021	899.430
187.002	252.091	80.050	19.998	100.205	20.085	7.957	0.966	899.439
187.502	252.562	80.049	19.998	100.204	20.081	8.181	0.991	899.481
188.002	253.077	80.049	19.997	100.202	20.083	8.015	0.986	899.477
188.502	253.581	80.053	19.997	100.202	20.080	8.192	1.019	899.443
189.002	254.086	80.053	19.998	100.206	20.078	8.324	1.009	899.488
189.502	254.622	80.051	19.999	100.214	20.080	8.265	1.041	899.504
190.002	255.111	80.052	19.997	100.222	20.076	8.706	1.025	899.481
190.502	255.610	80.052	19.998	100.227	20.071	9.237	0.988	899.524
191.002	256.112	80.052	19.999	100.231	20.070	9.385	1.002	899.465
191.502	256.599	80.053	19.997	100.229	20.075	9.074	0.988	899.487
192.002	257.086	80.052	19.998	100.226	20.074	9.210	0.974	899.475
192.502	257.629	80.054	19.998	100.219	20.071	9.415	1.031	899.487
193.002	258.114	80.052	19.998	100.212	20.070	9.449	1.028	899.510
193.502	258.605	80.052	19.998	100.209	20.068	9.385	0.975	899.505
194.002	259.119	80.055	19.997	100.211	20.069	9.273	1.006	899.466
194.501	259.625	80.056	19.997	100.211	20.064	9.622	1.021	899.498
195.002	260.140	80.055	19.998	100.218	20.064	9.606	1.020	899.524
195.502	260.628	80.052	19.997	100.224	20.065	9.534	1.002	899.475
196.002	261.132	80.054	19.997	100.224	20.068	9.326	0.993	899.481
196.502	261.611	80.054	19.997	100.223	20.066	9.539	0.984	899.488
197.002	262.101	80.052	19.996	100.218	20.059	10.071	0.969	899.472
197.502	262.603	80.052	19.998	100.205	20.061	9.923	0.992	899.513
198.002	263.104	80.052	19.997	100.193	20.059	10.053	1.003	899.508
198.501	263.660	80.051	19.998	100.188	20.061	9.940	1.058	899.514
199.002	264.119	80.053	19.998	100.182	20.059	10.149	1.015	899.527
199.502	264.618	80.054	19.997	100.182	20.056	10.326	0.957	899.528
200.002	265.123	80.054	19.997	100.188	20.061	10.034	1.004	899.528
200.502	265.655	80.054	19.998	100.195	20.058	10.291	1.037	899.554
201.002	266.150	80.054	19.998	100.202	20.055	10.566	1.026	899.542
201.502	266.646	80.052	19.997	100.209	20.055	10.550	0.991	899.538
202.002	267.158	80.051	19.998	100.211	20.054	10.653	1.009	899.535
202.502	267.640	80.051	19.998	100.209	20.049	10.995	0.994	899.499
203.002	268.123	80.052	19.998	100.207	20.053	10.721	0.965	899.518
203.502	268.645	80.054	19.998	100.206	20.049	10.991	1.005	899.552
204.002	269.159	80.055	19.998	100.200	20.049	10.907	1.036	899.536
204.502	269.659	80.054	19.998	100.201	20.050	10.863	1.013	899.539
205.002	270.157	80.055	19.997	100.203	20.050	10.894	0.997	899.531
205.502	270.663	80.055	19.998	100.205	20.049	10.936	1.004	899.541
206.002	271.136	80.055	19.998	100.199	20.046	11.091	0.979	899.573
206.502	271.656	80.054	19.997	100.201	20.044	11.268	0.992	899.536
207.002	272.141	80.055	19.997	100.198	20.042	11.364	1.006	899.499
207.502	272.622	80.055	19.998	100.196	20.040	11.464	0.967	899.570
208.002	273.147	80.053	19.997	100.193	20.043	11.309	1.006	899.563
208.502	273.658	80.052	19.998	100.189	20.033	12.137	1.035	899.568
209.002	274.128	80.054	19.998	100.188	20.043	11.363	0.980	899.562
209.502	274.663	80.055	19.997	100.188	20.033	12.090	1.005	899.531
210.002	275.132	80.056	19.997	100.189	20.035	11.969	1.004	899.583
210.502	275.654	80.057	19.997	100.191	20.032	12.211	0.991	899.584
211.002	276.117	80.055	19.997	100.195	20.032	12.198	0.985	899.549
211.502	276.640	80.053	19.997	100.197	20.028	12.437	0.986	899.585
212.002	277.134	80.054	19.997	100.194	20.030	12.280	1.016	899.593
212.502	277.640	80.055	19.997	100.194	20.021	12.998	1.000	899.576
213.002	278.141	80.055	19.998	100.199	20.028	12.557	1.008	899.565
213.502	278.662	80.053	19.996	100.204	20.023	12.933	1.022	899.567
214.002	279.143	80.055	19.997	100.201	20.025	12.708	1.002	899.582
214.502	279.681	80.055	19.998	100.205	20.016	13.459	1.019	899.590
215.002	280.150	80.054	19.998	100.207	20.019	13.227	1.008	899.576
215.502	280.624	80.054	19.998	100.202	20.016	13.428	0.943	899.577
216.002	281.145	80.054	19.997	100.195	20.016	13.370	0.994	899.588
216.502	281.639	80.054	19.998	100.198	20.018	13.272	1.014	899.619
217.003	282.170	80.053	19.998	100.199	20.016	13.337	1.025	899.606
217.502	282.638	80.054	19.997	100.198	20.015	13.374	0.999	899.614
218.002	283.119	80.056	19.998	100.200	20.004	14.252	0.949	899.632
218.502	283.652	80.055	19.998	100.202	20.005	14.218	1.015	899.599
219.002	284.112	80.050	19.996	100.200	20.007	14.102	0.993	899.652
219.502	284.654	80.053	19.998	100.198	20.001	14.551	1.002	899.613
220.002	285.162	80.053	19.999	100.198	19.995	14.964	1.050	899.602
220.502	285.652	80.052	19.997	100.197	19.990	15.379	0.997	899.638
221.002	286.152	80.056	19.997	100.199	19.989	15.394	0.990	899.614
221.502	286.672	80.055	19.997	100.199	19.984	15.739	1.021	899.626
222.002	287.150	80.055	19.997	100.196	20.003	14.308	0.998	899.631
222.502	287.683	80.052	19.997	100.197	19.971	16.760	1.011	899.646
223.002	288.133	80.052	19.997	100.199	19.981	16.026	0.983	899.650
223.502	288.669	80.054	19.997	100.200	19.978	16.185	0.986	899.612
224.002	289.140	80.052	19.998	100.200	19.969	16.848	1.007	899.640
224.502	289.645	80.054	19.998	100.206	19.965	17.136	0.976	899.617
225.002	290.149	80.054	19.997	100.205	19.963	17.308	1.008	899.624
225.503	290.632	80.051	19.997	100.203	19.959	17.656	0.985	899.624
226.003	291.142	80.055	19.997	100.197	19.956	17.974	0.994	899.634
226.503	291.624	80.055	19.996	100.200	19.951	18.459	0.994	899.654
227.002	292.132	80.053	19.995	100.199	19.944	19.097	0.990	899.669
227.502	292.613	80.054	19.997	100.200	19.944	19.173	0.989	899.682
228.002	293.144	80.055	19.997	100.204	19.940	19.504	1.012	899.677
228.502	293.625	80.055	19.996	100.206	19.939	19.563	1.012	899.660
229.002	294.122	80.056	19.996	100.204	19.934	19.962	0.978	899.677
229.502	294.659	80.053	19.996	100.202	19.932	20.093	1.034	899.639
230.002	295.161	80.055	19.996	100.201	19.930	20.275	1.039	899.659
230.502	295.646	80.057	19.998	100.201	19.926	20.551	0.987	899.659
231.003	296.159	80.057	19.998	100.210	19.920	21.031	0.998	899.655
231.503	296.654	80.059	19.998	100.213	19.917	21.292	1.009	899.642
232.002	297.104	80.058	19.997	100.214	19.912	21.687	0.946	899.735
232.502	297.680	80.058	19.998	100.211	19.914	21.577	1.026	899.641
233.002	298.165	80.056	19.998	100.205	19.905	22.213	1.062	899.622
233.502	298.656	80.054	19.998	100.195	19.907	22.037	0.977	899.695
234.002	299.175	80.053	19.997	100.188	19.894	23.074	1.010	899.684
234.502	299.650	80.055	19.997	100.184	19.897	22.846	0.993	899.648
235.002	300.118	80.054	19.998	100.180	19.886	23.610	0.943	899.635
235.502	300.676	80.055	19.997	100.180	19.889	23.403	1.027	899.769
236.002	301.197	80.053	19.996	100.178	19.878	24.151	1.079	899.733
236.502	301.664	80.054	19.997	100.178	19.874	24.474	0.988	899.639
237.002	302.184	80.057	19.997	100.179	19.875	24.418	0.986	899.642
237.502	302.681	80.057	19.996	100.181	19.867	25.029	1.016	899.636
238.002	303.159	80.055	19.995	100.179	19.858	25.765	0.975	899.681
238.502	303.666	80.054	19.995	100.178	19.847	26.594	0.985	899.682
239.002	304.160	80.055	19.997	100.176	19.859	25.736	1.002	899.700
239.502	304.659	80.056	19.997	100.172	19.844	26.887	0.993	899.717
240.003	305.127	80.054	19.996	100.173	19.836	27.413	0.966	899.723
240.502	305.665	80.053	19.997	100.176	19.854	26.002	1.008	899.721
241.002	306.131	80.056	19.996	100.176	19.843	26.789	1.005	899.689
241.502	306.654	80.055	19.997	100.175	19.840	27.070	0.988	899.689
242.002	307.179	80.054	19.997	100.175	19.821	28.572	1.046	899.704
242.503	307.659	80.057	19.996	100.176	19.836	27.461	1.004	899.734
243.003	308.160	80.058	19.997	100.178	19.810	29.456	0.981	899.679
243.503	308.631	80.057	19.997	100.184	19.820	28.693	0.973	899.722
244.002	309.190	80.057	19.997	100.186	19.824	28.374	1.032	899.748
244.502	309.654	80.055	19.998	100.183	19.807	29.555	1.024	899.710
245.002	310.152	80.055	19.996	100.182	19.806	29.634	0.961	899.684
245.502	310.643	80.055	19.997	100.176	19.805	29.660	0.989	899.751
246.002	311.155	80.056	19.997	100.171	19.809	29.328	1.002	899.733
246.502	311.658	80.057	19.997	100.175	19.798	30.136	1.014	899.735
247.002	312.109	80.057	19.997	100.178	19.792	30.677	0.954	899.745
247.503	312.653	80.057	19.998	100.181	19.794	30.519	0.996	899.809
248.003	313.178	80.060	19.998	100.185	19.787	30.972	1.070	899.682
248.502	313.653	80.059	19.997	100.185	19.777	31.735	1.000	899.685
249.002	314.143	80.056	19.996	100.178	19.778	31.618	0.964	899.738
249.503	314.676	80.056	19.997	100.177	19.769	32.243	1.021	899.753
250.004	315.160	80.055	19.998	100.176	19.767	32.343	1.017	899.689
250.503	315.596	80.056	19.997	100.174	19.759	32.908	0.922	899.814
251.002	316.104	80.056	19.997	100.175	19.752	33.389	0.944	899.740
251.502	316.606	80.056	19.998	100.182	19.745	33.854	1.010	899.815
252.002	317.172	80.057	19.998	100.185	19.732	34.876	1.069	899.716
252.502	317.639	80.053	19.996	100.185	19.730	34.977	1.033	899.770
253.002	318.220	80.054	19.998	100.188	19.719	35.810	1.047	899.714
253.502	318.629	80.057	19.998	100.189	19.714	36.092	0.990	899.773
254.002	319.122	80.053	19.997	100.190	19.699	37.248	0.902	899.777
254.502	319.623	80.054	19.998	100.189	19.701	36.998	0.994	899.778
255.002	320.158	80.053	19.997	100.190	19.686	38.136	1.036	899.747
255.502	320.599	80.052	19.997	100.193	19.672	39.262	0.976	899.796
256.002	321.098	80.055	19.997	100.192	19.660	40.070	0.940	899.805
256.502	321.628	80.055	19.997	100.192	19.654	40.500	1.028	899.817
257.003	322.136	80.056	19.998	100.201	19.635	41.942	1.038	899.784
257.502	322.595	80.056	19.997	100.207	19.626	42.681	0.967	899.824
258.003	323.130	80.055	19.998	100.207	19.614	43.506	0.994	899.783
258.503	323.622	80.056	19.999	100.214	19.606	44.088	1.027	899.810
259.002	324.132	80.056	19.997	100.216	19.591	45.209	1.001	899.832
259.503	324.605	80.058	19.998	100.212	19.580	46.026	0.983	899.785
260.003	325.115	80.056	19.997	100.217	19.562	47.419	0.984	899.848
260.503	325.600	80.057	19.997	100.221	19.539	49.122	0.995	899.832
261.003	326.113	80.059	19.999	100.222	19.520	50.550	0.997	899.827
261.503	326.631	80.058	19.996	100.227	19.493	52.556	1.032	899.856
262.002	327.125	80.059	19.997	100.233	19.478	53.657	1.013	899.826
262.503	327.605	80.059	19.999	100.228	19.446	55.961	0.973	899.757
263.003	328.116	80.057	19.998	100.229	19.452	55.455	0.991	899.828
263.502	328.570	80.057	19.999	100.232	19.428	57.271	0.966	899.838
264.002	329.154	80.058	19.998	100.236	19.405	59.005	1.039	899.792
264.502	329.599	80.058	19.998	100.235	19.373	61.472	1.030	899.861
265.002	330.109	80.057	19.998	100.237	19.359	62.582	0.954	899.841
265.503	330.637	80.057	19.998	100.240	19.344	63.811	1.037	899.787
266.003	331.088	80.055	19.998	100.242	19.318	65.865	0.979	899.828
266.502	331.638	80.056	19.997	100.240	19.285	68.415	1.001	899.839
267.003	332.093	80.056	19.998	100.244	19.264	70.055	1.004	899.842
267.503	332.611	80.055	19.998	100.247	19.230	72.655	0.973	899.810
268.003	333.118	80.058	19.997	100.247	19.208	74.306	1.027	899.847
268.502	333.608	80.058	19.998	100.248	19.183	76.142	0.998	899.891
269.002	334.120	80.056	19.998	100.253	19.144	79.040	1.002	899.848
269.502	334.579	80.058	19.999	100.256	19.117	81.110	0.971	899.902
270.002	335.081	80.058	19.998	100.263	19.088	83.259	0.961	899.888
270.502	335.609	80.058	19.999	100.270	19.059	85.484	1.030	899.855
271.002	336.130	80.059	19.999	100.270	19.026	87.991	1.048	899.811
271.503	336.625	80.059	19.999	100.267	18.988	91.031	1.015	899.791
272.003	337.152	80.059	19.998	100.264	18.951	93.923	1.023	899.810
272.502	337.655	80.059	20.000	100.257	18.933	95.365	1.031	899.753
273.002	338.095	80.055	19.997	100.252	18.905	97.466	0.943	899.863
273.502	338.548	80.054	19.998	100.249	18.845	101.992	0.893	899.829
274.002	339.071	80.054	19.997	100.247	18.824	103.600	0.976	899.880
274.502	339.593	80.057	19.998	100.244	18.796	105.598	1.045	899.825
275.002	340.073	80.055	19.997	100.244	18.748	109.182	1.002	899.875
275.502	340.570	80.056	19.998	100.244	18.709	112.137	0.976	899.883
276.003	341.061	80.055	19.998	100.249	18.676	114.708	0.987	899.901
276.503	341.575	80.054	19.997	100.255	18.628	118.400	1.006	899.893
277.002	342.063	80.054	19.998	100.259	18.590	121.304	1.002	899.898
277.503	342.566	80.053	19.998	100.258	18.550	124.319	0.991	899.853
278.003	343.044	80.051	19.998	100.258	18.512	127.197	0.981	899.882
278.503	343.551	80.052	19.997	100.250	18.475	130.042	0.984	899.901
279.003	344.084	80.054	19.998	100.239	18.427	133.708	1.041	899.904
279.503	344.536	80.052	20.000	100.233	18.390	136.458	0.986	899.900
280.003	345.069	80.053	19.998	100.231	18.344	139.907	0.984	899.880
280.503	345.559	80.054	20.000	100.230	18.305	142.874	1.022	899.867
281.003	346.072	80.051	19.997	100.235	18.246	147.312	1.003	899.898
281.503	346.581	80.053	19.999	100.239	18.214	149.720	1.022	899.910
282.003	347.092	80.050	19.998	100.246	18.176	152.606	1.019	899.865
282.503	347.525	80.052	19.999	100.248	18.117	157.095	0.943	899.889
283.003	348.018	80.051	19.996	100.248	18.080	159.922	0.927	899.957
283.503	348.574	80.050	19.997	100.243	18.028	163.827	1.049	899.904
284.003	349.001	80.056	19.999	100.237	17.976	167.909	0.982	899.918
284.503	349.514	80.055	19.998	100.233	17.934	171.149	0.940	899.947
285.003	350.021	80.054	20.000	100.233	17.888	174.668	1.021	899.941
285.503	350.533	80.055	19.999	100.233	17.857	177.064	1.019	899.899
286.003	351.016	80.055	19.999	100.232	17.797	181.668	0.995	899.945
286.502	351.551	80.057	20.000	100.233	17.740	185.964	1.019	899.893
287.002	352.048	80.056	19.999	100.235	17.694	189.399	1.032	899.922
287.502	352.534	80.055	19.999	100.235	17.653	192.511	0.983	899.952
288.003	353.029	80.056	19.999	100.232	17.604	196.280	0.980	899.930
288.503	353.519	80.057	19.999	100.236	17.566	199.074	0.985	899.937
289.003	354.042	80.057	19.999	100.239	17.512	203.143	1.012	899.918
289.504	354.514	80.055	19.997	100.232	17.462	207.011	0.995	899.934
290.004	354.995	80.056	19.999	100.227	17.418	210.345	0.953	899.946
290.503	355.501	80.056	19.998	100.230	17.364	214.331	0.987	899.959
291.003	356.053	80.056	19.997	100.226	17.323	217.401	1.058	899.923
291.504	356.516	80.054	19.997	100.217	17.279	220.786	1.014	899.972
292.003	356.998	80.053	19.998	100.211	17.234	224.147	0.945	899.991
292.504	357.511	80.055	19.998	100.206	17.187	227.653	0.996	899.934
293.003	357.967	80.056	19.998	100.195	17.145	230.772	0.970	899.984
293.503	358.475	80.058	19.997	100.194	17.097	234.298	0.964	899.966
294.004	358.982	80.056	19.999	100.197	17.050	237.808	1.014	899.941
294.503	359.478	80.053	19.998	100.199	17.013	240.635	1.003	899.947
295.003	359.923	80.057	19.998	100.194	16.960	244.587	0.942	899.938
295.503	360.409	80.055	19.997	100.192	16.921	247.508	0.931	900.045
296.003	360.916	80.056	19.998	100.192	16.886	250.157	0.993	899.998
296.503	361.458	80.059	19.998	100.190	16.842	253.432	1.050	899.967
297.003	361.939	80.057	19.999	100.185	16.806	256.094	1.023	899.954
297.503	362.436	80.056	19.998	100.187	16.765	259.039	0.977	899.964
298.003	362.915	80.056	19.999	100.186	16.722	262.203	0.977	900.005
298.502	363.423	80.055	19.998	100.180	16.692	264.337	0.987	899.966
299.003	363.908	80.057	19.999	100.178	16.649	267.427	0.992	900.003
299.504	364.410	80.057	19.999	100.182	16.607	270.561	0.988	899.952
300.003	364.899	80.057	20.000	100.182	16.574	273.001	0.992	899.984
300.503	365.427	80.058	19.998	100.187	16.538	275.674	1.016	899.943
301.003	365.877	80.056	19.999	100.191	16.503	278.142	0.977	899.980
301.504	366.416	80.057	19.998	100.196	16.463	281.061	0.988	899.971
302.004	366.873	80.059	19.998	100.192	16.429	283.442	0.996	900.003
302.503	367.352	80.057	19.998	100.190	16.389	286.258	0.937	899.980
303.003	367.889	80.057	19.999	100.185	16.352	288.893	1.016	899.997
303.503	368.393	80.056	19.999	100.181	16.318	291.248	1.041	899.985
304.003	368.878	80.054	19.998	100.184	16.279	294.008	0.989	899.975
304.503	369.336	80.055	19.999	100.197	16.242	296.686	0.943	900.007
305.003	369.866	80.054	19.998	100.208	16.198	299.883	0.989	900.012
305.503	370.354	80.056	19.998	100.212	16.155	303.056	1.018	899.982
306.003	370.864	80.057	19.997	100.221	16.116	305.986	0.997	899.983
306.503	371.360	80.051	19.998	100.227	16.077	308.856	1.005	899.995
307.004	371.834	80.053	19.999	100.225	16.034	312.067	0.970	900.002
307.504	372.352	80.054	19.999	100.227	15.987	315.581	0.993	899.984
308.004	372.846	80.054	19.999	100.237	15.944	318.799	1.012	899.985
308.504	373.373	80.053	20.000	100.242	15.902	322.024	1.021	900.035
309.004	373.826	80.053	19.999	100.251	15.856	325.565	0.980	900.010
309.504	374.336	80.052	19.999	100.267	15.817	328.578	0.963	900.016
310.004	374.821	80.053	19.999	100.282	15.777	331.791	0.995	900.028
310.503	375.324	80.051	19.999	100.294	15.736	334.986	0.988	899.996
311.004	375.800	80.053	20.000	100.313	15.699	337.787	0.979	899.983
311.504	376.313	80.052	19.998	100.325	15.657	341.059	0.988	900.012
312.004	376.792	80.054	19.998	100.331	15.617	344.114	0.992	900.046
312.504	377.281	80.055	19.999	100.334	15.579	347.038	0.968	900.021
313.004	377.812	80.056	19.998	100.336	15.541	349.924	1.021	900.016
313.503	378.284	80.060	19.998	100.333	15.510	352.346	1.004	900.044
314.004	378.782	80.057	19.999	100.335	15.483	354.591	0.970	900.002
314.504	379.283	80.054	19.998	100.340	15.460	356.381	0.999	900.019
315.003	379.765	80.054	19.998	100.339	15.446	357.335	0.983	900.034
315.503	380.255	80.054	19.998	100.334	15.431	358.369	0.972	900.017
316.003	380.760	80.052	19.999	100.325	15.417	359.326	0.995	900.021
316.503	381.251	80.055	19.999	100.309	15.405	360.047	0.996	900.027
317.003	381.790	80.055	19.998	100.293	15.394	360.714	1.030	900.020
317.503	382.303	80.054	19.998	100.280	15.385	361.368	1.051	900.099
318.003	382.774	80.054	20.000	100.268	15.375	362.143	0.984	900.055
318.503	383.240	80.055	19.998	100.258	15.358	363.491	0.938	900.087
319.003	383.764	80.055	19.999	100.249	15.353	363.985	0.990	900.057
319.503	384.225	80.054	20.000	100.239	15.349	364.452	0.984	900.041
320.004	384.782	80.053	20.000	100.231	15.346	364.742	1.018	900.022
320.504	385.202	80.056	19.999	100.225	15.330	365.909	0.977	900.012
321.004	385.706	80.055	19.999	100.212	15.300	368.099	0.925	900.026
321.503	386.223	80.053	19.999	100.190	15.272	370.112	1.020	900.016
322.003	386.719	80.054	19.999	100.181	15.259	370.960	1.013	900.046
322.504	387.242	80.053	19.999	100.188	15.264	370.493	1.019	900.049
323.004	387.739	80.054	19.998	100.201	15.281	369.104	1.020	900.074
323.504	388.235	80.056	19.998	100.216	15.311	366.662	0.993	900.090
324.003	388.729	80.054	19.997	100.246	15.333	364.788	0.990	900.064
324.504	389.240	80.052	19.997	100.255	15.369	361.846	1.005	900.062
325.004	389.738	80.051	19.998	100.240	15.413	358.219	1.010	900.087
325.503	390.245	80.050	19.998	100.230	15.463	353.969	1.006	900.082
326.003	390.752	80.052	19.998	100.226	15.500	350.730	1.014	900.077
326.503	391.209	80.051	19.998	100.210	15.508	349.686	0.964	900.104
327.003	391.761	80.051	19.997	100.200	15.480	351.531	1.009	900.108
327.503	392.252	80.051	19.998	100.199	15.440	354.521	1.043	900.085
328.004	392.777	80.049	19.997	100.195	15.421	356.154	1.016	900.114
328.504	393.246	80.051	19.998	100.199	15.424	356.336	0.994	900.065
329.004	393.725	80.053	19.998	100.212	15.436	355.810	0.948	900.062
329.503	394.232	80.052	19.998	100.225	15.452	354.959	0.987	900.052
330.003	394.732	80.050	19.998	100.235	15.477	353.261	1.008	900.070
330.503	395.248	80.049	19.999	100.248	15.505	351.125	1.015	900.090
331.003	395.754	80.052	19.999	100.264	15.528	349.259	1.022	900.076
331.503	396.281	80.054	19.999	100.286	15.546	347.753	1.034	900.085
332.003	396.771	80.051	19.998	100.319	15.566	346.255	1.017	900.119
332.503	397.229	80.053	19.998	100.361	15.578	345.372	0.947	900.077
333.003	397.764	80.053	19.999	100.412	15.581	345.386	0.992	900.105
333.503	398.308	80.051	19.999	100.457	15.585	345.470	1.079	900.113
334.003	398.790	80.052	19.998	100.496	15.591	345.426	1.026	900.116
334.503	399.256	80.052	20.000	100.514	15.615	344.006	0.948	900.084
335.003	399.752	80.050	19.999	100.506	15.643	342.217	0.963	900.134
335.503	400.268	80.051	19.999	100.468	15.678	339.925	1.012	900.109
336.003	400.771	80.050	20.000	100.420	15.716	337.287	1.018	900.147
336.503	401.289	80.050	19.999	100.376	15.763	333.701	1.020	900.101
337.004	401.805	80.051	19.998	100.353	15.823	329.182	1.035	900.108
337.503	402.279	80.050	19.997	100.355	15.884	324.568	0.991	900.132
338.003	402.816	80.050	19.997	100.372	15.947	319.805	1.011	900.116
338.503	403.343	80.049	19.998	100.390	16.012	314.847	1.063	900.131
339.003	403.806	80.049	19.999	100.405	16.083	309.506	0.989	900.140
339.503	404.311	80.052	19.998	100.401	16.146	304.706	0.968	900.135
340.003	404.812	80.052	19.999	100.388	16.221	299.123	1.006	900.141
340.504	405.313	80.050	19.999	100.363	16.280	294.681	1.002	900.156
341.004	405.840	80.049	19.999	100.326	16.341	290.078	1.027	900.167
341.504	406.351	80.051	20.000	100.279	16.412	284.792	1.037	900.137
342.004	406.843	80.053	19.999	100.250	16.486	279.208	1.004	900.156
342.504	407.329	80.052	19.999	100.221	16.559	273.716	0.978	900.166
343.004	407.876	80.050	19.999	100.200	16.643	267.307	1.033	900.125
343.503	408.380	80.053	19.998	100.198	16.730	260.600	1.052	900.152
344.003	408.897	80.051	20.000	100.208	16.815	253.927	1.021	900.140
344.504	409.377	80.051	19.999	100.212	16.909	246.579	0.997	900.151
345.004	409.896	80.052	19.998	100.219	17.003	239.135	0.999	900.152
345.504	410.401	80.051	20.000	100.230	17.099	231.539	1.024	900.124
346.003	410.896	80.050	19.998	100.239	17.195	223.984	1.000	900.154
346.503	411.418	80.049	19.999	100.244	17.288	216.592	1.017	900.203
347.004	411.930	80.048	20.001	100.249	17.380	209.289	1.033	900.163
347.504	412.450	80.049	20.000	100.253	17.473	201.823	1.032	900.147
348.004	412.927	80.050	20.000	100.257	17.561	194.834	0.997	900.144
348.504	413.448	80.050	20.000	100.257	17.645	188.074	0.999	900.155
349.003	413.958	80.051	19.999	100.255	17.735	181.005	1.032	900.162
349.503	414.481	80.051	20.000	100.258	17.816	174.534	1.033	900.178
350.004	415.001	80.051	20.000	100.266	17.898	168.116	1.042	900.162
350.504	415.499	80.054	19.999	100.280	17.983	161.545	1.018	900.186
351.004	416.019	80.053	20.000	100.302	18.063	155.230	1.019	900.184
351.504	416.522	80.054	20.000	100.328	18.142	149.070	1.023	900.195
352.003	417.034	80.051	20.000	100.358	18.220	142.955	1.015	900.191
352.503	417.512	80.052	20.000	100.392	18.296	136.984	0.990	900.145
353.003	418.032	80.053	20.000	100.420	18.375	130.803	0.999	900.195
353.503	418.575	80.051	20.000	100.451	18.451	124.970	1.062	900.208
354.004	419.048	80.052	20.000	100.483	18.519	119.756	1.015	900.159
354.504	419.540	80.053	19.999	100.514	18.596	113.936	0.965	900.171
355.004	420.079	80.053	20.000	100.548	18.660	109.032	1.032	900.192
355.503	420.589	80.054	20.000	100.582	18.732	103.544	1.050	900.217
356.003	421.114	80.053	19.998	100.615	18.799	98.447	1.034	900.195
356.503	421.606	80.052	19.999	100.639	18.866	93.375	1.017	900.221
357.003	422.120	80.051	19.999	100.659	18.927	88.661	1.007	900.209
357.504	422.642	80.050	20.000	100.671	18.992	83.759	1.036	900.210
358.004	423.131	80.052	20.001	100.685	19.051	79.230	1.011	900.188
358.504	423.637	80.051	20.000	100.700	19.112	74.700	0.995	900.232
359.004	424.160	80.050	20.000	100.718	19.165	70.651	1.029	900.243
359.504	424.677	80.050	20.000	100.736	19.219	66.571	1.041	900.229
360.004	425.153	80.051	20.000	100.747	19.270	62.753	0.993	900.244
360.503	425.631	80.050	20.000	100.759	19.316	59.240	0.954	900.248
361.003	426.176	80.053	20.000	100.763	19.364	55.579	1.022	900.252
361.504	426.691	80.052	20.000	100.765	19.411	52.044	1.060	900.249
362.004	427.142	80.052	20.001	100.759	19.448	49.267	0.966	900.293
362.504	427.666	80.051	20.000	100.761	19.492	45.995	0.975	900.251
363.004	428.194	80.050	19.999	100.759	19.528	43.404	1.052	900.258
363.504	428.701	80.053	20.000	100.756	19.569	40.389	1.034	900.276
364.004	429.181	80.054	19.998	100.758	19.603	37.875	0.987	900.237
364.504	429.687	80.053	19.998	100.764	19.637	35.428	0.987	900.273
365.004	430.201	80.055	19.998	100.763	19.673	32.794	1.020	900.247
365.504	430.690	80.054	19.997	100.759	19.704	30.563	1.003	900.261
366.004	431.189	80.054	19.998	100.753	19.731	28.575	0.988	900.299
366.504	431.701	80.057	19.998	100.750	19.757	26.788	1.012	900.273
367.003	432.195	80.055	19.997	100.744	19.786	24.799	1.007	900.237
367.503	432.713	80.052	19.998	100.743	19.809	23.236	1.011	900.283
368.004	433.170	80.051	19.998	100.743	19.834	21.450	0.974	900.281
368.504	433.687	80.052	19.997	100.746	19.856	19.969	0.974	900.249
369.004	434.168	80.052	19.998	100.738	19.875	18.775	0.998	900.241
369.504	434.701	80.051	19.999	100.731	19.894	17.520	1.014	900.282
370.004	435.211	80.051	19.998	100.721	19.913	16.283	1.044	900.253
370.504	435.715	80.055	19.999	100.710	19.931	15.100	1.013	900.289
371.004	436.193	80.054	19.998	100.699	19.949	13.838	0.982	900.314
371.504	436.688	80.052	19.999	100.695	19.962	13.038	0.973	900.296
372.004	437.201	80.053	19.999	100.686	19.977	12.139	1.008	900.294
372.504	437.686	80.053	19.999	100.676	19.993	11.265	0.998	900.266
373.004	438.177	80.053	19.999	100.669	20.002	10.866	0.975	900.291
373.504	438.702	80.052	20.001	100.660	20.016	10.174	1.017	900.301
374.004	439.195	80.051	19.999	100.643	20.029	9.553	1.018	900.303
374.504	439.696	80.052	20.000	100.630	20.039	9.060	0.994	900.311
375.004	440.200	80.051	20.001	100.618	20.046	8.787	1.006	900.338
375.504	440.689	80.051	19.999	100.604	20.055	8.239	0.993	900.316
376.004	441.191	80.052	19.999	100.587	20.066	7.486	0.990	900.326
376.504	441.726	80.051	19.999	100.571	20.072	7.099	1.037	900.317
377.004	442.184	80.053	19.998	100.555	20.084	6.400	0.993	900.325
377.504	442.720	80.057	19.999	100.542	20.092	5.967	0.994	900.309
378.004	443.205	80.055	19.998	100.531	20.097	5.820	1.021	900.355
378.504	443.717	80.054	19.999	100.521	20.105	5.440	0.997	900.336
379.004	444.196	80.050	20.000	100.508	20.110	5.321	0.992	900.345
379.504	444.691	80.051	19.998	100.490	20.116	5.061	0.974	900.354
380.004	445.244	80.052	19.999	100.463	20.121	4.825	1.048	900.358
380.504	445.697	80.050	20.000	100.435	20.125	4.521	1.007	900.366
381.004	446.194	80.051	19.999	100.408	20.130	4.296	0.950	900.342
381.504	446.688	80.053	19.999	100.386	20.134	4.077	0.990	900.356
382.004	447.201	80.051	19.998	100.367	20.142	3.566	1.006	900.340
382.504	447.685	80.052	19.998	100.357	20.145	3.433	0.997	900.372
383.004	448.226	80.053	19.999	100.349	20.153	2.854	1.025	900.332
383.504	448.712	80.052	19.999	100.341	20.154	2.870	1.027	900.360
384.004	449.205	80.052	19.999	100.336	20.159	2.510	0.980	900.392
384.504	449.695	80.051	19.999	100.323	20.163	2.325	0.983	900.349
385.004	450.204	80.053	19.998	100.306	20.168	1.970	0.999	900.406
385.503	450.682	80.054	19.998	100.289	20.175	1.531	0.987	900.385
386.004	451.173	80.051	19.999	100.271	20.180	1.155	0.968	900.389
386.504	451.687	80.054	19.998	100.250	20.187	0.715	1.004	900.393
387.004	452.187	80.052	19.998	100.242	20.196	-0.003	1.014	900.380
387.504	452.669	80.050	19.997	100.237	20.199	-0.302	0.983	900.380
388.004	453.191	80.052	19.997	100.234	20.206	-0.832	1.003	900.377
388.504	453.689	80.053	19.998	100.226	20.211	-1.188	1.020	900.421
389.004	454.166	80.054	19.997	100.219	20.216	-1.553	0.976	900.398
389.504	454.685	80.051	19.997	100.209	20.219	-1.707	0.996	900.422
390.004	455.210	80.052	19.997	100.205	20.222	-1.944	1.043	900.438
390.504	455.695	80.053	19.997	100.202	20.223	-1.993	1.009	900.414
391.004	456.189	80.052	19.998	100.200	20.227	-2.347	0.979	900.411
391.504	456.687	80.051	19.998	100.196	20.229	-2.492	0.993	900.459
392.004	457.156	80.052	19.998	100.191	20.230	-2.527	0.967	900.433
392.504	457.662	80.052	19.998	100.181	20.231	-2.521	0.975	900.428
393.004	458.154	80.052	19.997	100.174	20.232	-2.579	0.998	900.434
393.504	458.663	80.054	19.997	100.174	20.233	-2.569	1.002	900.434
394.004	459.166	80.050	19.998	100.177	20.233	-2.452	1.011	900.437
394.504	459.670	80.049	19.997	100.181	20.237	-2.743	1.006	900.453
395.004	460.164	80.049	19.998	100.183	20.234	-2.409	0.997	900.440
395.504	460.653	80.049	19.998	100.181	20.239	-2.801	0.983	900.467
396.004	461.143	80.050	19.997	100.176	20.237	-2.627	0.980	900.438
396.504	461.658	80.050	19.998	100.174	20.241	-2.902	1.005	900.464
397.004	462.160	80.051	19.999	100.172	20.237	-2.542	1.017	900.458
397.504	462.664	80.055	19.998	100.171	20.238	-2.553	1.006	900.474
398.004	463.190	80.054	19.998	100.171	20.239	-2.567	1.030	900.486
398.505	463.669	80.052	19.997	100.173	20.243	-2.860	1.005	900.481
399.005	464.155	80.054	19.998	100.173	20.240	-2.565	0.965	900.490
399.504	464.692	80.053	19.998	100.170	20.239	-2.409	1.023	900.470
400.003	465.175	80.052	19.997	100.166	20.242	-2.553	1.020	900.480
400.504	465.669	80.050	19.997	100.159	20.242	-2.607	0.978	900.529
401.004	466.166	80.050	19.998	100.151	20.243	-2.674	0.991	900.517
401.504	466.648	80.049	19.997	100.148	20.245	-2.794	0.978	900.509
402.004	467.168	80.049	19.998	100.145	20.244	-2.713	1.002	900.520
402.504	467.650	80.047	19.998	100.141	20.242	-2.552	1.001	900.493
403.004	468.132	80.051	19.998	100.139	20.243	-2.634	0.963	900.492
403.504	468.617	80.051	19.998	100.138	20.242	-2.535	0.966	900.493
404.005	469.124	80.052	19.997	100.137	20.245	-2.721	0.992	900.509
404.505	469.609	80.054	19.997	100.133	20.245	-2.671	0.993	900.529
405.004	470.111	80.053	19.999	100.129	20.244	-2.590	0.987	900.512
405.504	470.655	80.052	19.998	100.126	20.246	-2.778	1.045	900.540
406.004	471.137	80.051	19.999	100.123	20.245	-2.748	1.027	900.539
406.504	471.646	80.052	19.999	100.115	20.247	-2.843	0.992	900.533
407.004	472.137	80.052	19.998	100.111	20.244	-2.598	1.000	900.513
407.504	472.655	80.050	19.999	100.111	20.244	-2.524	1.008	900.550
408.004	473.140	80.052	19.999	100.111	20.241	-2.268	1.003	900.527
408.504	473.617	80.052	19.999	100.111	20.243	-2.329	0.962	900.526
409.004	474.114	80.050	19.999	100.111	20.244	-2.355	0.975	900.546
409.504	474.616	80.052	19.999	100.111	20.245	-2.403	1.000	900.543
410.004	475.108	80.053	19.998	100.109	20.244	-2.354	0.994	900.575
410.504	475.625	80.053	19.999	100.106	20.246	-2.583	1.009	900.537
411.004	476.114	80.052	19.999	100.104	20.245	-2.464	1.006	900.539
411.504	476.604	80.051	19.998	100.102	20.246	-2.550	0.979	900.546
412.004	477.103	80.052	19.999	100.101	20.244	-2.371	0.989	900.561
412.504	477.573	80.052	19.998	100.104	20.243	-2.180	0.969	900.560
413.004	478.070	80.051	19.999	100.106	20.246	-2.391	0.966	900.533
413.504	478.596	80.052	19.999	100.106	20.247	-2.427	1.024	900.590
414.004	479.101	80.052	19.999	100.104	20.244	-2.125	1.031	900.563
414.504	479.580	80.052	19.999	100.101	20.245	-2.234	0.984	900.569
415.004	480.086	80.053	19.997	100.093	20.242	-2.103	0.984	900.562
415.504	480.586	80.053	19.997	100.088	20.245	-2.305	1.005	900.581
416.004	481.069	80.054	19.998	100.084	20.246	-2.433	0.984	900.577
416.504	481.581	80.053	19.998	100.082	20.246	-2.349	0.996	900.574
417.004	482.071	80.050	19.998	100.083	20.244	-2.171	1.002	900.567
417.504	482.553	80.051	19.998	100.089	20.245	-2.225	0.971	900.563
418.004	483.062	80.052	19.998	100.089	20.243	-2.060	0.991	900.581
418.504	483.575	80.049	19.998	100.089	20.245	-2.256	1.023	900.596
419.004	484.101	80.051	19.999	100.088	20.247	-2.321	1.039	900.591
419.504	484.563	80.050	19.998	100.082	20.248	-2.378	0.989	900.595
420.004	485.063	80.050	19.997	100.076	20.244	-2.137	0.962	900.625
420.504	485.547	80.053	19.997	100.073	20.243	-2.204	0.983	900.631
421.004	486.055	80.052	19.997	100.071	20.248	-2.572	0.992	900.583
421.504	486.583	80.052	19.998	100.069	20.246	-2.443	1.037	900.616
422.004	487.033	80.052	19.996	100.074	20.247	-2.550	0.978	900.587
422.504	487.560	80.050	19.997	100.078	20.247	-2.511	0.977	900.598
423.004	488.062	80.052	19.998	100.079	20.247	-2.528	1.030	900.607
423.504	488.570	80.050	19.997	100.078	20.246	-2.421	1.009	900.616
424.004	489.054	80.049	19.998	100.077	20.250	-2.601	0.991	900.626
424.504	489.565	80.051	19.998	100.071	20.251	-2.664	0.996	900.617
425.004	490.074	80.051	19.998	100.067	20.246	-2.275	1.020	900.651
425.504	490.554	80.051	19.998	100.069	20.247	-2.427	0.988	900.634
426.004	491.089	80.052	19.997	100.069	20.247	-2.409	1.014	900.645
426.504	491.535	80.050	19.997	100.068	20.249	-2.503	0.981	900.691
427.004	492.068	80.051	19.998	100.068	20.244	-2.136	0.979	900.630
427.504	492.538	80.053	19.998	100.074	20.250	-2.575	1.003	900.663
428.004	493.062	80.054	19.997	100.076	20.247	-2.385	0.994	900.678
428.504	493.561	80.056	19.998	100.078	20.246	-2.230	1.023	900.664
429.004	494.064	80.053	19.997	100.083	0.000	0.000	1.002	900.653
429.504	494.545	80.052	19.997	100.086	0.000	0.000	0.984	900.658
430.004	495.023	80.053	19.998	100.080	0.000	0.000	0.958	900.642
430.505	495.545	80.051	19.997	100.075	0.000	0.000	0.999	900.653
431.005	496.050	80.053	19.997	100.073	0.000	0.000	1.027	900.683
431.504	496.547	80.055	19.997	100.072	0.000	0.000	1.003	900.685
432.004	497.034	80.055	19.997	100.069	0.000	0.000	0.985	900.664
432.504	497.518	80.054	19.997	100.071	0.000	0.000	0.971	900.674
433.004	498.023	80.051	19.997	100.073	0.000	0.000	0.988	900.647
433.504	498.525	80.051	19.997	100.069	0.000	0.000	1.006	900.698
434.004	499.021	80.050	19.998	100.071	0.000	0.000	0.998	900.682
434.505	499.509	80.051	19.997	100.070	0.000	0.000	0.983	900.696
435.005	500.007	80.051	19.997	100.070	0.000	0.000	0.986	900.649
435.504	500.506	80.051	19.998	100.068	0.000	0.000	0.998	900.672
436.004	501.012	80.051	19.998	100.065	0.000	0.000	1.005	900.673
436.505	501.525	80.053	19.998	100.062	0.000	0.000	1.019	900.668
437.004	502.016	80.054	19.997	100.064	0.000	0.000	1.005	900.698
437.504	502.497	80.052	19.997	100.064	0.000	0.000	0.971	900.705
438.005	502.994	80.052	19.998	100.062	0.000	0.000	0.977	900.704
438.506	503.481	80.051	19.998	100.066	0.000	0.000	0.984	900.698
