File Name:	PMMA_CN_6mm_60Kmin_4mg_R2.txt	Version: 8.3.7.3
Date:	09 Aug 2024
Operator:	KH
Test ID:	PMMA_CN_6mm_4mg_60K_R2
Sample ID:	PMMA_CN_6mm_4mg
Sample Mass (mg):	3.9300
Sample Cup Mass (mg):	182.3100
End Total Mass (mg):	0.0000
Heating Rate (C/s):	1.0000
Combuster Temperature (C):	900.0
N2 Flow Rate (cc/min):	80.0
O2 Flow Rate (cc/min):	20.0
Calibration File:	Coeff.txt
T Correction Coefficients:	0.308738730	0.013615500	0.000000000
Time Shift (s):	10.0
Pre-Test Comments:
Post-Test Comments:
Baseline Flow:	100.101
Baseline O2:	20.553
Instrument ID:	2700
@
Time (s)	Temperature (C)	N2 Flow (cc/min)	O2 Flow (cc/min)	Total Flow (cc/min)	Oxygen (%)	HRR (W/g)	Heating Rate (C/s)	Combustor Temp (C)
0.000	74.899	80.012	19.978	100.101	20.523	-6.866	-0.013	898.922
0.500	74.919	80.013	19.976	100.105	20.508	-5.732	0.037	898.887
1.001	74.894	80.012	19.977	100.117	20.484	-3.842	-0.004	898.915
1.501	74.947	80.009	19.978	100.133	20.463	-2.204	0.027	898.894
2.000	74.933	80.008	19.977	100.185	20.445	-0.791	0.038	898.897
2.500	74.968	80.007	19.977	100.277	20.434	-0.002	0.022	898.874
3.000	75.001	80.009	19.978	100.393	20.424	0.832	0.069	898.899
3.500	75.046	80.010	19.975	100.515	20.417	1.328	0.078	898.859
4.000	75.089	80.007	19.976	100.631	20.419	1.107	0.088	898.870
4.500	75.174	80.009	19.977	100.706	20.409	1.763	0.128	898.836
5.000	75.213	80.010	19.977	100.739	20.410	1.176	0.124	898.872
5.500	75.303	80.006	19.976	100.746	20.411	-0.067	0.129	898.897
6.000	75.408	80.009	19.976	100.740	20.408	-1.449	0.194	898.864
6.500	75.479	80.012	19.977	100.733	20.404	-3.139	0.176	898.856
7.000	75.556	80.010	19.978	100.731	20.404	-5.432	0.148	898.865
7.500	75.683	80.011	19.975	100.736	20.407	-8.142	0.205	898.865
8.000	75.816	80.012	19.975	100.740	20.408	-10.225	0.259	898.854
8.501	75.929	80.009	19.975	100.742	20.410	-11.682	0.245	898.849
9.001	76.072	80.012	19.976	100.743	20.405	-11.940	0.257	898.873
9.501	76.183	80.008	19.977	100.744	20.403	-11.832	0.254	898.900
10.001	76.323	80.012	19.977	100.745	20.399	-11.144	0.250	898.856
10.501	76.436	80.012	19.976	100.746	20.389	-9.671	0.253	898.828
11.000	76.596	80.012	19.976	100.751	20.363	-6.913	0.273	898.823
11.500	76.732	80.013	19.976	100.757	20.334	-3.842	0.296	898.828
12.000	76.899	80.014	19.975	100.767	20.308	-1.192	0.303	898.830
12.501	77.088	80.013	19.976	100.805	20.281	1.491	0.356	898.791
13.001	77.277	80.013	19.977	100.897	20.260	3.654	0.379	898.841
13.501	77.510	80.011	19.977	101.025	20.251	4.911	0.422	898.804
14.001	77.783	80.012	19.978	101.183	20.245	5.900	0.506	898.814
14.500	78.008	80.013	19.978	101.363	20.246	6.369	0.498	898.823
15.000	78.276	80.009	19.977	101.527	20.249	6.777	0.494	898.801
15.500	78.607	80.012	19.979	101.638	20.254	7.075	0.599	898.825
16.000	78.903	80.010	19.977	101.703	20.255	7.590	0.626	898.818
16.500	79.197	80.012	19.976	101.722	20.265	7.516	0.590	898.816
17.000	79.516	80.014	19.977	101.702	20.270	7.807	0.613	898.773
17.500	79.916	80.014	19.976	101.656	20.276	8.025	0.720	898.817
18.000	80.237	80.010	19.978	101.605	20.286	7.788	0.721	898.777
18.500	80.604	80.010	19.977	101.552	20.292	7.889	0.688	898.768
19.000	80.980	80.010	19.977	101.508	20.299	7.745	0.743	898.813
19.500	81.371	80.012	19.977	101.472	20.304	7.708	0.767	898.772
20.000	81.781	80.013	19.977	101.444	20.317	6.967	0.801	898.805
20.500	82.151	80.011	19.977	101.409	20.317	7.029	0.780	898.782
21.000	82.582	80.012	19.978	101.373	20.322	6.772	0.801	898.796
21.501	83.025	80.010	19.980	101.338	20.328	6.355	0.873	898.783
22.001	83.421	80.010	19.979	101.298	20.334	6.069	0.838	898.711
22.501	83.895	80.014	19.977	101.253	20.340	5.772	0.871	898.774
23.001	84.348	80.014	19.978	101.210	20.344	5.605	0.927	898.783
23.500	84.764	80.010	19.979	101.168	20.353	5.098	0.869	898.793
24.001	85.202	80.008	19.978	101.121	20.354	5.213	0.853	898.798
24.501	85.686	80.006	19.978	101.073	20.358	5.062	0.922	898.820
25.001	86.169	80.009	19.977	101.025	20.359	5.076	0.968	898.715
25.501	86.629	80.010	19.978	100.986	20.364	4.669	0.942	898.771
26.001	87.064	80.011	19.978	100.950	20.370	4.208	0.895	898.763
26.501	87.554	80.013	19.979	100.927	20.377	3.803	0.926	898.769
27.001	88.059	80.010	19.978	100.909	20.377	3.958	0.995	898.778
27.501	88.544	80.010	19.979	100.896	20.381	3.733	0.989	898.806
28.001	89.034	80.013	19.979	100.888	20.386	3.429	0.975	898.733
28.501	89.541	80.013	19.978	100.886	20.388	3.453	0.997	898.729
29.001	90.026	80.011	19.978	100.876	20.391	3.362	0.993	898.777
29.500	90.532	80.013	19.980	100.867	20.396	3.105	0.992	898.763
30.000	91.055	80.011	19.978	100.856	20.399	3.050	1.029	898.747
30.500	91.513	80.011	19.979	100.838	20.401	3.021	0.981	898.768
31.000	92.002	80.008	19.978	100.823	20.401	3.181	0.947	898.763
31.500	92.552	80.007	19.980	100.816	20.401	3.320	1.038	898.812
32.001	93.045	80.009	19.979	100.808	20.405	3.129	1.042	898.709
32.501	93.561	80.008	19.979	100.806	20.407	3.104	1.010	898.757
33.000	94.070	80.007	19.978	100.805	20.411	2.929	1.025	898.771
33.501	94.594	80.010	19.979	100.803	20.411	2.976	1.031	898.764
34.002	95.128	80.009	19.977	100.791	20.416	2.673	1.058	898.702
34.501	95.610	80.009	19.979	100.785	20.415	2.750	1.017	898.693
35.001	96.139	80.009	19.980	100.777	20.417	2.638	1.012	898.711
35.501	96.656	80.009	19.980	100.767	20.419	2.489	1.045	898.731
36.001	97.177	80.013	19.979	100.752	20.418	2.595	1.038	898.724
36.501	97.713	80.008	19.979	100.745	20.418	2.597	1.057	898.693
37.001	98.230	80.010	19.979	100.735	20.422	2.375	1.053	898.726
37.501	98.767	80.008	19.978	100.722	20.420	2.627	1.054	898.727
38.001	99.266	80.009	19.980	100.714	20.422	2.560	1.035	898.746
38.501	99.800	80.010	19.977	100.709	20.423	2.562	1.032	898.711
39.001	100.338	80.013	19.978	100.698	20.421	2.669	1.073	898.726
39.501	100.908	80.012	19.977	100.689	20.425	2.385	1.109	898.741
40.001	101.419	80.010	19.977	100.680	20.428	2.193	1.081	898.703
40.501	101.950	80.009	19.978	100.670	20.430	2.036	1.041	898.710
41.001	102.477	80.009	19.977	100.663	20.432	1.862	1.058	898.736
41.501	103.008	80.011	19.976	100.661	20.432	2.068	1.058	898.695
42.001	103.558	80.010	19.977	100.661	20.434	2.114	1.081	898.701
42.501	104.057	80.011	19.977	100.662	20.433	2.347	1.048	898.708
43.002	104.590	80.013	19.977	100.662	20.437	2.132	1.031	898.704
43.502	105.099	80.012	19.978	100.659	20.436	2.221	1.043	898.716
44.001	105.648	80.012	19.977	100.658	20.433	2.605	1.059	898.711
44.501	106.170	80.012	19.977	100.650	20.434	2.521	1.070	898.670
45.001	106.708	80.011	19.976	100.643	20.436	2.362	1.059	898.718
45.501	107.240	80.013	19.976	100.634	20.436	2.374	1.070	898.699
46.001	107.786	80.010	19.977	100.634	20.437	2.292	1.079	898.704
46.501	108.311	80.010	19.976	100.634	20.438	2.156	1.072	898.700
47.000	108.879	80.012	19.976	100.635	20.442	1.761	1.091	898.709
47.502	109.399	80.011	19.978	100.635	20.443	1.645	1.086	898.702
48.002	109.918	80.011	19.977	100.635	20.443	1.609	1.040	898.692
48.501	110.455	80.012	19.977	100.628	20.444	1.511	1.057	898.718
49.001	110.984	80.009	19.977	100.614	20.444	1.586	1.066	898.700
49.501	111.530	80.013	19.979	100.600	20.443	1.766	1.075	898.694
50.001	112.067	80.015	19.978	100.592	20.446	1.629	1.082	898.685
50.501	112.623	80.011	19.977	100.588	20.445	1.869	1.093	898.697
51.001	113.164	80.015	19.977	100.582	20.447	1.777	1.097	898.676
51.501	113.668	80.010	19.977	100.580	20.448	1.712	1.045	898.687
52.001	114.191	80.013	19.978	100.581	20.448	1.718	1.027	898.686
52.501	114.713	80.014	19.977	100.580	20.449	1.589	1.044	898.669
53.001	115.278	80.011	19.977	100.577	20.448	1.711	1.087	898.670
53.501	115.747	80.011	19.978	100.578	20.446	1.812	1.034	898.662
54.001	116.328	80.012	19.979	100.582	20.448	1.656	1.050	898.667
54.501	116.880	80.012	19.979	100.588	20.448	1.782	1.132	898.678
55.002	117.421	80.013	19.979	100.594	20.451	1.674	1.093	898.695
55.501	117.924	80.012	19.978	100.594	20.454	1.559	1.044	898.653
56.001	118.482	80.013	19.978	100.595	20.453	1.673	1.060	898.687
56.502	119.032	80.012	19.978	100.588	20.453	1.672	1.107	898.687
57.002	119.555	80.013	19.978	100.579	20.452	1.848	1.075	898.674
57.501	120.062	80.014	19.977	100.570	20.453	1.780	1.031	898.680
58.001	120.620	80.015	19.976	100.562	20.456	1.534	1.063	898.660
58.502	121.149	80.012	19.978	100.555	20.452	1.892	1.086	898.668
59.002	121.643	80.014	19.978	100.559	20.455	1.708	1.023	898.698
59.502	122.193	80.015	19.977	100.560	20.452	2.065	1.044	898.665
60.002	122.752	80.013	19.979	100.562	20.454	1.871	1.109	898.617
60.502	123.278	80.013	19.978	100.564	20.450	2.148	1.085	898.676
61.002	123.804	80.014	19.978	100.563	20.454	1.777	1.052	898.674
61.502	124.344	80.015	19.978	100.558	20.454	1.589	1.067	898.653
62.001	124.864	80.015	19.977	100.553	20.453	1.576	1.061	898.642
62.501	125.401	80.013	19.977	100.545	20.457	1.146	1.057	898.614
63.001	125.925	80.013	19.978	100.536	20.452	1.474	1.060	898.631
63.502	126.431	80.015	19.977	100.534	20.452	1.470	1.029	898.638
64.002	126.994	80.015	19.977	100.532	20.450	1.563	1.070	898.659
64.501	127.491	80.016	19.977	100.530	20.449	1.632	1.061	898.667
65.001	128.028	80.016	19.977	100.529	20.452	1.427	1.034	898.627
65.501	128.545	80.015	19.977	100.531	20.450	1.548	1.054	898.640
66.001	129.105	80.015	19.978	100.525	20.453	1.348	1.077	898.625
66.501	129.593	80.017	19.978	100.518	20.451	1.516	1.048	898.650
67.001	130.153	80.015	19.977	100.515	20.449	1.733	1.048	898.639
67.501	130.645	80.013	19.977	100.518	20.450	1.778	1.051	898.642
68.001	131.209	80.013	19.976	100.522	20.450	1.827	1.056	898.636
68.501	131.715	80.014	19.978	100.530	20.448	2.031	1.070	898.646
69.001	132.252	80.013	19.976	100.541	20.449	2.141	1.042	898.635
69.502	132.780	80.012	19.976	100.550	20.446	2.486	1.065	898.634
70.002	133.309	80.015	19.978	100.553	20.452	2.109	1.057	898.628
70.502	133.835	80.014	19.977	100.556	20.450	2.163	1.055	898.639
71.002	134.355	80.012	19.976	100.557	20.453	1.877	1.046	898.615
71.502	134.881	80.016	19.978	100.558	20.450	2.118	1.046	898.652
72.001	135.414	80.013	19.977	100.558	20.445	2.317	1.059	898.653
72.501	135.927	80.014	19.975	100.560	20.446	2.214	1.047	898.659
73.001	136.456	80.012	19.977	100.560	20.447	2.080	1.042	898.658
73.501	136.967	80.011	19.976	100.557	20.446	2.156	1.039	898.638
74.002	137.521	80.012	19.976	100.555	20.445	2.361	1.064	898.623
74.502	138.065	80.011	19.977	100.550	20.445	2.464	1.098	898.616
75.002	138.579	80.010	19.977	100.542	20.448	2.262	1.060	898.614
75.501	139.129	80.011	19.978	100.540	20.446	2.528	1.064	898.622
76.002	139.595	80.010	19.977	100.535	20.445	2.648	1.015	898.631
76.502	140.153	80.011	19.978	100.520	20.443	2.897	1.024	898.654
77.002	140.675	80.013	19.978	100.514	20.443	2.862	1.080	898.631
77.502	141.179	80.012	19.977	100.512	20.441	2.983	1.027	898.663
78.001	141.704	80.011	19.978	100.514	20.437	3.131	1.029	898.617
78.502	142.213	80.011	19.977	100.521	20.441	2.782	1.034	898.650
79.001	142.747	80.011	19.977	100.534	20.440	2.822	1.044	898.649
79.501	143.294	80.010	19.978	100.539	20.438	2.984	1.081	898.625
80.001	143.818	80.010	19.977	100.541	20.442	2.752	1.070	898.632
80.501	144.311	80.014	19.977	100.541	20.442	2.731	1.016	898.660
81.002	144.858	80.014	19.978	100.535	20.437	3.172	1.039	898.627
81.502	145.382	80.015	19.978	100.529	20.441	2.933	1.072	898.650
82.001	145.840	80.014	19.977	100.526	20.438	3.164	0.983	898.638
82.501	146.382	80.015	19.978	100.522	20.440	2.968	1.000	898.661
83.002	146.931	80.014	19.978	100.511	20.437	3.234	1.090	898.635
83.502	147.451	80.011	19.978	100.507	20.436	3.335	1.070	898.645
84.001	147.944	80.012	19.978	100.508	20.440	3.062	1.014	898.656
84.501	148.468	80.012	19.977	100.510	20.439	3.067	1.017	898.624
85.001	148.966	80.014	19.976	100.516	20.435	3.385	1.021	898.632
85.502	149.499	80.011	19.978	100.527	20.437	3.280	1.031	898.667
86.002	149.999	80.012	19.976	100.530	20.435	3.501	1.034	898.666
86.501	150.525	80.013	19.977	100.530	20.434	3.717	1.026	898.658
87.002	151.034	80.012	19.977	100.527	20.433	3.778	1.035	898.671
87.502	151.549	80.015	19.978	100.521	20.436	3.639	1.023	898.610
88.002	152.092	80.015	19.977	100.519	20.435	3.703	1.058	898.621
88.502	152.598	80.012	19.978	100.518	20.436	3.695	1.050	898.613
89.001	153.105	80.012	19.977	100.517	20.435	3.861	1.014	898.658
89.501	153.630	80.011	19.977	100.517	20.435	3.852	1.032	898.673
90.001	154.130	80.013	19.978	100.518	20.437	3.697	1.025	898.673
90.501	154.655	80.012	19.979	100.514	20.438	3.615	1.026	898.629
91.001	155.178	80.011	19.980	100.515	20.436	3.787	1.048	898.685
91.501	155.666	80.013	19.978	100.515	20.432	4.000	1.011	898.657
92.001	156.187	80.012	19.979	100.516	20.430	4.094	1.008	898.660
92.501	156.737	80.010	19.978	100.515	20.429	4.185	1.071	898.660
93.001	157.212	80.012	19.977	100.511	20.431	3.946	1.025	898.669
93.502	157.758	80.013	19.977	100.504	20.427	4.163	1.020	898.679
94.002	158.260	80.012	19.977	100.501	20.428	4.070	1.048	898.631
94.502	158.781	80.012	19.977	100.496	20.425	4.289	1.024	898.659
95.001	159.279	80.012	19.975	100.494	20.428	4.003	1.020	898.635
95.502	159.797	80.013	19.976	100.493	20.428	3.995	1.015	898.605
96.002	160.316	80.012	19.975	100.492	20.427	4.134	1.036	898.634
96.502	160.814	80.010	19.977	100.486	20.424	4.461	1.017	898.619
97.002	161.316	80.012	19.976	100.484	20.423	4.657	1.001	898.612
97.501	161.847	80.013	19.976	100.483	20.422	4.743	1.034	898.633
98.002	162.348	80.013	19.977	100.484	20.418	4.996	1.032	898.669
98.502	162.869	80.015	19.977	100.488	20.417	5.061	1.022	898.664
99.001	163.328	80.015	19.977	100.494	20.421	4.865	0.980	898.625
99.502	163.832	80.014	19.979	100.496	20.419	4.985	0.962	898.647
100.002	164.403	80.013	19.978	100.499	20.417	5.277	1.075	898.630
100.501	164.874	80.010	19.978	100.503	20.419	5.137	1.043	898.654
101.002	165.414	80.011	19.977	100.508	20.419	5.200	1.010	898.657
101.502	165.929	80.013	19.978	100.512	20.414	5.693	1.056	898.658
102.001	166.449	80.011	19.979	100.515	20.413	5.718	1.036	898.652
102.501	166.984	80.013	19.978	100.513	20.415	5.539	1.054	898.642
103.002	167.460	80.012	19.978	100.513	20.410	5.799	1.011	898.665
103.502	167.979	80.011	19.978	100.506	20.414	5.499	0.995	898.629
104.001	168.497	80.012	19.979	100.499	20.408	5.940	1.037	898.679
104.501	169.029	80.012	19.978	100.497	20.408	5.945	1.051	898.695
105.002	169.533	80.013	19.979	100.497	20.406	6.165	1.036	898.653
105.502	170.043	80.012	19.978	100.496	20.404	6.353	1.013	898.651
106.002	170.537	80.010	19.978	100.499	20.403	6.488	1.005	898.675
106.502	171.070	80.014	19.978	100.497	20.401	6.666	1.027	898.639
107.002	171.567	80.010	19.976	100.493	20.396	7.046	1.029	898.645
107.502	172.070	80.010	19.978	100.485	20.396	6.967	1.000	898.663
108.002	172.555	80.013	19.979	100.481	20.394	7.129	0.989	898.663
108.502	173.064	80.012	19.978	100.478	20.393	7.251	0.995	898.661
109.001	173.587	80.012	19.978	100.477	20.391	7.469	1.033	898.686
109.501	174.128	80.015	19.978	100.478	20.390	7.588	1.063	898.686
110.002	174.605	80.013	19.978	100.485	20.390	7.654	1.017	898.659
110.502	175.128	80.011	19.980	100.488	20.388	7.825	1.000	898.647
111.002	175.662	80.011	19.980	100.488	20.387	7.869	1.057	898.659
111.502	176.160	80.011	19.978	100.490	20.383	8.125	1.032	898.674
112.002	176.646	80.011	19.978	100.488	20.382	8.257	0.984	898.682
112.502	177.185	80.011	19.978	100.485	20.380	8.442	1.025	898.661
113.002	177.683	80.012	19.979	100.480	20.380	8.520	1.038	898.657
113.502	178.205	80.012	19.979	100.478	20.377	8.854	1.019	898.657
114.002	178.700	80.012	19.978	100.478	20.377	8.857	1.017	898.666
114.502	179.231	80.012	19.979	100.482	20.374	9.076	1.027	898.713
115.001	179.735	80.013	19.978	100.484	20.372	9.213	1.035	898.672
115.502	180.232	80.011	19.978	100.484	20.372	9.134	1.001	898.662
116.002	180.732	80.012	19.980	100.480	20.369	9.266	0.997	898.684
116.502	181.277	80.012	19.978	100.476	20.364	9.602	1.044	898.664
117.002	181.797	80.011	19.979	100.470	20.368	9.263	1.066	898.672
117.502	182.271	80.011	19.977	100.466	20.369	9.151	0.995	898.703
118.002	182.814	80.011	19.978	100.468	20.366	9.329	1.017	898.713
118.502	183.330	80.011	19.978	100.474	20.365	9.380	1.059	898.684
119.002	183.822	80.010	19.978	100.475	20.366	9.323	1.008	898.701
119.502	184.314	80.010	19.978	100.473	20.362	9.718	0.984	898.705
120.002	184.853	80.009	19.976	100.470	20.360	9.929	1.031	898.674
120.502	185.347	80.013	19.978	100.461	20.362	9.833	1.032	898.691
121.002	185.859	80.009	19.977	100.453	20.362	9.858	1.006	898.698
121.502	186.370	80.009	19.978	100.455	20.363	9.859	1.024	898.702
122.002	186.877	80.009	19.978	100.460	20.363	9.847	1.018	898.687
122.501	187.378	80.010	19.977	100.463	20.361	9.998	1.007	898.687
123.002	187.868	80.011	19.978	100.470	20.364	9.915	0.991	898.703
123.502	188.407	80.009	19.978	100.477	20.362	10.068	1.029	898.664
124.002	188.904	80.010	19.978	100.478	20.362	10.141	1.037	898.655
124.502	189.434	80.010	19.979	100.481	20.360	10.333	1.028	898.728
125.002	189.903	80.007	19.978	100.486	20.358	10.482	0.999	898.716
125.502	190.434	80.010	19.978	100.488	20.360	10.328	0.999	898.692
126.002	190.937	80.011	19.979	100.486	20.360	10.316	1.033	898.693
126.502	191.415	80.012	19.977	100.483	20.359	10.417	0.980	898.685
127.003	191.931	80.012	19.978	100.478	20.360	10.328	0.994	898.698
127.503	192.456	80.011	19.978	100.475	20.361	10.278	1.042	898.689
128.002	192.994	80.011	19.977	100.469	20.363	10.240	1.064	898.693
128.502	193.485	80.012	19.978	100.466	20.362	10.307	1.029	898.703
129.002	194.001	80.011	19.976	100.465	20.363	10.101	1.006	898.718
129.502	194.522	80.011	19.975	100.466	20.361	10.270	1.037	898.690
130.002	195.002	80.012	19.977	100.463	20.365	9.923	1.001	898.701
130.503	195.522	80.011	19.977	100.457	20.365	9.928	1.000	898.670
131.003	196.061	80.012	19.977	100.453	20.365	9.904	1.059	898.717
131.502	196.559	80.013	19.978	100.449	20.367	9.800	1.039	898.731
132.001	197.059	80.011	19.977	100.447	20.367	9.838	0.999	898.682
132.502	197.593	80.012	19.978	100.447	20.369	9.633	1.032	898.724
133.003	198.115	80.010	19.978	100.450	20.370	9.646	1.055	898.730
133.502	198.621	80.012	19.977	100.450	20.374	9.302	1.029	898.710
134.002	199.114	80.013	19.978	100.451	20.371	9.428	0.999	898.730
134.502	199.611	80.011	19.977	100.448	20.374	9.219	0.990	898.747
135.002	200.128	80.013	19.977	100.444	20.378	8.839	1.014	898.740
135.502	200.621	80.011	19.978	100.441	20.373	9.252	1.010	898.723
136.002	201.142	80.011	19.977	100.443	20.377	8.916	1.014	898.704
136.502	201.620	80.013	19.977	100.445	20.379	8.758	0.999	898.725
137.002	202.132	80.012	19.978	100.447	20.378	8.910	0.989	898.732
137.502	202.650	80.010	19.976	100.451	20.379	8.899	1.029	898.684
138.002	203.141	80.010	19.977	100.455	20.380	8.835	1.009	898.712
138.502	203.657	80.009	19.979	100.452	20.385	8.498	1.006	898.745
139.003	204.189	80.011	19.977	100.447	20.381	8.803	1.047	898.721
139.503	204.699	80.009	19.978	100.444	20.381	8.839	1.042	898.708
140.002	205.194	80.007	19.977	100.444	20.385	8.486	1.006	898.740
140.502	205.719	80.011	19.977	100.443	20.386	8.459	1.021	898.755
141.002	206.188	80.012	19.977	100.446	20.385	8.526	0.994	898.733
141.502	206.715	80.012	19.977	100.452	20.382	8.823	0.996	898.758
142.002	207.211	80.017	19.977	100.455	20.387	8.505	1.023	898.758
142.502	207.730	80.015	19.978	100.453	20.386	8.626	1.015	898.724
143.002	208.224	80.014	19.977	100.456	20.390	8.274	1.012	898.715
143.503	208.755	80.014	19.977	100.458	20.391	8.157	1.025	898.722
144.002	209.245	80.013	19.979	100.451	20.392	8.138	1.022	898.729
144.502	209.756	80.013	19.979	100.448	20.392	8.094	1.001	898.746
145.003	210.280	80.012	19.978	100.445	20.390	8.188	1.034	898.739
145.503	210.770	80.013	19.978	100.442	20.393	7.865	1.015	898.734
146.002	211.321	80.014	19.978	100.438	20.395	7.751	1.042	898.737
146.502	211.803	80.013	19.979	100.440	20.395	7.773	1.033	898.748
147.002	212.338	80.010	19.979	100.441	20.393	7.840	1.016	898.732
147.502	212.838	80.010	19.979	100.439	20.396	7.580	1.034	898.758
148.003	213.325	80.010	19.978	100.438	20.394	7.809	0.987	898.769
148.502	213.834	80.011	19.978	100.436	20.392	8.087	0.996	898.761
149.002	214.320	80.008	19.976	100.431	20.392	8.128	0.995	898.742
149.503	214.836	80.007	19.978	100.428	20.392	8.102	1.002	898.734
150.003	215.334	80.008	19.978	100.427	20.393	8.081	1.014	898.737
150.502	215.843	80.009	19.978	100.428	20.393	8.057	1.008	898.739
151.002	216.349	80.009	19.978	100.429	20.395	7.874	1.015	898.745
151.502	216.843	80.009	19.977	100.430	20.394	7.862	0.999	898.789
152.002	217.367	80.009	19.978	100.430	20.394	7.826	1.018	898.760
152.502	217.862	80.011	19.978	100.434	20.393	7.859	1.019	898.771
153.002	218.373	80.012	19.978	100.437	20.393	7.857	1.006	898.757
153.502	218.885	80.012	19.978	100.436	20.392	7.907	1.024	898.739
154.002	219.400	80.013	19.979	100.440	20.394	7.819	1.027	898.752
154.502	219.898	80.010	19.978	100.443	20.393	7.878	1.012	898.780
155.003	220.409	80.010	19.978	100.442	20.391	8.126	1.009	898.790
155.502	220.914	80.011	19.979	100.433	20.393	8.023	1.017	898.725
156.002	221.383	80.011	19.978	100.427	20.391	8.301	0.974	898.742
156.502	221.928	80.011	19.978	100.423	20.392	8.330	1.013	898.765
157.003	222.405	80.013	19.977	100.425	20.392	8.299	1.021	898.779
157.503	222.915	80.011	19.978	100.425	20.390	8.496	0.987	898.766
158.003	223.425	80.012	19.978	100.431	20.388	8.659	1.021	898.809
158.503	223.944	80.014	19.977	100.435	20.390	8.449	1.029	898.812
159.003	224.454	80.013	19.977	100.437	20.389	8.485	1.029	898.804
159.502	224.958	80.012	19.978	100.438	20.386	8.701	1.014	898.768
160.003	225.465	80.010	19.977	100.439	20.388	8.445	1.011	898.808
160.503	225.990	80.010	19.978	100.443	20.391	8.194	1.032	898.760
161.003	226.503	80.014	19.979	100.445	20.386	8.610	1.038	898.778
161.503	226.997	80.010	19.977	100.441	20.390	8.295	1.006	898.790
162.003	227.474	80.009	19.977	100.437	20.388	8.484	0.971	898.783
162.503	228.003	80.009	19.978	100.432	20.388	8.449	1.007	898.784
163.002	228.494	80.009	19.978	100.422	20.387	8.470	1.020	898.791
163.503	228.997	80.008	19.978	100.419	20.389	8.333	0.994	898.789
164.003	229.498	80.010	19.977	100.417	20.390	8.166	1.004	898.793
164.502	230.029	80.011	19.978	100.412	20.388	8.223	1.032	898.781
165.002	230.493	80.010	19.978	100.413	20.388	8.194	0.995	898.801
165.503	231.035	80.007	19.979	100.413	20.385	8.445	1.005	898.785
166.003	231.530	80.010	19.979	100.414	20.387	8.427	1.037	898.801
166.503	232.023	80.011	19.979	100.420	20.385	8.574	0.988	898.773
167.003	232.539	80.010	19.979	100.424	20.383	8.814	1.009	898.781
167.503	233.036	80.008	19.978	100.426	20.385	8.606	1.014	898.806
168.003	233.534	80.011	19.979	100.429	20.382	8.908	0.995	898.817
168.503	234.048	80.011	19.978	100.426	20.384	8.783	1.011	898.812
169.003	234.542	80.013	19.979	100.423	20.382	9.009	1.009	898.802
169.502	235.045	80.014	19.979	100.423	20.381	9.069	0.998	898.782
170.002	235.535	80.012	19.978	100.425	20.378	9.304	0.993	898.812
170.502	236.040	80.011	19.979	100.428	20.382	9.122	0.995	898.813
171.003	236.567	80.010	19.978	100.436	20.380	9.310	1.032	898.806
171.503	237.030	80.012	19.978	100.441	20.379	9.430	0.990	898.804
172.003	237.559	80.012	19.979	100.443	20.376	9.722	0.992	898.810
172.502	238.046	80.013	19.979	100.442	20.378	9.665	1.017	898.847
173.002	238.533	80.013	19.978	100.439	20.376	9.818	0.973	898.809
173.503	239.045	80.014	19.978	100.435	20.378	9.718	0.998	898.839
174.003	239.584	80.013	19.978	100.430	20.378	9.704	1.052	898.787
174.503	240.054	80.013	19.979	100.427	20.379	9.542	1.010	898.828
175.002	240.565	80.013	19.978	100.429	20.374	9.921	0.980	898.797
175.503	241.089	80.012	19.978	100.427	20.377	9.651	1.033	898.830
176.004	241.582	80.012	19.978	100.424	20.375	9.815	1.017	898.841
176.503	242.098	80.010	19.979	100.423	20.376	9.691	1.010	898.828
177.002	242.588	80.012	19.977	100.422	20.373	9.960	1.006	898.857
177.502	243.088	80.013	19.979	100.416	20.376	9.721	0.990	898.831
178.002	243.618	80.011	19.979	100.413	20.376	9.728	1.030	898.868
178.502	244.092	80.012	19.977	100.411	20.374	9.843	1.004	898.857
179.003	244.605	80.011	19.978	100.407	20.374	9.859	0.987	898.855
179.503	245.089	80.008	19.978	100.401	20.374	9.812	0.996	898.845
180.003	245.612	80.012	19.978	100.395	20.373	9.986	1.007	898.834
180.503	246.113	80.010	19.979	100.395	20.371	10.100	1.024	898.847
181.003	246.597	80.013	19.978	100.395	20.376	9.700	0.985	898.864
181.503	247.135	80.010	19.977	100.399	20.373	9.929	1.023	898.867
182.003	247.608	80.012	19.979	100.404	20.372	10.003	1.011	898.836
182.503	248.115	80.014	19.978	100.410	20.373	9.883	0.980	898.860
183.003	248.643	80.013	19.979	100.406	20.372	9.960	1.035	898.873
183.503	249.163	80.010	19.978	100.406	20.374	9.856	1.048	898.844
184.003	249.624	80.012	19.978	100.407	20.373	9.917	0.982	898.847
184.502	250.118	80.012	19.978	100.407	20.373	9.941	0.955	898.892
185.002	250.659	80.012	19.978	100.404	20.370	10.212	1.035	898.842
185.502	251.125	80.014	19.978	100.405	20.370	10.268	1.007	898.851
186.003	251.646	80.013	19.978	100.407	20.368	10.481	0.986	898.849
186.503	252.176	80.014	19.977	100.406	20.369	10.415	1.050	898.866
187.003	252.619	80.011	19.977	100.407	20.369	10.474	0.973	898.876
187.503	253.122	80.011	19.977	100.408	20.370	10.421	0.946	898.874
188.003	253.651	80.014	19.978	100.407	20.370	10.430	1.032	898.869
188.503	254.161	80.012	19.978	100.408	20.370	10.391	1.039	898.879
189.004	254.620	80.011	19.979	100.407	20.371	10.275	0.969	898.919
189.503	255.140	80.011	19.979	100.409	20.367	10.546	0.979	898.882
190.003	255.661	80.011	19.978	100.410	20.367	10.456	1.040	898.898
190.503	256.158	80.011	19.978	100.412	20.365	10.540	1.018	898.873
191.003	256.664	80.012	19.977	100.409	20.367	10.383	1.003	898.871
191.503	257.193	80.010	19.979	100.406	20.362	10.770	1.035	898.911
192.003	257.667	80.009	19.976	100.403	20.364	10.583	1.003	898.916
192.503	258.200	80.009	19.976	100.401	20.361	10.875	1.006	898.897
193.003	258.687	80.009	19.978	100.399	20.362	10.891	1.020	898.896
193.503	259.193	80.012	19.977	100.398	20.362	10.943	0.993	898.878
194.004	259.699	80.013	19.977	100.396	20.359	11.208	1.012	898.893
194.503	260.202	80.012	19.978	100.392	20.361	11.135	1.010	898.894
195.003	260.706	80.014	19.978	100.390	20.361	11.219	1.008	898.923
195.503	261.212	80.012	19.979	100.390	20.365	10.870	1.010	898.902
196.002	261.684	80.013	19.978	100.392	20.361	11.189	0.978	898.891
196.503	262.193	80.016	19.979	100.396	20.364	10.811	0.980	898.910
197.003	262.707	80.015	19.978	100.403	20.360	11.128	1.023	898.916
197.503	263.185	80.014	19.979	100.408	20.358	11.288	0.991	898.888
198.003	263.710	80.012	19.978	100.409	20.356	11.450	1.001	898.889
198.504	264.219	80.012	19.978	100.409	20.356	11.457	1.034	898.901
199.004	264.725	80.015	19.977	100.409	20.354	11.590	1.017	898.903
199.503	265.193	80.014	19.978	100.408	20.354	11.686	0.974	898.900
200.003	265.700	80.012	19.978	100.404	20.354	11.691	0.974	898.857
200.504	266.197	80.014	19.979	100.399	20.353	11.801	1.003	898.926
201.004	266.693	80.011	19.977	100.396	20.351	11.962	0.993	898.924
201.503	267.217	80.011	19.978	100.392	20.351	12.084	1.021	898.909
202.003	267.711	80.009	19.977	100.385	20.351	12.070	1.018	898.877
202.504	268.217	80.011	19.979	100.384	20.350	12.205	0.999	898.916
203.004	268.731	80.010	19.978	100.390	20.346	12.547	1.020	898.927
203.503	269.228	80.010	19.978	100.390	20.346	12.581	1.011	898.964
204.004	269.720	80.013	19.978	100.395	20.344	12.670	0.989	898.955
204.503	270.228	80.014	19.978	100.399	20.344	12.555	1.000	898.942
205.004	270.751	80.011	19.978	100.399	20.343	12.542	1.031	898.941
205.504	271.255	80.011	19.978	100.396	20.343	12.474	1.027	898.949
206.003	271.718	80.010	19.977	100.399	20.342	12.515	0.967	898.976
206.503	272.255	80.008	19.978	100.391	20.341	12.621	1.000	898.927
207.003	272.743	80.011	19.978	100.388	20.338	12.840	1.025	898.939
207.503	273.226	80.013	19.976	100.388	20.337	13.022	0.971	898.934
208.003	273.722	80.011	19.978	100.388	20.333	13.388	0.979	898.972
208.503	274.201	80.014	19.978	100.385	20.332	13.501	0.974	898.934
209.004	274.698	80.009	19.977	100.383	20.331	13.545	0.976	898.955
209.503	275.198	80.012	19.978	100.377	20.330	13.466	0.998	898.916
210.003	275.714	80.012	19.979	100.375	20.327	13.688	1.016	898.913
210.504	276.232	80.011	19.978	100.370	20.325	13.823	1.034	898.976
211.003	276.714	80.011	19.979	100.371	20.326	13.765	1.000	898.940
211.503	277.220	80.013	19.979	100.379	20.325	13.873	0.989	898.935
212.003	277.729	80.012	19.977	100.389	20.323	14.094	1.016	898.952
212.503	278.237	80.014	19.977	100.394	20.322	14.202	1.017	898.927
213.003	278.709	80.013	19.976	100.403	20.320	14.457	0.979	898.938
213.503	279.224	80.011	19.977	100.402	20.316	14.767	0.987	898.975
214.003	279.736	80.011	19.979	100.398	20.316	14.731	1.027	898.973
214.504	280.190	80.011	19.977	100.393	20.315	14.762	0.966	898.945
215.004	280.755	80.012	19.977	100.388	20.312	15.096	1.019	898.959
215.504	281.204	80.011	19.977	100.383	20.309	15.362	1.014	898.973
216.003	281.739	80.011	19.977	100.384	20.310	15.297	0.984	898.972
216.503	282.250	80.010	19.978	100.392	20.307	15.511	1.045	898.973
217.004	282.743	80.010	19.979	100.400	20.302	15.808	1.004	898.992
217.503	283.226	80.011	19.979	100.405	20.302	15.772	0.977	898.998
218.003	283.712	80.012	19.978	100.406	20.298	16.076	0.969	898.966
218.503	284.229	80.011	19.977	100.402	20.296	16.212	1.002	898.992
219.003	284.776	80.010	19.977	100.393	20.292	16.601	1.063	898.999
219.504	285.233	80.010	19.979	100.388	20.288	16.901	1.005	899.013
220.003	285.742	80.010	19.978	100.387	20.285	17.174	0.967	899.008
220.503	286.247	80.010	19.977	100.386	20.281	17.440	1.014	899.024
221.003	286.731	80.009	19.977	100.390	20.281	17.418	0.989	898.968
221.503	287.224	80.008	19.977	100.391	20.277	17.713	0.977	899.004
222.003	287.756	80.009	19.978	100.386	20.274	17.963	1.025	898.972
222.503	288.249	80.012	19.978	100.381	20.274	17.971	1.025	898.992
223.003	288.761	80.011	19.978	100.381	20.274	18.054	1.006	898.993
223.503	289.270	80.012	19.978	100.382	20.269	18.419	1.020	899.000
224.003	289.736	80.012	19.978	100.385	20.265	18.907	0.975	898.995
224.503	290.251	80.010	19.978	100.390	20.260	19.446	0.981	899.033
225.003	290.755	80.010	19.979	100.393	20.256	19.871	1.019	899.032
225.503	291.265	80.009	19.977	100.393	20.253	20.128	1.014	899.017
226.003	291.724	80.008	19.977	100.393	20.249	20.391	0.968	899.013
226.504	292.260	80.009	19.978	100.389	20.246	20.657	0.995	899.025
227.004	292.763	80.008	19.976	100.387	20.238	21.197	1.040	899.029
227.503	293.230	80.008	19.977	100.389	20.238	21.084	0.970	899.020
228.004	293.750	80.009	19.978	100.390	20.231	21.593	0.987	899.038
228.503	294.235	80.008	19.977	100.390	20.228	21.830	1.005	899.038
229.003	294.746	80.010	19.979	100.395	20.226	21.998	0.995	899.065
229.504	295.252	80.010	19.977	100.396	20.224	22.134	1.017	899.004
230.004	295.730	80.010	19.978	100.390	20.218	22.661	0.984	899.014
230.504	296.248	80.008	19.978	100.388	20.220	22.483	0.996	899.058
231.004	296.744	80.008	19.978	100.384	20.213	23.000	1.014	899.051
231.504	297.237	80.008	19.977	100.373	20.210	23.200	0.990	899.073
232.003	297.763	80.008	19.978	100.362	20.209	23.281	1.020	899.016
232.504	298.222	80.008	19.976	100.358	20.202	23.763	0.984	899.024
233.004	298.748	80.007	19.979	100.355	20.197	24.091	0.985	899.061
233.504	299.230	80.008	19.978	100.356	20.194	24.403	1.008	899.070
234.004	299.769	80.008	19.978	100.363	20.191	24.622	1.021	899.094
234.503	300.255	80.010	19.976	100.374	20.186	24.979	1.025	899.065
235.003	300.775	80.010	19.977	100.378	20.181	25.385	1.006	899.082
235.503	301.247	80.011	19.977	100.376	20.179	25.600	0.993	899.056
236.003	301.773	80.009	19.978	100.376	20.174	26.111	0.998	899.060
236.503	302.298	80.009	19.978	100.377	20.171	26.357	1.051	899.063
237.003	302.759	80.012	19.977	100.375	20.169	26.584	0.986	899.059
237.503	303.253	80.011	19.978	100.374	20.165	26.867	0.955	899.052
238.003	303.782	80.011	19.977	100.379	20.157	27.471	1.023	899.069
238.503	304.280	80.012	19.977	100.377	20.155	27.532	1.027	899.066
239.003	304.766	80.011	19.978	100.376	20.152	27.731	0.983	899.108
239.504	305.274	80.012	19.978	100.382	20.145	28.283	0.993	899.055
240.004	305.771	80.014	19.978	100.387	20.143	28.294	1.005	899.099
240.504	306.276	80.013	19.977	100.387	20.139	28.564	1.001	899.105
241.004	306.778	80.013	19.977	100.388	20.137	28.772	1.007	899.086
241.504	307.282	80.013	19.978	100.388	20.132	29.256	1.007	899.085
242.004	307.787	80.012	19.977	100.384	20.130	29.447	1.009	899.115
242.503	308.269	80.012	19.977	100.386	20.126	29.824	0.987	899.112
243.003	308.767	80.009	19.978	100.380	20.122	30.175	0.980	899.113
243.503	309.280	80.010	19.979	100.375	20.117	30.563	1.010	899.101
244.004	309.785	80.013	19.978	100.372	20.111	31.051	1.017	899.102
244.504	310.280	80.012	19.978	100.368	20.110	30.979	1.000	899.105
245.004	310.792	80.014	19.979	100.366	20.103	31.437	1.007	899.095
245.504	311.249	80.015	19.978	100.375	20.101	31.541	0.969	899.117
246.004	311.764	80.014	19.977	100.384	20.094	32.057	0.973	899.105
246.503	312.268	80.014	19.977	100.385	20.086	32.712	1.020	899.110
247.003	312.761	80.013	19.977	100.388	20.079	33.258	0.996	899.123
247.504	313.271	80.014	19.977	100.394	20.079	33.318	1.002	899.128
248.004	313.782	80.012	19.976	100.394	20.071	33.868	1.021	899.149
248.504	314.267	80.012	19.978	100.392	20.067	34.186	0.996	899.138
249.003	314.732	80.012	19.977	100.390	20.057	34.924	0.950	899.117
249.503	315.271	80.012	19.977	100.385	20.053	35.249	1.003	899.138
250.004	315.741	80.009	19.978	100.374	20.048	35.632	1.008	899.132
250.504	316.278	80.012	19.979	100.371	20.034	36.669	1.007	899.130
251.004	316.756	80.013	19.979	100.374	20.030	37.000	1.014	899.145
251.505	317.258	80.012	19.978	100.382	20.019	37.850	0.980	899.127
252.004	317.766	80.011	19.977	100.393	20.013	38.327	1.011	899.143
252.504	318.278	80.010	19.977	100.398	20.001	39.275	1.020	899.143
253.004	318.726	80.012	19.977	100.402	19.996	39.636	0.959	899.163
253.504	319.251	80.012	19.978	100.401	19.987	40.253	0.973	899.140
254.004	319.756	80.013	19.978	100.397	19.974	41.130	1.030	899.170
254.504	320.266	80.012	19.979	100.395	19.963	41.948	1.014	899.202
255.004	320.742	80.013	19.978	100.396	19.954	42.565	0.987	899.180
255.504	321.278	80.014	19.979	100.397	19.941	43.467	1.014	899.172
256.003	321.767	80.016	19.980	100.398	19.931	44.208	1.025	899.182
256.503	322.251	80.015	19.978	100.403	19.918	45.242	0.973	899.172
257.003	322.750	80.014	19.978	100.403	19.902	46.515	0.982	899.181
257.504	323.274	80.012	19.977	100.408	19.889	47.562	1.022	899.188
258.004	323.777	80.013	19.977	100.406	19.871	49.014	1.028	899.161
258.504	324.282	80.015	19.978	100.408	19.860	49.938	1.008	899.185
259.004	324.771	80.011	19.977	100.406	19.845	51.035	0.993	899.193
259.504	325.266	80.012	19.977	100.409	19.824	52.730	0.984	899.211
260.004	325.741	80.015	19.979	100.409	19.810	53.895	0.971	899.206
260.503	326.273	80.014	19.978	100.413	19.791	55.396	1.007	899.213
261.004	326.774	80.015	19.979	100.419	19.772	56.877	1.033	899.176
261.504	327.264	80.015	19.978	100.427	19.755	58.139	0.991	899.192
262.004	327.754	80.014	19.978	100.433	19.732	60.047	0.979	899.214
262.504	328.251	80.014	19.977	100.442	19.715	61.351	0.988	899.219
263.004	328.754	80.015	19.977	100.444	19.689	63.410	1.000	899.209
263.504	329.257	80.015	19.977	100.446	19.669	64.905	1.005	899.231
264.004	329.752	80.015	19.977	100.445	19.647	66.609	0.998	899.200
264.505	330.277	80.014	19.976	100.444	19.621	68.587	1.019	899.219
265.005	330.744	80.012	19.975	100.441	19.603	69.944	0.992	899.204
265.505	331.241	80.014	19.978	100.440	19.577	71.926	0.964	899.230
266.005	331.745	80.012	19.978	100.438	19.551	73.935	1.001	899.226
266.505	332.268	80.011	19.977	100.440	19.527	75.822	1.027	899.239
267.004	332.769	80.012	19.978	100.439	19.500	77.918	1.024	899.276
267.505	333.267	80.011	19.978	100.437	19.472	80.117	1.000	899.232
268.004	333.749	80.013	19.978	100.439	19.446	82.177	0.981	899.250
268.504	334.246	80.013	19.978	100.438	19.417	84.488	0.978	899.266
269.004	334.747	80.009	19.978	100.437	19.389	86.706	0.997	899.238
269.504	335.271	80.012	19.979	100.434	19.355	89.365	1.025	899.266
270.005	335.739	80.014	19.978	100.435	19.327	91.644	0.991	899.251
270.505	336.262	80.013	19.978	100.436	19.292	94.360	0.992	899.251
271.004	336.738	80.014	19.979	100.441	19.259	96.971	1.000	899.270
271.504	337.261	80.014	19.977	100.443	19.227	99.453	0.998	899.306
272.004	337.745	80.011	19.976	100.448	19.196	101.830	1.007	899.247
272.504	338.277	80.014	19.978	100.454	19.159	104.812	1.016	899.285
273.004	338.754	80.013	19.977	100.457	19.127	107.322	1.009	899.261
273.504	339.243	80.016	19.978	100.456	19.090	110.221	0.966	899.278
274.004	339.727	80.015	19.977	100.458	19.055	113.018	0.974	899.283
274.504	340.270	80.016	19.977	100.461	19.016	116.040	1.028	899.288
275.004	340.752	80.013	19.976	100.461	18.984	118.541	1.025	899.287
275.504	341.228	80.012	19.977	100.461	18.950	121.149	0.958	899.324
276.004	341.733	80.012	19.975	100.459	18.912	124.151	0.980	899.306
276.504	342.209	80.017	19.976	100.452	18.871	127.399	0.981	899.294
277.004	342.698	80.014	19.977	100.449	18.834	130.254	0.965	899.311
277.504	343.217	80.014	19.977	100.448	18.799	133.058	1.008	899.337
278.004	343.725	80.015	19.978	100.447	18.760	136.192	1.028	899.317
278.504	344.260	80.014	19.978	100.449	18.723	139.084	1.043	899.307
279.004	344.729	80.014	19.978	100.454	18.680	142.433	1.004	899.288
279.504	345.219	80.012	19.977	100.453	18.637	145.701	0.959	899.319
280.004	345.724	80.013	19.977	100.448	18.598	148.769	0.994	899.324
280.505	346.218	80.016	19.977	100.448	18.554	152.185	0.999	899.362
281.004	346.698	80.012	19.977	100.448	18.510	155.615	0.975	899.359
281.504	347.223	80.015	19.977	100.445	18.469	158.845	1.004	899.348
282.004	347.723	80.017	19.978	100.446	18.426	162.148	1.026	899.341
282.504	348.225	80.016	19.979	100.452	18.383	165.580	1.002	899.346
283.004	348.724	80.015	19.977	100.452	18.339	169.023	1.000	899.327
283.504	349.199	80.015	19.979	100.452	18.292	172.673	0.974	899.342
284.005	349.705	80.016	19.979	100.449	18.250	175.982	0.981	899.339
284.505	350.214	80.015	19.977	100.447	18.202	179.723	1.015	899.352
285.004	350.705	80.014	19.977	100.441	18.156	183.241	1.000	899.339
285.504	351.199	80.016	19.977	100.438	18.113	186.539	0.985	899.363
286.004	351.671	80.016	19.977	100.438	18.067	190.082	0.966	899.376
286.505	352.189	80.012	19.978	100.442	18.022	193.569	0.990	899.359
287.004	352.680	80.014	19.977	100.445	17.976	197.067	1.009	899.367
287.504	353.212	80.013	19.977	100.448	17.931	200.525	1.023	899.380
288.004	353.692	80.013	19.977	100.449	17.886	204.041	1.012	899.376
288.504	354.195	80.013	19.975	100.447	17.840	207.621	0.983	899.400
289.004	354.698	80.015	19.977	100.447	17.794	211.214	1.005	899.382
289.504	355.183	80.014	19.977	100.444	17.747	214.926	0.988	899.426
290.004	355.723	80.016	19.977	100.440	17.700	218.649	1.024	899.394
290.505	356.172	80.014	19.976	100.439	17.652	222.434	0.989	899.391
291.005	356.629	80.015	19.975	100.442	17.608	225.827	0.907	899.395
291.504	357.150	80.016	19.974	100.441	17.563	229.317	0.979	899.393
292.004	357.659	80.015	19.976	100.443	17.521	232.637	1.029	899.386
292.504	358.142	80.017	19.976	100.445	17.477	235.999	0.991	899.403
293.005	358.637	80.016	19.975	100.447	17.431	239.569	0.978	899.416
293.505	359.153	80.016	19.976	100.451	17.388	242.879	1.011	899.435
294.005	359.663	80.018	19.977	100.458	17.344	246.297	1.025	899.423
294.505	360.146	80.016	19.977	100.462	17.299	249.785	0.993	899.428
295.004	360.649	80.015	19.978	100.465	17.261	252.759	0.987	899.445
295.504	361.142	80.016	19.977	100.465	17.215	256.280	0.996	899.429
296.005	361.646	80.013	19.978	100.463	17.170	259.764	0.996	899.419
296.505	362.134	80.015	19.977	100.459	17.129	262.955	0.992	899.436
297.005	362.626	80.015	19.978	100.454	17.089	265.924	0.982	899.437
297.504	363.087	80.013	19.979	100.449	17.048	269.081	0.953	899.434
298.004	363.620	80.016	19.977	100.446	17.004	272.444	0.993	899.437
298.505	364.088	80.014	19.976	100.445	16.963	275.591	1.000	899.440
299.005	364.605	80.014	19.978	100.444	16.925	278.502	0.985	899.469
299.505	365.096	80.015	19.977	100.444	16.883	281.705	1.009	899.463
300.005	365.588	80.015	19.976	100.446	16.845	284.606	0.984	899.473
300.504	366.054	80.015	19.978	100.449	16.806	287.622	0.958	899.438
301.005	366.565	80.013	19.977	100.450	16.768	290.438	0.977	899.451
301.505	367.056	80.014	19.976	100.445	16.730	293.339	1.001	899.451
302.005	367.561	80.016	19.977	100.444	16.690	296.288	0.997	899.454
302.505	368.039	80.015	19.976	100.446	16.654	299.045	0.982	899.463
303.005	368.584	80.012	19.976	100.445	16.615	302.019	1.023	899.476
303.505	369.052	80.013	19.977	100.447	16.576	304.978	1.014	899.429
304.005	369.534	80.011	19.975	100.453	16.534	308.189	0.950	899.475
304.505	370.080	80.011	19.976	100.456	16.495	311.142	1.027	899.474
305.005	370.550	80.013	19.976	100.460	16.452	314.473	1.016	899.461
305.505	371.074	80.013	19.976	100.463	16.413	317.455	0.995	899.462
306.004	371.558	80.014	19.977	100.465	16.371	320.670	1.009	899.485
306.505	372.018	80.013	19.977	100.464	16.329	323.927	0.944	899.504
307.005	372.539	80.012	19.977	100.467	16.290	326.977	0.981	899.453
307.504	373.045	80.012	19.977	100.466	16.250	330.003	1.026	899.501
308.005	373.526	80.011	19.976	100.471	16.210	333.158	0.986	899.520
308.505	374.014	80.012	19.976	100.480	16.169	336.386	0.970	899.484
309.005	374.526	80.015	19.977	100.490	16.131	339.364	1.001	899.512
309.505	374.985	80.011	19.975	100.497	16.096	342.085	0.971	899.485
310.005	375.495	80.012	19.977	100.504	16.062	344.693	0.969	899.512
310.505	376.009	80.016	19.977	100.503	16.026	347.477	1.024	899.508
311.005	376.484	80.014	19.975	100.506	15.998	349.656	0.989	899.502
311.505	376.989	80.013	19.977	100.508	15.970	351.895	0.980	899.530
312.005	377.492	80.012	19.979	100.508	15.940	354.182	1.008	899.494
312.505	377.990	80.011	19.977	100.511	15.913	356.200	1.000	899.512
313.005	378.487	80.013	19.977	100.517	15.889	358.089	0.995	899.499
313.505	378.963	80.014	19.977	100.514	15.866	359.881	0.974	899.525
314.004	379.476	80.015	19.979	100.511	15.839	362.099	0.990	899.539
314.504	379.963	80.014	19.980	100.508	15.814	364.068	1.000	899.525
315.004	380.508	80.011	19.978	100.509	15.800	365.292	1.031	899.543
315.504	380.985	80.013	19.978	100.502	15.778	367.079	1.022	899.561
316.005	381.452	80.012	19.978	100.501	15.763	368.363	0.944	899.545
316.505	381.931	80.011	19.977	100.498	15.744	369.813	0.946	899.540
317.005	382.448	80.011	19.978	100.493	15.729	370.973	0.996	899.509
317.505	382.916	80.010	19.979	100.488	15.712	372.307	0.985	899.563
318.005	383.440	80.013	19.980	100.488	15.694	373.686	0.992	899.542
318.505	383.953	80.012	19.978	100.487	15.682	374.633	1.037	899.582
319.005	384.432	80.010	19.977	100.484	15.674	375.281	0.991	899.554
319.505	384.954	80.011	19.978	100.487	15.672	375.359	1.000	899.589
320.005	385.437	80.014	19.979	100.485	15.680	374.689	1.006	899.568
320.505	385.937	80.013	19.978	100.484	15.698	373.186	0.983	899.545
321.005	386.443	80.014	19.977	100.475	15.721	371.273	1.005	899.544
321.506	386.946	80.016	19.979	100.470	15.734	370.089	1.009	899.529
322.005	387.416	80.014	19.978	100.457	15.751	368.436	0.973	899.558
322.505	387.927	80.013	19.979	100.444	15.766	366.981	0.981	899.539
323.005	388.435	80.011	19.979	100.432	15.779	365.749	1.020	899.590
323.505	388.960	80.014	19.980	100.431	15.792	364.533	1.033	899.601
324.005	389.449	80.016	19.979	100.430	15.792	364.374	1.014	899.574
324.505	389.934	80.015	19.978	100.430	15.786	364.822	0.974	899.561
325.005	390.452	80.015	19.979	100.430	15.778	365.529	1.002	899.556
325.506	390.984	80.014	19.979	100.429	15.772	366.205	1.050	899.576
326.005	391.466	80.014	19.978	100.424	15.786	365.219	1.014	899.603
326.505	391.961	80.014	19.978	100.424	15.804	363.788	0.977	899.624
327.005	392.478	80.015	19.979	100.430	15.807	363.527	1.012	899.600
327.505	392.956	80.014	19.979	100.440	15.785	365.308	0.996	899.633
328.005	393.468	80.014	19.978	100.449	15.760	367.305	0.990	899.612
328.506	393.974	80.013	19.979	100.462	15.753	367.980	1.017	899.591
329.006	394.470	80.013	19.979	100.487	15.768	366.994	1.002	899.596
329.506	394.942	80.014	19.978	100.514	15.791	365.452	0.969	899.610
330.005	395.446	80.012	19.977	100.545	15.811	364.123	0.977	899.601
330.505	395.969	80.012	19.976	100.571	15.827	363.046	1.026	899.627
331.005	396.464	80.014	19.977	100.585	15.859	360.710	1.017	899.611
331.505	396.961	80.012	19.977	100.588	15.888	358.508	0.993	899.606
332.004	397.466	80.015	19.977	100.586	15.911	356.745	1.003	899.600
332.505	397.976	80.015	19.978	100.570	15.932	355.120	1.014	899.615
333.006	398.486	80.012	19.977	100.556	15.950	353.901	1.020	899.656
333.505	398.991	80.012	19.978	100.551	15.981	351.678	1.016	899.593
334.005	399.481	80.011	19.978	100.553	16.022	348.655	0.994	899.616
334.506	399.955	80.010	19.977	100.550	16.076	344.624	0.964	899.648
335.005	400.487	80.012	19.977	100.547	16.127	340.853	1.007	899.623
335.505	400.986	80.009	19.977	100.547	16.166	337.990	1.031	899.626
336.005	401.501	80.009	19.977	100.534	16.210	334.722	1.013	899.666
336.505	401.997	80.008	19.977	100.505	16.257	331.195	1.010	899.598
337.006	402.481	80.010	19.978	100.483	16.317	326.599	0.979	899.642
337.506	403.005	80.010	19.977	100.469	16.385	321.411	1.009	899.634
338.005	403.533	80.013	19.979	100.458	16.451	316.370	1.052	899.657
338.505	404.017	80.013	19.979	100.455	16.521	310.985	1.012	899.660
339.005	404.517	80.011	19.978	100.456	16.582	306.179	0.984	899.691
339.505	405.044	80.010	19.979	100.454	16.653	300.603	1.027	899.661
340.005	405.545	80.010	19.979	100.449	16.728	294.728	1.028	899.672
340.505	406.031	80.010	19.979	100.437	16.815	287.919	0.986	899.655
341.005	406.553	80.009	19.977	100.424	16.899	281.236	1.008	899.649
341.506	407.017	80.011	19.978	100.411	16.992	273.819	0.986	899.666
342.005	407.558	80.009	19.978	100.397	17.081	266.680	1.005	899.701
342.505	408.064	80.011	19.979	100.384	17.170	259.526	1.047	899.680
343.005	408.575	80.012	19.978	100.376	17.260	252.253	1.017	899.668
343.505	409.095	80.012	19.979	100.371	17.352	244.817	1.031	899.699
344.005	409.606	80.013	19.979	100.367	17.437	237.999	1.031	899.710
344.506	410.114	80.010	19.978	100.360	17.526	230.865	1.018	899.719
345.006	410.626	80.011	19.978	100.355	17.612	224.074	1.020	899.701
345.505	411.128	80.013	19.978	100.355	17.702	216.832	1.015	899.707
346.005	411.644	80.012	19.979	100.357	17.790	209.748	1.018	899.712
346.505	412.157	80.011	19.977	100.368	17.873	203.075	1.030	899.699
347.005	412.643	80.011	19.976	100.377	17.960	196.103	0.999	899.700
347.505	413.152	80.011	19.978	100.385	18.047	189.113	0.993	899.710
348.006	413.663	80.009	19.979	100.397	18.127	182.760	1.020	899.733
348.505	414.183	80.014	19.977	100.412	18.212	175.881	1.032	899.726
349.005	414.650	80.014	19.979	100.432	18.289	169.653	0.987	899.734
349.505	415.165	80.011	19.979	100.459	18.370	163.149	0.981	899.739
350.006	415.697	80.008	19.976	100.483	18.447	157.006	1.048	899.744
350.505	416.211	80.009	19.979	100.506	18.526	150.616	1.047	899.734
351.005	416.710	80.010	19.979	100.526	18.599	144.707	1.012	899.748
351.506	417.208	80.010	19.979	100.541	18.670	138.994	0.997	899.753
352.005	417.740	80.009	19.978	100.552	18.743	133.117	1.031	899.721
352.505	418.241	80.010	19.978	100.570	18.811	127.708	1.034	899.728
353.005	418.744	80.010	19.978	100.586	18.883	121.998	1.004	899.745
353.505	419.254	80.011	19.979	100.602	18.949	116.746	1.012	899.740
354.005	419.766	80.014	19.978	100.616	19.018	111.357	1.022	899.754
354.505	420.255	80.014	19.978	100.636	19.083	106.363	1.001	899.744
355.005	420.767	80.012	19.980	100.650	19.147	101.364	1.000	899.742
355.506	421.262	80.013	19.978	100.662	19.206	96.719	1.006	899.796
356.006	421.794	80.012	19.979	100.677	19.268	91.842	1.027	899.753
356.505	422.274	80.013	19.980	100.692	19.320	87.718	1.013	899.768
357.006	422.753	80.011	19.979	100.703	19.376	83.210	0.959	899.738
357.506	423.284	80.013	19.979	100.716	19.432	78.735	1.011	899.794
358.005	423.805	80.016	19.978	100.731	19.485	74.614	1.052	899.760
358.505	424.290	80.013	19.978	100.740	19.535	70.771	1.005	899.809
359.006	424.834	80.015	19.979	100.753	19.583	67.101	1.029	899.783
359.506	425.306	80.016	19.978	100.763	19.632	63.303	1.015	899.765
360.006	425.821	80.015	19.979	100.770	19.679	59.678	0.987	899.829
360.506	426.370	80.014	19.980	100.775	19.723	56.344	1.065	899.832
361.005	426.840	80.013	19.978	100.777	19.763	53.183	1.020	899.821
361.505	427.338	80.012	19.979	100.770	19.802	50.111	0.968	899.827
362.005	427.843	80.013	19.979	100.763	19.840	47.172	1.003	899.802
362.505	428.362	80.012	19.979	100.762	19.877	44.455	1.025	899.831
363.005	428.855	80.015	19.979	100.763	19.910	41.946	1.012	899.845
363.505	429.361	80.013	19.978	100.765	19.941	39.708	0.999	899.827
364.005	429.858	80.013	19.978	100.768	19.972	37.439	1.002	899.822
364.506	430.321	80.015	19.979	100.774	20.004	35.119	0.960	899.826
365.006	430.851	80.016	19.976	100.777	20.030	33.236	0.993	899.825
365.505	431.352	80.014	19.977	100.772	20.057	31.250	1.031	899.840
366.005	431.847	80.011	19.978	100.761	20.083	29.289	0.996	899.847
366.505	432.327	80.011	19.978	100.754	20.105	27.664	0.975	899.844
367.006	432.836	80.014	19.978	100.748	20.130	25.886	0.989	899.821
367.506	433.331	80.015	19.979	100.742	20.153	24.244	1.003	899.849
368.006	433.829	80.013	19.980	100.739	20.173	22.741	0.993	899.896
368.506	434.339	80.013	19.979	100.741	20.190	21.552	1.009	899.853
369.006	434.848	80.011	19.978	100.740	20.208	20.260	1.020	899.843
369.505	435.335	80.010	19.977	100.729	20.226	18.981	0.996	899.809
370.006	435.838	80.013	19.978	100.716	20.244	17.699	0.990	899.824
370.506	436.337	80.014	19.978	100.707	20.257	16.738	1.002	899.870
371.006	436.803	80.012	19.978	100.692	20.270	15.895	0.965	899.905
371.506	437.303	80.012	19.979	100.679	20.280	15.212	0.966	899.873
372.006	437.811	80.011	19.978	100.670	20.294	14.290	1.008	899.891
372.506	438.300	80.015	19.978	100.658	20.307	13.349	0.997	899.878
373.006	438.814	80.013	19.979	100.647	20.320	12.462	1.003	899.873
373.506	439.318	80.011	19.979	100.640	20.330	11.808	1.019	899.862
374.005	439.818	80.013	19.978	100.630	20.341	10.992	1.004	899.895
374.506	440.281	80.012	19.978	100.622	20.351	10.253	0.962	899.852
375.006	440.804	80.011	19.979	100.613	20.358	9.769	0.986	899.858
375.506	441.298	80.013	19.979	100.602	20.371	8.909	1.018	899.856
376.005	441.811	80.012	19.979	100.590	20.375	8.710	1.007	899.900
376.505	442.291	80.010	19.978	100.580	20.384	8.142	0.993	899.878
377.006	442.819	80.010	19.979	100.573	20.390	7.756	1.007	899.897
377.506	443.286	80.010	19.979	100.569	20.397	7.275	0.994	899.895
378.006	443.798	80.014	19.978	100.559	20.403	6.920	0.979	899.908
378.505	444.303	80.013	19.979	100.549	20.410	6.508	1.017	899.903
379.006	444.805	80.010	19.979	100.539	20.412	6.409	1.008	899.921
379.505	445.292	80.012	19.979	100.527	20.420	5.879	0.989	899.932
380.006	445.807	80.012	19.978	100.518	20.429	5.358	1.001	899.883
380.506	446.261	80.010	19.978	100.512	20.429	5.531	0.969	899.941
381.006	446.827	80.013	19.979	100.511	20.437	5.013	1.020	899.966
381.506	447.284	80.011	19.978	100.505	20.439	5.065	1.023	899.921
382.006	447.808	80.010	19.979	100.500	20.445	4.649	0.981	899.936
382.506	448.310	80.010	19.979	100.493	20.448	4.456	1.026	899.943
383.006	448.784	80.009	19.979	100.485	20.456	3.893	0.977	899.947
383.506	449.313	80.011	19.978	100.473	20.461	3.547	1.004	899.971
384.005	449.796	80.011	19.980	100.466	20.464	3.254	1.012	899.991
384.506	450.308	80.009	19.980	100.457	20.467	3.009	0.994	899.935
385.006	450.807	80.011	19.979	100.452	20.474	2.430	1.010	899.955
385.506	451.322	80.009	19.978	100.446	20.480	1.979	1.015	899.934
386.006	451.804	80.012	19.977	100.443	20.485	1.473	0.997	899.951
386.506	452.295	80.012	19.978	100.435	20.493	0.871	0.973	899.935
387.006	452.805	80.012	19.977	100.425	20.496	0.651	1.001	899.964
387.506	453.300	80.010	19.977	100.412	20.499	0.418	1.005	899.968
388.006	453.815	80.010	19.976	100.400	20.505	-0.011	1.010	899.992
388.506	454.309	80.009	19.977	100.389	20.508	-0.167	1.009	900.004
389.006	454.784	80.011	19.975	100.380	20.514	-0.588	0.969	899.988
389.506	455.295	80.010	19.977	100.375	20.515	-0.706	0.986	899.994
390.006	455.810	80.010	19.978	100.373	20.520	-1.182	1.027	899.981
390.506	456.315	80.013	19.978	100.374	20.522	-1.318	1.020	900.031
391.006	456.828	80.011	19.977	100.371	20.522	-1.298	1.017	900.030
391.506	457.306	80.013	19.976	100.373	20.526	-1.559	0.990	900.023
392.006	457.823	80.014	19.976	100.373	20.528	-1.559	0.995	899.997
392.506	458.293	80.013	19.977	100.373	20.527	-1.317	0.988	900.014
393.005	458.794	80.012	19.977	100.374	20.531	-1.529	0.970	900.014
393.506	459.289	80.012	19.977	100.383	20.530	-1.408	0.996	900.034
394.006	459.787	80.011	19.978	100.383	20.533	-1.420	0.993	900.066
394.505	460.278	80.010	19.977	100.380	20.530	-0.993	0.988	900.047
395.005	460.779	80.007	19.976	100.375	20.529	-0.874	0.992	900.044
395.506	461.306	80.009	19.978	100.371	20.531	-0.889	1.029	900.036
396.006	461.817	80.013	19.978	100.363	20.533	-0.936	1.038	900.043
396.506	462.273	80.010	19.978	100.366	20.528	-0.557	0.966	900.024
397.006	462.810	80.012	19.978	100.375	20.536	-1.167	0.992	900.043
397.506	463.280	80.014	19.978	100.378	20.535	-1.075	1.007	900.085
398.006	463.779	80.010	19.978	100.375	20.534	-0.923	0.968	900.053
398.506	464.276	80.012	19.977	100.374	20.532	-0.697	0.995	900.077
399.006	464.782	80.012	19.977	100.364	20.531	-0.620	1.003	900.092
399.506	465.267	80.011	19.977	100.350	20.530	-0.444	0.992	900.077
400.006	465.775	80.013	19.977	100.341	20.535	-0.738	0.994	900.077
400.505	466.278	80.009	19.976	100.339	20.529	-0.180	1.010	900.093
401.006	466.801	80.009	19.977	100.331	20.534	-0.524	1.024	900.096
401.506	467.284	80.013	19.978	100.320	20.532	-0.312	1.006	900.127
402.006	467.773	80.011	19.978	100.308	20.533	-0.392	0.973	900.103
402.506	468.291	80.014	19.977	100.301	20.530	-0.124	1.007	900.126
403.007	468.783	80.014	19.976	100.292	20.533	-0.355	1.010	900.104
403.506	469.262	80.014	19.976	100.287	20.533	-0.388	0.971	900.093
404.006	469.788	80.012	19.976	100.291	20.533	-0.448	1.005	900.110
404.506	470.286	80.013	19.976	100.293	20.532	-0.469	1.024	900.121
405.005	470.784	80.016	19.976	100.288	20.533	-0.531	0.996	900.132
405.506	471.303	80.015	19.977	100.285	20.532	-0.386	1.017	900.116
406.006	471.774	80.013	19.976	100.279	20.536	-0.678	0.989	900.139
406.506	472.291	80.012	19.977	100.273	20.538	-0.790	0.988	900.089
407.006	472.748	80.012	19.976	100.269	20.537	-0.661	0.974	900.104
407.506	473.270	80.009	19.978	100.265	20.536	-0.556	0.980	900.144
408.006	473.755	80.012	19.977	100.258	20.536	-0.528	1.008	900.099
408.506	474.243	80.014	19.977	100.255	20.538	-0.547	0.973	900.127
409.006	474.762	80.012	19.977	100.251	20.536	-0.316	1.006	900.119
409.506	475.262	80.009	19.976	100.251	20.537	-0.365	1.018	900.112
410.006	475.775	80.008	19.976	100.254	20.536	-0.220	1.013	900.135
410.506	476.279	80.011	19.976	100.256	20.536	-0.245	1.018	900.128
411.006	476.774	80.012	19.977	100.259	20.536	-0.288	0.999	900.149
411.506	477.257	80.011	19.976	100.261	20.535	-0.304	0.977	900.155
412.006	477.761	80.014	19.976	100.263	20.535	-0.395	0.987	900.133
412.506	478.251	80.014	19.977	100.261	20.535	-0.554	0.994	900.180
413.006	478.739	80.013	19.977	100.258	20.535	-0.631	0.978	900.147
413.506	479.259	80.014	19.976	100.257	20.534	-0.559	1.007	900.163
414.006	479.751	80.012	19.975	100.252	20.536	-0.694	1.012	900.155
414.507	480.218	80.012	19.975	100.250	20.534	-0.610	0.959	900.157
415.007	480.729	80.014	19.975	100.249	20.535	-0.736	0.978	900.185
415.506	481.223	80.012	19.974	100.246	20.535	-0.750	1.006	900.165
416.006	481.733	80.013	19.975	100.236	20.535	-0.711	1.006	900.176
416.506	482.257	80.011	19.976	100.231	20.538	-0.995	1.033	900.175
417.006	482.769	80.012	19.976	100.224	20.543	-1.381	1.035	900.209
417.507	483.256	80.013	19.976	100.223	20.540	-1.217	0.998	900.196
418.007	483.739	80.012	19.978	100.230	20.539	-1.140	0.970	900.209
418.506	484.250	80.012	19.977	100.240	20.540	-1.219	0.995	900.193
419.006	484.748	80.015	19.977	100.244	20.542	-1.427	1.009	900.197
419.506	485.272	80.015	19.976	100.251	20.541	-1.357	1.021	900.214
420.007	485.749	80.013	19.976	100.256	20.542	-1.349	1.001	900.248
420.507	486.253	80.010	19.976	100.257	20.541	-1.238	0.981	900.237
421.006	486.724	80.010	19.976	100.259	20.541	-1.098	0.976	900.236
421.506	487.227	80.011	19.977	100.263	20.541	-1.119	0.974	900.217
422.006	487.719	80.009	19.978	100.264	20.535	-0.528	0.994	900.218
422.506	488.256	80.013	19.977	100.264	20.538	-0.712	1.029	900.237
423.006	488.740	80.014	19.977	100.266	20.542	-0.890	1.021	900.237
423.506	489.253	80.014	19.978	100.268	20.542	-0.837	0.997	900.247
424.006	489.722	80.013	19.978	100.270	20.541	-0.812	0.983	900.228
424.506	490.227	80.017	19.977	100.271	20.541	-0.783	0.973	900.254
425.006	490.710	80.014	19.977	100.272	20.539	-0.573	0.988	900.260
425.506	491.233	80.015	19.977	100.272	20.541	-0.745	1.006	900.257
426.006	491.717	80.013	19.978	100.271	20.541	-0.786	1.006	900.254
426.506	492.214	80.011	19.976	100.276	20.537	-0.550	0.981	900.278
427.006	492.733	80.014	19.976	100.276	20.541	-0.796	1.016	900.287
427.506	493.221	80.012	19.977	100.273	20.540	-0.700	1.007	900.278
428.006	493.725	80.013	19.976	100.265	20.540	-0.689	0.992	900.280
428.506	494.211	80.015	19.976	100.260	20.536	-0.256	0.991	900.288
429.006	494.713	80.014	19.976	100.253	20.541	-0.610	0.988	900.278
429.506	495.217	80.012	19.975	100.253	20.544	-0.846	1.006	900.261
430.006	495.728	80.015	19.975	100.246	20.542	-0.747	1.015	900.300
430.507	496.203	80.013	19.975	100.242	20.542	-0.781	0.984	900.280
431.007	496.699	80.010	19.975	100.239	20.543	-0.855	0.971	900.295
431.507	497.214	80.012	19.976	100.238	20.543	-0.902	1.013	900.302
432.006	497.702	80.012	19.976	100.233	20.544	-0.931	1.004	900.294
432.506	498.203	80.013	19.976	100.236	20.541	-0.658	0.988	900.265
433.006	498.707	80.014	19.976	100.240	20.540	-0.484	1.004	900.263
433.506	499.224	80.014	19.977	100.244	20.542	-0.636	1.021	900.298
434.006	499.693	80.014	19.976	100.243	20.541	-0.602	0.985	900.293
434.507	500.196	80.013	19.977	100.240	20.541	-0.729	0.972	900.310
435.007	500.695	80.014	19.977	100.240	20.544	-1.130	1.003	900.306
435.507	501.195	80.016	19.976	100.235	20.540	-1.024	0.999	900.316
436.007	501.687	80.013	19.977	100.228	20.541	-1.206	0.992	900.333
436.507	502.165	80.012	19.976	100.223	20.540	-1.112	0.970	900.333
437.006	502.685	80.011	19.976	100.226	20.542	-1.038	0.999	900.331
437.506	503.183	80.013	19.977	100.227	20.542	-0.889	1.019	900.322
438.006	503.688	80.015	19.976	100.233	20.542	-0.693	1.003	900.343
438.506	504.189	80.012	19.976	100.238	20.542	-0.475	1.006	900.338
439.006	504.681	80.012	19.976	100.241	20.542	-0.413	0.993	900.338
439.506	505.186	80.011	19.975	100.234	20.542	-0.553	0.996	900.369
440.006	505.695	80.012	19.977	100.226	20.543	-0.736	1.013	900.376
440.507	506.188	80.014	19.976	100.222	20.543	-0.878	1.002	900.389
441.006	506.689	80.017	19.976	100.220	20.543	-0.957	0.993	900.358
441.507	507.162	80.012	19.976	100.228	20.542	-0.942	0.972	900.331
442.007	507.647	80.012	19.975	100.240	20.544	-1.075	0.959	900.391
442.507	508.148	80.011	19.976	100.255	20.546	-1.064	0.987	900.367
443.007	508.655	80.012	19.976	100.266	20.542	-0.766	1.008	900.373
443.507	509.135	80.012	19.975	100.271	20.543	-0.833	0.987	900.363
444.007	509.652	80.011	19.976	100.261	20.545	-0.922	0.997	900.391
444.507	510.145	80.013	19.976	100.248	20.543	-0.818	1.010	900.406
445.007	510.635	80.014	19.976	100.232	20.543	-0.921	0.984	900.385
445.506	511.155	80.011	19.976	100.216	20.544	-1.149	1.010	900.402
446.007	511.682	80.013	19.977	100.205	20.545	-1.183	1.046	900.407
446.507	512.148	80.012	19.976	100.209	20.543	-1.088	0.993	900.403
447.007	512.664	80.014	19.976	100.222	20.543	-1.031	0.983	900.429
447.506	513.189	80.012	19.976	100.229	20.545	-1.226	1.041	900.426
448.006	513.681	80.010	19.975	100.240	20.546	-1.309	1.016	900.430
448.506	514.193	80.012	19.977	100.249	20.549	-1.419	1.004	900.393
449.006	514.667	80.012	19.976	100.245	20.545	-1.126	0.986	900.402
449.507	515.157	80.010	19.978	100.237	20.545	-1.148	0.964	900.403
450.007	515.665	80.012	19.977	100.232	20.545	-1.131	0.998	900.438
450.507	516.172	80.011	19.975	100.229	20.541	-0.819	1.015	900.441
451.006	516.686	80.012	19.976	100.226	20.542	-0.784	1.021	900.438
451.506	517.152	80.014	19.977	100.229	20.542	-0.680	0.980	900.414
452.006	517.678	80.015	19.976	100.230	20.544	-0.801	0.992	900.486
452.506	518.146	80.014	19.976	100.241	20.543	-0.775	0.994	900.434
453.007	518.652	80.012	19.975	100.248	20.543	-0.719	0.973	900.433
453.507	519.174	80.012	19.975	100.248	20.540	-0.510	1.027	900.453
454.007	519.674	80.015	19.975	100.248	20.541	-0.642	1.023	900.458
454.507	520.140	80.014	19.976	100.250	20.543	-0.757	0.967	900.467
455.007	520.656	80.014	19.975	100.243	20.545	-0.960	0.982	900.458
455.506	521.141	80.018	19.976	100.239	20.545	-0.954	1.001	900.453
456.006	521.643	80.016	19.975	100.242	20.546	-1.021	0.987	900.434
456.506	522.132	80.015	19.976	100.243	20.548	-1.074	0.991	900.488
457.006	522.668	80.016	19.977	100.241	20.548	-1.060	1.026	900.474
457.506	523.119	80.013	19.976	100.243	20.550	-1.248	0.987	900.471
458.006	523.648	80.015	19.976	100.236	20.547	-0.809	0.979	900.476
458.507	524.141	80.013	19.976	100.228	20.548	-0.898	1.022	900.465
459.006	524.602	80.011	19.977	100.225	20.547	-0.819	0.955	900.498
459.507	525.094	80.014	19.978	100.225	20.545	-0.639	0.952	900.466
460.007	525.621	80.013	19.977	100.223	20.546	-0.657	1.019	900.477
460.507	526.101	80.014	19.975	100.222	20.543	-0.466	1.007	900.494
461.007	526.634	80.016	19.976	100.227	20.545	-0.787	1.013	900.479
461.506	527.100	80.013	19.974	100.227	20.547	-1.023	0.999	900.497
462.007	527.617	80.015	19.974	100.227	20.547	-1.056	0.983	900.518
462.507	528.137	80.015	19.975	100.228	20.549	-1.307	1.037	900.522
463.007	528.640	80.015	19.976	100.229	20.545	-1.136	1.023	900.526
463.507	529.103	80.015	19.976	100.224	20.546	-1.213	0.965	900.537
464.007	529.610	80.014	19.975	100.223	20.548	-1.278	0.971	900.537
464.507	530.160	80.013	19.975	100.224	20.548	-1.243	1.057	900.563
465.007	530.633	80.013	19.976	100.215	20.548	-1.253	1.022	900.558
465.508	531.143	80.013	19.977	100.209	20.544	-0.890	0.983	900.530
466.007	531.641	80.013	19.975	100.210	20.549	-1.180	1.009	900.586
466.507	532.164	80.014	19.976	100.208	20.550	-1.287	1.021	900.520
467.007	532.618	80.012	19.976	100.203	20.547	-1.072	0.977	900.549
467.507	533.135	80.013	19.976	100.204	20.545	-0.934	0.971	900.573
468.007	533.637	80.015	19.976	100.212	20.549	-1.093	1.019	900.566
468.507	534.120	80.014	19.977	100.218	20.543	-0.602	0.985	900.552
469.007	534.659	80.014	19.976	100.223	20.543	-0.556	1.022	900.565
469.507	535.146	80.014	19.976	100.229	20.546	-0.799	1.027	900.577
470.007	535.620	80.015	19.975	100.240	20.547	-0.877	0.961	900.600
470.507	536.115	80.015	19.977	100.242	20.544	-0.537	0.968	900.619
471.007	536.620	80.012	19.977	100.238	20.545	-0.630	1.000	900.607
471.507	537.108	80.013	19.976	100.233	20.545	-0.600	0.993	900.603
472.007	537.649	80.016	19.975	100.232	20.551	-1.006	1.029	900.649
472.507	538.143	80.015	19.976	100.227	20.545	-0.599	1.035	900.644
473.007	538.640	80.015	19.976	100.224	20.550	-0.911	0.990	900.599
473.507	539.091	80.016	19.977	100.225	20.546	-0.584	0.947	900.590
474.007	539.615	80.015	19.977	100.228	20.545	-0.583	0.975	900.613
474.507	540.111	80.014	19.977	100.228	20.547	-0.696	1.021	900.627
475.007	540.595	80.014	19.977	100.225	20.544	-0.553	0.980	900.609
475.507	541.095	80.016	19.976	100.217	20.549	-0.944	0.983	900.607
476.007	541.626	80.017	19.977	100.211	20.551	-1.200	1.030	900.621
476.508	542.101	80.014	19.977	100.211	20.552	-1.418	1.006	900.603
477.007	542.582	80.014	19.976	100.210	20.550	-1.285	0.957	900.601
477.507	543.110	80.014	19.977	100.211	20.547	-1.145	1.010	900.648
478.007	543.600	80.013	19.977	100.212	20.551	-1.463	1.016	900.624
478.508	544.107	80.015	19.977	100.207	20.549	-1.252	0.996	900.630
479.008	544.591	80.016	19.976	100.202	20.548	-1.214	0.992	900.629
479.507	545.069	80.014	19.976	100.200	20.547	-1.049	0.962	900.631
480.007	545.594	80.013	19.976	100.200	20.546	-0.955	1.002	900.641
480.508	546.069	80.013	19.976	100.202	20.546	-1.028	1.000	900.619
481.007	546.569	80.013	19.976	100.205	20.548	-1.183	0.975	900.657
481.507	547.085	80.014	19.976	100.203	20.545	-1.073	1.016	900.643
482.007	547.586	80.013	19.976	100.204	20.546	-1.191	1.018	900.638
482.507	548.099	80.014	19.976	100.205	20.546	-1.308	1.014	900.650
483.007	548.585	80.016	19.976	100.210	20.546	-1.273	0.999	900.658
483.507	549.103	80.014	19.977	100.218	20.551	-1.593	1.004	900.655
484.007	549.608	80.018	19.976	100.226	20.547	-1.241	1.022	900.680
484.507	550.089	80.018	19.976	100.229	20.553	-1.577	0.987	900.692
485.007	550.594	80.018	19.977	100.230	20.551	-1.232	0.986	900.660
485.508	551.112	80.015	19.976	100.230	20.555	-1.444	1.022	900.682
486.008	551.618	80.013	19.977	100.230	20.552	-1.211	1.025	900.675
486.507	552.114	80.016	19.977	100.227	20.552	-1.191	1.003	900.708
487.007	552.592	80.015	19.977	100.225	20.551	-1.189	0.974	900.684
487.507	553.114	80.013	19.977	100.224	20.552	-1.288	0.999	900.709
488.007	553.575	80.015	19.977	100.225	20.553	-1.350	0.982	900.664
488.508	554.106	80.014	19.977	100.231	20.554	-1.424	0.992	900.710
489.008	554.581	80.013	19.978	100.237	20.551	-1.155	1.007	900.686
489.507	555.103	80.015	19.976	100.246	20.552	-1.151	0.997	900.749
490.008	555.573	80.015	19.976	100.248	20.550	-0.840	0.991	900.692
490.508	556.083	80.011	19.978	100.246	20.552	-0.979	0.979	900.700
491.008	556.594	80.011	19.976	100.239	20.551	-0.892	1.020	900.727
491.508	557.053	80.009	19.977	100.232	20.551	-1.009	0.970	900.727
492.008	557.579	80.010	19.975	100.219	20.548	-0.928	0.987	900.736
492.507	558.051	80.011	19.975	100.211	20.549	-1.023	0.998	900.722
493.007	558.571	80.013	19.976	100.205	20.548	-0.950	0.992	900.699
493.507	559.088	80.016	19.976	100.205	20.548	-0.993	1.037	900.716
494.007	559.606	80.016	19.975	100.208	20.551	-1.297	1.034	900.723
494.508	560.091	80.015	19.976	100.214	20.552	-1.301	1.002	900.756
495.008	560.578	80.016	19.976	100.219	20.551	-1.189	0.973	900.722
495.508	561.071	80.013	19.976	100.218	20.554	-1.390	0.981	900.771
496.008	561.594	80.012	19.976	100.211	20.551	-1.203	1.016	900.755
496.507	562.091	80.011	19.976	100.205	20.552	-1.260	1.020	900.760
497.007	562.587	80.011	19.976	100.198	20.556	-1.499	0.993	900.771
497.507	563.053	80.012	19.976	100.193	20.552	-1.145	0.962	900.775
498.007	563.550	80.010	19.975	100.194	20.555	-1.322	0.961	900.777
498.508	564.057	80.011	19.976	100.197	20.554	-1.210	1.003	900.760
499.008	564.571	80.012	19.976	100.202	20.550	-0.899	1.023	900.775
499.507	565.044	80.012	19.975	100.213	20.555	-1.256	0.988	900.770
500.007	565.535	80.011	19.976	100.218	20.552	-1.047	0.963	900.755
500.507	566.049	80.013	19.976	100.218	20.548	-0.789	1.004	900.781
501.007	566.560	80.012	19.975	100.219	20.551	-1.126	1.025	900.779
501.507	567.034	80.014	19.976	100.216	20.548	-0.976	0.985	900.781
502.007	567.556	80.013	19.975	100.210	20.547	-0.864	0.996	900.770
502.507	568.042	80.013	19.976	100.210	20.550	-1.136	1.009	900.821
503.007	568.552	80.015	19.975	100.212	20.550	-1.143	0.996	900.805
503.507	569.050	80.013	19.974	100.214	20.551	-1.151	1.006	900.780
504.008	569.566	80.013	19.975	100.214	20.549	-0.889	1.015	900.806
504.508	570.021	80.014	19.975	100.209	20.548	-0.821	0.972	900.800
505.007	570.540	80.012	19.974	100.204	20.550	-1.073	0.974	900.797
505.507	571.044	80.016	19.975	100.201	20.550	-1.055	1.023	900.797
506.007	571.537	80.016	19.976	100.197	20.551	-1.016	0.997	900.832
506.507	572.034	80.015	19.976	100.194	20.553	-1.232	0.990	900.830
507.007	572.538	80.014	19.976	100.199	20.553	-1.213	1.001	900.835
507.508	573.077	80.011	19.977	100.203	20.552	-1.126	1.043	900.838
508.008	573.559	80.013	19.976	100.204	20.551	-1.016	1.021	900.831
508.508	574.063	80.014	19.976	100.213	20.554	-1.250	0.986	900.809
509.008	574.570	80.013	19.975	100.216	20.552	-1.107	1.011	900.884
509.507	575.046	80.014	19.977	100.213	20.551	-1.073	0.983	900.867
510.007	575.550	80.014	19.976	100.213	20.552	-1.193	0.981	900.868
510.508	576.030	80.011	19.976	100.217	20.550	-1.064	0.984	900.849
511.008	576.554	80.014	19.975	100.207	20.550	-1.088	1.004	900.845
511.508	577.058	80.015	19.976	100.204	20.552	-1.247	1.028	900.853
512.008	577.541	80.011	19.975	100.206	20.553	-1.216	0.987	900.868
512.508	578.056	80.010	19.977	100.207	20.552	-1.185	0.998	900.853
513.008	578.560	80.011	19.977	100.205	20.554	-1.305	1.019	900.865
513.508	579.054	80.012	19.977	100.205	20.551	-1.052	0.997	900.852
514.008	579.553	80.011	19.978	100.206	20.553	-1.244	0.993	900.861
514.508	580.040	80.009	19.976	100.203	20.551	-1.137	0.987	900.874
515.007	580.522	80.009	19.976	100.201	20.554	-1.445	0.970	900.872
515.507	581.053	80.011	19.976	100.197	20.551	-1.197	1.012	900.891
516.008	581.539	80.011	19.975	100.203	20.553	-1.286	1.016	900.899
516.508	582.073	80.013	19.976	100.202	20.552	-1.350	1.021	900.872
517.007	582.583	80.012	19.976	100.205	20.549	-1.112	1.044	900.909
517.507	583.072	80.010	19.975	100.209	20.553	-1.361	0.999	900.887
518.007	583.544	80.011	19.976	100.214	20.553	-1.415	0.962	900.887
518.507	584.048	80.009	19.977	100.212	20.552	-1.314	0.976	900.896
519.008	584.544	80.011	19.976	100.211	20.552	-1.238	0.999	900.929
519.508	585.047	80.012	19.976	100.206	20.552	-1.198	0.999	900.920
520.007	585.550	80.009	19.975	100.203	20.552	-1.226	1.006	900.888
520.508	586.077	80.010	19.975	100.205	20.556	-1.540	1.030	900.924
521.008	586.526	80.010	19.975	100.205	20.554	-1.374	0.976	900.901
521.508	587.049	80.009	19.976	100.208	20.552	-1.248	0.973	900.922
522.007	587.545	80.014	19.975	100.214	20.556	-1.616	1.019	900.904
522.508	588.036	80.013	19.976	100.215	20.558	-1.847	0.986	900.900
523.008	588.514	80.012	19.976	100.210	20.554	-1.499	0.969	900.929
523.508	589.057	80.012	19.976	100.213	20.557	-1.681	1.021	900.914
524.008	589.546	80.011	19.977	100.218	20.556	-1.568	1.032	900.944
524.508	590.060	80.010	19.976	100.218	20.555	-1.498	1.003	900.962
525.008	590.558	80.010	19.976	100.216	20.555	-1.523	1.012	900.970
525.508	591.025	80.009	19.975	100.219	20.558	-1.682	0.965	900.968
526.008	591.552	80.011	19.976	100.216	20.554	-1.288	0.993	900.948
526.508	592.056	80.010	19.976	100.209	20.556	-1.390	1.031	900.971
527.008	592.530	80.011	19.976	100.210	20.554	-1.140	0.978	900.963
527.508	593.062	80.013	19.977	100.213	20.552	-0.986	1.006	900.999
528.007	593.545	80.013	19.976	100.211	20.552	-0.969	1.015	900.971
528.508	594.022	80.012	19.976	100.214	20.556	-1.246	0.960	900.959
529.008	594.553	80.010	19.975	100.214	20.552	-0.923	1.008	900.986
529.508	595.026	80.010	19.976	100.217	20.552	-0.949	1.004	900.998
530.007	595.540	80.014	19.975	100.216	20.556	-1.251	0.987	900.996
530.507	596.035	80.012	19.976	100.218	20.557	-1.287	1.009	900.973
531.007	596.566	80.011	19.976	100.217	20.557	-1.250	1.025	900.988
531.508	597.055	80.014	19.976	100.216	20.556	-1.187	1.020	900.964
532.008	597.538	80.013	19.978	100.213	20.553	-0.943	0.973	900.988
532.508	598.056	80.013	19.977	100.211	20.557	-1.195	1.000	900.995
533.008	598.535	80.015	19.976	100.209	20.555	-1.013	0.997	901.032
533.508	599.043	80.014	19.977	100.204	20.555	-1.025	0.987	901.036
534.008	599.512	80.014	19.976	100.198	20.558	-1.226	0.977	901.030
534.508	600.011	80.013	19.976	100.194	20.556	-1.115	0.967	900.984
535.008	600.483	80.013	19.977	100.192	20.554	-0.973	0.970	901.015
535.508	601.008	80.015	19.977	100.192	20.555	-1.145	0.998	901.003
536.008	601.510	80.013	19.976	100.191	20.559	-1.501	1.028	901.024
536.508	602.027	80.012	19.977	100.193	20.553	-0.970	1.019	901.009
537.008	602.502	80.013	19.976	100.192	20.555	-1.083	0.991	901.035
537.509	603.016	80.011	19.976	100.190	20.555	-1.045	0.988	901.003
538.009	603.511	80.012	19.976	100.186	20.558	-1.171	1.009	901.047
538.509	604.035	80.013	19.976	100.184	20.558	-1.170	1.020	901.039
539.008	604.535	80.009	19.976	100.187	20.558	-1.259	1.024	901.043
539.508	605.047	80.008	19.976	100.185	20.558	-1.405	1.011	901.039
540.009	605.509	80.008	19.976	100.182	20.556	-1.366	0.974	901.063
540.508	606.031	80.009	19.976	100.178	20.554	-1.322	0.984	901.044
541.008	606.543	80.010	19.977	100.181	20.558	-1.598	1.033	901.052
541.509	606.998	80.010	19.976	100.178	20.554	-1.253	0.967	901.045
542.009	607.512	80.010	19.975	100.181	20.556	-1.316	0.970	901.067
542.508	608.009	80.010	19.975	100.186	20.556	-1.155	1.011	901.055
543.008	608.520	80.009	19.975	100.192	20.556	-1.063	1.008	901.075
543.508	609.016	80.011	19.975	100.190	20.555	-1.016	1.008	901.078
544.008	609.541	80.011	19.974	100.188	20.556	-1.070	1.020	901.091
544.508	610.026	80.010	19.974	100.185	20.555	-1.052	1.009	901.063
545.008	610.514	80.011	19.975	100.176	20.557	-1.264	0.973	901.055
545.508	611.035	80.010	19.975	100.172	20.557	-1.345	1.010	901.073
546.008	611.544	80.011	19.977	100.176	20.558	-1.433	1.030	901.060
546.508	612.041	80.013	19.977	100.186	20.557	-1.329	1.005	901.067
547.009	612.515	80.012	19.976	100.196	20.558	-1.413	0.971	901.108
547.508	613.041	80.012	19.976	100.208	20.553	-1.037	1.002	901.080
548.008	613.534	80.012	19.975	100.211	20.556	-1.218	1.018	901.075
548.508	614.019	80.013	19.976	100.207	20.558	-1.365	0.977	901.098
549.008	614.498	80.015	19.977	100.198	20.556	-1.177	0.965	901.102
549.508	615.017	80.014	19.975	100.189	20.556	-1.258	0.999	901.113
550.008	615.513	80.014	19.977	100.179	20.559	-1.594	1.015	901.109
550.508	616.013	80.012	19.977	100.178	20.555	-1.307	0.995	901.096
551.008	616.522	80.011	19.977	100.179	20.557	-1.468	1.008	901.091
551.509	617.026	80.012	19.978	100.182	20.561	-1.730	1.012	901.096
552.009	617.536	80.013	19.978	100.184	20.555	-1.190	1.015	901.089
552.508	618.012	80.011	19.978	100.192	20.555	-1.130	0.987	901.133
553.008	618.543	80.012	19.977	100.193	20.556	-1.124	1.007	901.077
553.508	619.009	80.013	19.977	100.193	20.556	-1.119	0.998	901.116
554.008	619.532	80.014	19.977	100.192	20.562	-1.590	0.989	901.128
554.508	620.023	80.016	19.978	100.191	20.558	-1.330	1.013	901.137
555.008	620.517	80.014	19.977	100.188	20.559	-1.514	0.985	901.102
555.508	621.022	80.013	19.977	100.186	20.557	-1.408	0.998	901.111
556.009	621.507	80.013	19.978	100.188	20.559	-1.458	0.989	901.129
556.509	622.050	80.012	19.977	100.188	20.560	-1.518	1.029	901.140
557.009	622.514	80.016	19.977	100.192	20.561	-1.534	1.008	901.097
557.509	622.997	80.014	19.978	100.197	20.560	-1.410	0.946	901.161
558.009	623.538	80.010	19.978	100.201	20.563	-1.562	1.025	901.146
558.508	624.033	80.010	19.978	100.201	20.561	-1.396	1.037	901.157
559.008	624.543	80.008	19.977	100.199	20.561	-1.487	1.004	901.159
559.509	625.047	80.010	19.977	100.189	20.559	-1.267	1.014	901.163
560.009	625.515	80.010	19.978	100.180	20.558	-1.146	0.972	901.171
560.509	626.053	80.012	19.977	100.176	20.557	-1.007	1.006	901.162
561.009	626.551	80.011	19.977	100.180	20.558	-1.010	1.036	901.173
561.509	627.050	80.010	19.978	100.187	20.556	-0.830	0.997	901.159
562.008	627.555	80.010	19.977	100.193	20.560	-1.190	1.004	901.186
562.509	628.028	80.011	19.976	100.196	20.559	-1.136	0.977	901.197
563.009	628.574	80.011	19.977	100.196	20.563	-1.545	1.019	901.212
563.509	629.072	80.009	19.978	100.187	20.564	-1.676	1.044	901.197
564.009	629.530	80.011	19.977	100.181	20.564	-1.780	0.957	901.188
564.509	630.037	80.012	19.977	100.183	20.563	-1.738	0.965	901.218
565.009	630.565	80.012	19.977	100.179	20.563	-1.718	1.035	901.212
565.508	631.060	80.014	19.977	100.176	20.560	-1.517	1.023	901.191
566.008	631.544	80.015	19.977	100.177	20.560	-1.480	0.979	901.234
566.508	632.020	80.012	19.976	100.178	20.562	-1.708	0.961	901.188
567.008	632.544	80.011	19.978	100.173	20.561	-1.652	1.000	901.237
567.508	633.035	80.009	19.977	100.172	20.559	-1.423	1.015	901.233
568.008	633.536	80.009	19.977	100.170	20.559	-1.376	0.992	901.197
568.508	634.030	80.008	19.978	100.164	20.558	-1.262	0.995	901.218
569.008	634.516	80.009	19.978	100.161	20.556	-1.109	0.981	901.206
569.508	635.037	80.012	19.978	100.165	20.558	-1.150	1.007	901.238
570.008	635.538	80.012	19.977	100.170	20.558	-1.017	1.020	901.206
570.509	636.043	80.012	19.977	100.178	20.555	-0.823	1.006	901.217
571.008	636.530	80.013	19.977	100.187	20.558	-1.150	0.993	901.224
571.508	637.017	80.012	19.977	100.189	20.558	-1.158	0.974	901.234
572.008	637.528	80.011	19.977	100.188	20.557	-0.995	0.997	901.197
572.509	638.034	80.010	19.978	100.187	20.560	-1.321	1.017	901.247
573.009	638.564	80.009	19.977	100.186	20.559	-1.281	1.037	901.199
573.509	639.055	80.011	19.977	100.186	20.557	-1.096	1.021	901.230
574.009	639.541	80.008	19.978	100.193	20.558	-1.161	0.976	901.256
574.509	640.049	80.009	19.977	100.197	20.560	-1.371	0.994	901.247
575.009	640.536	80.009	19.976	100.190	20.559	-1.313	0.995	901.270
575.509	641.029	80.009	19.977	100.180	20.559	-1.309	0.980	901.243
576.009	641.523	80.010	19.977	100.178	20.562	-1.525	0.988	901.263
576.509	642.049	80.010	19.978	100.174	20.556	-1.132	1.020	901.249
577.009	642.552	80.011	19.978	100.169	20.561	-1.545	1.029	901.279
577.508	643.032	80.010	19.978	100.171	20.560	-1.419	0.984	901.247
578.008	643.556	80.008	19.978	100.171	20.559	-1.435	1.003	901.247
578.509	644.026	80.008	19.978	100.172	20.558	-1.365	0.993	901.245
579.009	644.500	80.009	19.976	100.169	20.559	-1.423	0.945	901.228
579.508	645.003	80.007	19.977	100.171	20.562	-1.613	0.978	901.268
580.008	645.496	80.010	19.977	100.175	20.560	-1.449	0.995	901.214
580.509	646.025	80.009	19.976	100.181	20.560	-1.561	1.022	901.264
581.009	646.499	80.010	19.977	100.178	20.560	-1.506	1.003	901.274
581.509	647.024	80.011	19.977	100.176	20.559	-1.457	0.999	901.260
582.009	647.503	80.012	19.977	100.177	20.559	-1.523	1.004	901.254
582.509	648.007	80.011	19.978	100.178	20.557	-1.492	0.983	901.235
583.009	648.542	80.012	19.978	100.177	20.561	-1.838	1.040	901.259
583.508	649.004	80.011	19.977	100.180	20.561	-1.791	0.997	901.253
584.008	649.523	80.011	19.977	100.183	20.562	-1.821	0.980	901.289
584.509	650.034	80.012	19.977	100.185	20.565	-2.106	1.030	901.265
585.008	650.520	80.013	19.978	100.184	20.564	-2.008	0.997	901.252
585.509	651.017	80.012	19.978	100.189	20.563	-1.809	0.982	901.253
586.009	651.519	80.011	19.979	100.189	20.562	-1.625	0.999	901.265
586.509	652.025	80.011	19.978	100.187	20.564	-1.831	1.008	901.265
587.009	652.511	80.013	19.977	100.182	20.559	-1.477	0.992	901.279
587.509	653.071	80.015	19.978	100.186	20.562	-1.745	1.045	901.283
588.009	653.538	80.016	19.979	100.190	20.557	-1.291	1.027	901.288
588.509	654.013	80.015	19.977	100.191	20.560	-1.553	0.943	901.307
589.009	654.498	80.014	19.978	100.194	20.556	-1.271	0.961	901.303
589.509	655.071	80.016	19.978	100.199	20.557	-1.305	1.058	901.278
590.009	655.545	80.016	19.977	100.204	20.557	-1.247	1.046	901.292
590.509	656.051	80.016	19.977	100.201	20.559	-1.377	0.980	901.297
591.009	656.532	80.018	19.978	100.202	20.556	-1.270	0.987	901.314
591.510	657.045	80.017	19.978	100.202	20.556	-1.323	0.994	901.309
592.010	657.539	80.016	19.978	100.199	20.557	-1.437	1.007	901.289
592.510	658.034	80.018	19.977	100.192	20.556	-1.399	0.989	901.301
593.009	658.557	80.018	19.977	100.188	20.558	-1.548	1.019	901.296
593.509	659.022	80.016	19.978	100.186	20.563	-1.870	0.989	901.307
594.009	659.521	80.013	19.977	100.188	20.561	-1.633	0.964	901.273
594.509	660.062	80.012	19.977	100.190	20.562	-1.719	1.040	901.333
595.009	660.553	80.013	19.977	100.193	20.561	-1.640	1.032	901.294
595.509	661.053	80.015	19.977	100.191	20.559	-1.380	0.991	901.318
596.009	661.541	80.014	19.977	100.192	20.559	-1.434	0.988	901.295
596.508	662.056	80.016	19.978	100.189	20.561	-1.544	1.003	901.307
597.008	662.495	80.016	19.978	100.186	20.560	-1.380	0.954	901.336
597.508	663.032	80.016	19.977	100.182	20.562	-1.509	0.976	901.299
598.009	663.515	80.018	19.977	100.188	20.560	-1.393	1.020	901.291
598.509	664.036	80.017	19.977	100.193	20.560	-1.362	1.003	901.279
599.009	664.532	80.015	19.977	100.197	20.560	-1.291	1.017	901.313
599.509	665.044	80.015	19.978	100.201	20.557	-1.084	1.009	901.307
600.009	665.527	80.013	19.977	100.203	20.557	-1.031	0.994	901.346
600.509	666.028	80.016	19.979	100.199	20.559	-1.135	0.983	901.335
601.009	666.497	80.015	19.978	100.194	20.558	-1.061	0.971	901.317
601.509	667.038	80.014	19.978	100.191	20.561	-1.347	1.010	901.310
602.009	667.561	80.016	19.977	100.189	20.561	-1.383	1.064	901.327
602.509	668.035	80.015	19.977	100.187	20.560	-1.243	0.998	901.309
603.009	668.565	80.015	19.977	100.184	20.560	-1.247	1.004	901.328
603.509	669.078	80.018	19.977	100.186	20.559	-1.271	1.042	901.300
604.009	669.536	80.017	19.976	100.183	20.560	-1.330	0.969	901.323
604.510	670.035	80.018	19.977	100.177	20.560	-1.317	0.957	901.338
605.009	670.564	80.015	19.976	100.177	20.561	-1.420	1.029	901.365
605.509	671.041	80.012	19.975	100.181	20.561	-1.512	1.006	901.329
606.009	671.572	80.014	19.976	100.174	20.563	-1.812	1.009	901.355
606.508	672.032	80.013	19.977	100.172	20.562	-1.791	0.992	901.355
607.008	672.530	80.010	19.977	100.175	20.561	-1.696	0.957	901.368
607.509	673.076	80.012	19.978	100.168	20.561	-1.672	1.043	901.370
608.009	673.540	80.012	19.977	100.165	20.562	-1.707	1.010	901.375
608.509	674.044	80.012	19.977	100.170	20.557	-1.256	0.968	901.349
609.010	674.518	80.016	19.977	100.175	20.557	-1.173	0.978	901.331
609.509	675.056	80.013	19.976	100.172	20.558	-1.282	1.013	901.364
610.008	675.559	80.014	19.976	100.173	20.558	-1.325	1.041	901.330
610.509	676.026	80.014	19.975	100.173	20.558	-1.399	0.969	901.344
611.009	676.546	80.015	19.975	100.173	20.556	-1.290	0.986	901.380
611.509	677.017	80.017	19.976	100.176	20.557	-1.501	0.992	901.350
612.009	677.578	80.015	19.977	100.178	20.556	-1.467	1.032	901.390
612.509	678.033	80.015	19.976	100.181	20.555	-1.276	1.015	901.375
613.009	678.525	80.016	19.976	100.187	20.556	-1.279	0.948	901.377
613.509	679.064	80.014	19.976	100.192	20.559	-1.438	1.031	901.369
614.009	679.534	80.017	19.977	100.193	20.559	-1.422	1.008	901.358
614.509	680.056	80.019	19.974	100.200	20.556	-1.103	0.991	901.348
615.009	680.560	80.018	19.975	100.198	20.559	-1.166	1.025	901.350
615.509	681.031	80.016	19.975	100.189	20.559	-1.242	0.975	901.354
616.009	681.551	80.016	19.976	100.179	20.558	-1.207	0.991	901.349
616.510	682.028	80.015	19.975	100.179	20.561	-1.478	0.998	901.347
617.009	682.548	80.016	19.976	100.180	20.557	-1.166	0.998	901.379
617.509	683.059	80.014	19.976	100.188	20.560	-1.410	1.031	901.359
618.009	683.550	80.015	19.976	100.197	20.560	-1.434	1.002	901.353
618.509	684.081	80.016	19.976	100.201	20.561	-1.495	1.021	901.379
619.009	684.568	80.015	19.977	100.200	20.554	-0.871	1.018	901.362
619.509	685.069	80.016	19.976	100.202	20.557	-0.970	0.989	901.419
620.009	685.562	80.017	19.975	100.198	20.559	-1.086	0.995	901.358
620.509	686.087	80.018	19.974	100.191	20.557	-0.935	1.019	901.391
621.009	686.573	80.015	19.975	100.189	20.559	-1.105	1.010	901.404
621.509	687.068	80.014	19.976	100.185	20.562	-1.299	0.981	901.384
622.009	687.587	80.016	19.975	100.173	20.563	-1.470	1.014	901.388
622.509	688.034	80.016	19.976	100.169	20.559	-1.212	0.966	901.357
623.009	688.558	80.013	19.977	100.173	20.559	-1.292	0.972	901.371
623.509	689.084	80.013	19.976	100.177	20.558	-1.216	1.051	901.422
624.009	689.589	80.014	19.975	100.179	20.559	-1.255	1.031	901.426
624.509	690.069	80.013	19.976	100.184	20.559	-1.250	0.985	901.387
625.009	690.559	80.016	19.975	100.185	20.559	-1.295	0.970	901.389
625.509	691.058	80.016	19.976	100.181	20.561	-1.408	0.989	901.388
626.009	691.577	80.015	19.975	100.177	20.562	-1.447	1.017	901.389
626.509	692.060	80.013	19.975	100.171	20.558	-1.234	1.002	901.450
627.009	692.565	80.013	19.977	100.165	20.562	-1.583	0.988	901.409
627.509	693.077	80.014	19.976	100.164	20.559	-1.482	1.016	901.403
628.009	693.590	80.013	19.976	100.163	20.558	-1.378	1.025	901.407
628.509	694.072	80.012	19.977	100.165	20.557	-1.344	0.995	901.420
629.010	694.588	80.013	19.974	100.166	20.557	-1.515	0.997	901.435
629.510	695.074	80.013	19.975	100.172	20.559	-1.735	1.002	901.421
630.009	695.561	80.012	19.977	100.176	20.561	-1.920	0.974	901.455
630.510	696.086	80.017	19.976	100.177	20.562	-1.838	1.012	901.438
631.009	696.585	80.016	19.977	100.175	20.559	-1.603	1.025	901.419
631.509	697.072	80.013	19.976	100.177	20.560	-1.709	0.986	901.418
632.009	697.586	80.013	19.976	100.176	20.560	-1.649	1.002	901.414
632.509	698.106	80.012	19.977	100.179	20.561	-1.591	1.034	901.441
633.009	698.607	80.013	19.976	100.177	20.562	-1.516	1.020	901.400
633.509	699.056	80.014	19.977	100.175	20.560	-1.343	0.950	901.441
634.009	699.583	80.013	19.977	100.179	20.561	-1.472	0.977	901.407
634.509	700.095	80.016	19.976	100.186	20.558	-1.298	1.039	901.413
635.009	700.585	80.013	19.976	100.192	20.558	-1.293	1.002	901.419
635.509	701.098	80.013	19.977	100.197	20.564	-1.782	1.003	901.371
636.009	701.593	80.015	19.977	100.200	20.562	-1.669	1.007	901.416
636.509	702.099	80.015	19.977	100.203	20.565	-1.817	1.000	901.432
637.010	702.590	80.013	19.977	100.206	20.563	-1.630	0.998	901.393
637.509	703.087	80.013	19.977	100.204	20.559	-1.229	0.988	901.417
638.009	703.598	80.012	19.977	100.200	20.561	-1.377	1.008	901.417
638.509	704.077	80.014	19.977	100.201	20.563	-1.564	0.990	901.419
639.009	704.596	80.013	19.976	100.198	20.560	-1.345	0.998	901.429
639.509	705.118	80.013	19.977	100.190	20.562	-1.562	1.041	901.435
640.009	705.586	80.014	19.977	100.180	20.560	-1.460	0.990	901.400
640.509	706.109	80.010	19.976	100.178	20.560	-1.521	0.991	901.392
641.009	706.580	80.012	19.977	100.176	20.561	-1.632	0.994	901.421
641.509	707.075	80.014	19.976	100.176	20.562	-1.678	0.966	901.389
642.009	707.593	80.014	19.976	100.183	20.564	-1.854	1.012	901.441
642.509	708.105	80.015	19.976	100.189	20.562	-1.660	1.029	901.416
643.009	708.598	80.015	19.976	100.191	20.559	-1.452	1.005	901.458
643.509	709.095	80.013	19.976	100.187	20.563	-1.731	0.990	901.415
644.009	709.617	80.014	19.976	100.182	20.561	-1.573	1.019	901.415
644.510	710.121	80.014	19.976	100.175	20.566	-1.904	1.026	901.459
645.010	710.614	80.013	19.977	100.171	20.562	-1.577	0.997	901.421
645.509	711.112	80.014	19.977	100.172	20.563	-1.687	0.992	901.431
646.009	711.618	80.012	19.977	100.178	20.564	-1.634	1.004	901.411
646.509	712.095	80.013	19.977	100.180	20.566	-1.754	0.982	901.373
647.009	712.634	80.014	19.977	100.180	20.564	-1.529	1.016	901.417
647.509	713.125	80.013	19.978	100.188	20.566	-1.784	1.030	901.413
648.009	713.622	80.012	19.977	100.191	20.564	-1.613	0.988	901.424
648.509	714.121	80.012	19.977	100.191	20.565	-1.565	0.997	901.427
649.009	714.617	80.012	19.977	100.191	20.563	-1.429	0.995	901.421
649.509	715.117	80.014	19.978	100.193	20.562	-1.379	0.995	901.413
650.009	715.616	80.011	19.977	100.184	20.565	-1.517	0.999	901.431
650.509	716.151	80.014	19.977	100.185	20.563	-1.390	1.035	901.416
651.009	716.640	80.016	19.978	100.188	20.564	-1.457	1.025	901.406
651.509	717.180	80.014	19.977	100.190	20.564	-1.521	1.028	901.394
652.009	717.655	80.016	19.978	100.182	20.565	-1.671	1.014	901.417
652.509	718.156	80.015	19.978	100.183	20.567	-1.806	0.976	901.400
653.009	718.649	80.013	19.977	100.178	20.567	-1.797	0.994	901.392
653.509	719.127	80.010	19.977	100.172	20.564	-1.577	0.972	901.389
654.009	719.653	80.010	19.977	100.167	20.564	-1.500	1.003	901.416
654.509	720.130	80.012	19.977	100.173	20.565	-1.612	1.002	901.450
655.009	720.678	80.014	19.978	100.175	20.563	-1.474	1.026	901.410
655.509	721.145	80.012	19.976	100.172	20.561	-1.370	1.015	901.426
656.009	721.650	80.015	19.977	100.166	20.564	-1.590	0.971	901.437
656.510	722.145	80.015	19.978	100.167	20.563	-1.567	1.000	901.382
657.009	722.664	80.015	19.976	100.164	20.563	-1.785	1.014	901.447
657.510	723.137	80.017	19.976	100.159	20.561	-1.561	0.991	901.391
658.010	723.663	80.014	19.977	100.162	20.565	-1.906	0.999	901.394
658.509	724.159	80.014	19.977	100.168	20.562	-1.714	1.022	901.419
659.010	724.674	80.013	19.976	100.170	20.561	-1.712	1.011	901.409
659.509	725.155	80.012	19.976	100.170	20.565	-1.974	0.997	901.421
660.009	725.640	80.013	19.976	100.171	20.566	-1.974	0.966	901.404
660.509	726.160	80.014	19.977	100.170	20.562	-1.613	1.004	901.432
661.010	726.704	80.012	19.977	100.170	20.561	-1.502	1.062	901.408
661.510	727.183	80.013	19.978	100.167	20.562	-1.505	1.023	901.448
662.010	727.637	80.014	19.977	100.171	20.561	-1.397	0.934	901.393
662.509	728.178	80.013	19.977	100.170	20.561	-1.443	0.995	901.444
663.010	728.665	80.015	19.977	100.170	20.561	-1.605	1.027	901.406
663.510	729.167	80.016	19.978	100.174	20.565	-2.035	0.990	901.407
664.009	729.669	80.017	19.978	100.181	20.565	-2.092	1.004	901.431
664.509	730.182	80.016	19.978	100.187	20.566	-2.176	1.015	901.418
665.009	730.675	80.015	19.977	100.194	20.562	-1.900	1.006	901.406
665.509	731.186	80.016	19.976	100.192	20.562	-1.897	1.003	901.418
666.009	731.678	80.016	19.977	100.193	20.564	-2.075	1.003	901.407
666.510	732.180	80.013	19.978	100.193	20.562	-1.845	0.993	901.406
667.010	732.686	80.013	19.977	100.187	20.564	-2.002	1.007	901.406
667.510	733.177	80.016	19.978	100.183	20.562	-1.914	0.997	901.386
668.010	733.681	80.015	19.978	100.184	20.564	-2.024	0.996	901.430
668.510	734.191	80.017	19.978	100.178	20.563	-1.969	1.014	901.412
669.009	734.710	80.014	19.977	100.175	20.559	-1.650	1.030	901.401
669.509	735.169	80.013	19.977	100.174	20.561	-1.854	0.979	901.413
670.009	735.699	80.013	19.977	100.181	20.562	-1.995	0.988	901.399
670.510	736.178	80.013	19.977	100.191	20.562	-2.008	1.007	901.390
671.010	736.700	80.014	19.977	100.201	20.562	-1.992	1.001	901.388
671.510	737.181	80.015	19.978	100.203	20.564	-2.016	1.003	901.398
672.010	737.666	80.013	19.978	100.203	20.563	-1.887	0.966	901.386
672.510	738.216	80.013	19.978	100.201	20.564	-1.900	1.035	901.371
673.010	738.739	80.012	19.979	100.201	20.566	-1.865	1.074	901.372
673.510	739.211	80.014	19.979	100.204	20.564	-1.638	0.996	901.416
674.009	739.739	80.015	19.978	100.203	20.564	-1.579	0.999	901.423
674.510	740.232	80.014	19.980	100.203	20.561	-1.215	1.020	901.396
675.010	740.730	80.013	19.978	100.203	20.563	-1.186	0.991	901.367
675.510	741.236	80.014	19.977	100.197	20.562	-1.162	1.005	901.377
676.010	741.744	80.014	19.977	100.196	20.561	-1.249	1.014	901.384
676.510	742.210	80.015	19.977	100.207	20.562	-1.408	0.973	901.400
677.010	742.738	80.014	19.978	100.211	20.560	-1.228	0.995	901.351
677.510	743.205	80.014	19.978	100.210	20.564	-1.601	0.996	901.346
678.010	743.748	80.015	19.977	100.210	20.560	-1.397	1.009	901.345
678.510	744.232	80.014	19.977	100.204	0.000	0.000	1.027	901.382
679.010	744.726	80.015	19.978	100.196	0.000	0.000	0.977	901.396
679.510	745.231	80.016	19.976	100.196	0.000	0.000	0.999	901.341
680.010	745.722	80.014	19.976	100.191	0.000	0.000	0.996	901.373
680.510	746.226	80.013	19.977	100.178	0.000	0.000	0.995	901.354
681.010	746.716	80.011	19.977	100.171	0.000	0.000	0.994	901.361
681.510	747.230	80.010	19.977	100.164	0.000	0.000	1.004	901.351
682.010	747.740	80.014	19.977	100.151	0.000	0.000	1.024	901.392
682.510	748.254	80.012	19.977	100.147	0.000	0.000	1.024	901.354
683.010	748.780	80.013	19.978	100.159	0.000	0.000	1.040	901.385
683.510	749.269	80.016	19.977	100.167	0.000	0.000	1.015	901.360
684.010	749.755	80.013	19.977	100.170	0.000	0.000	0.974	901.345
684.510	750.239	80.014	19.978	100.173	0.000	0.000	0.971	901.348
685.010	750.733	80.017	19.977	100.180	0.000	0.000	0.978	901.350
685.510	751.255	80.015	19.979	100.178	0.000	0.000	1.015	901.343
686.010	751.738	80.014	19.978	100.176	0.000	0.000	1.005	901.346
686.510	752.264	80.015	19.978	100.171	0.000	0.000	1.010	901.363
687.009	752.742	80.016	19.978	100.169	0.000	0.000	1.004	901.348
687.510	753.247	80.015	19.977	100.169	0.000	0.000	0.982	901.312
688.010	753.747	80.012	19.977	100.166	0.000	0.000	1.006	901.314
