File Name:	PS_16.txt	Version: 8.3.7.3						
Date:	09 Aug 2024
Operator:	KH
Test ID:	PS_16
Sample ID:	PS_16
Sample Mass (mg):	2.8800
Sample Cup Mass (mg):	182.3000
End Total Mass (mg):	0.0100
Heating Rate (C/s):	1.0000
Combuster Temperature (C):	900.0
N2 Flow Rate (cc/min):	80.0
O2 Flow Rate (cc/min):	20.0
Calibration File:	Coeff.txt
T Correction Coefficients:	0.308738730	0.013615500	0.000000000
Time Shift (s):	10.0
Pre-Test Comments:
Post-Test Comments:
Baseline Flow:	99.800
Baseline O2:	20.363
Instrument ID:	2700
@
Time (s)	Temperature (C)	N2 Flow (cc/min)	O2 Flow (cc/min)	Total Flow (cc/min)	Oxygen (%)	HRR (W/g)	Heating Rate (C/s)	Combustor Temp (C)
0.000	75.152	80.017	19.979	99.800	20.396	-18.630	-0.032	898.869
0.500	75.176	80.023	19.980	99.791	20.377	-16.930	-0.018	898.900
1.001	75.165	80.019	19.980	99.788	20.356	-14.845	0.014	898.870
1.501	75.193	80.020	19.979	99.808	20.331	-12.159	0.017	898.913
2.001	75.198	80.016	19.980	99.858	20.311	-10.020	0.033	898.895
2.501	75.261	80.018	19.979	99.938	20.295	-8.190	0.068	898.887
3.001	75.251	80.020	19.980	100.046	20.283	-6.762	0.053	898.871
3.501	75.311	80.017	19.981	100.166	20.267	-4.965	0.051	898.868
4.001	75.383	80.019	19.980	100.277	20.264	-4.564	0.132	898.863
4.500	75.430	80.018	19.980	100.365	20.253	-3.507	0.119	898.844
5.000	75.501	80.019	19.980	100.431	20.250	-3.740	0.118	898.860
5.500	75.585	80.020	19.979	100.485	20.242	-4.588	0.154	898.867
6.001	75.643	80.019	19.980	100.531	20.237	-6.484	0.141	898.868
6.501	75.723	80.021	19.980	100.572	20.233	-9.042	0.138	898.889
7.001	75.824	80.020	19.980	100.605	20.241	-13.018	0.181	898.885
7.501	75.920	80.020	19.980	100.629	20.254	-17.364	0.197	898.864
8.001	76.045	80.020	19.980	100.640	20.236	-17.790	0.221	898.923
8.500	76.199	80.020	19.979	100.640	20.237	-19.019	0.279	898.879
9.000	76.329	80.018	19.980	100.638	20.236	-19.012	0.284	898.863
9.500	76.448	80.021	19.980	100.635	20.240	-19.051	0.249	898.880
10.000	76.572	80.020	19.979	100.631	20.242	-18.684	0.244	898.886
10.500	76.710	80.018	19.979	100.629	20.224	-16.101	0.262	898.880
11.000	76.862	80.019	19.979	100.626	20.202	-12.995	0.290	898.880
11.501	76.975	80.018	19.980	100.623	20.174	-9.204	0.266	898.869
12.001	77.169	80.018	19.981	100.624	20.148	-5.560	0.307	898.873
12.500	77.335	80.014	19.979	100.659	20.121	-1.839	0.360	898.839
13.000	77.545	80.016	19.982	100.759	20.098	1.511	0.376	898.880
13.501	77.767	80.016	19.981	100.909	20.085	3.726	0.432	898.861
14.001	78.009	80.017	19.979	101.084	20.084	4.635	0.464	898.899
14.500	78.277	80.015	19.980	101.262	20.083	5.473	0.510	898.846
15.001	78.540	80.017	19.981	101.404	20.084	5.848	0.531	898.879
15.501	78.833	80.015	19.980	101.479	20.088	5.912	0.555	898.836
16.001	79.103	80.014	19.981	101.498	20.090	6.026	0.563	898.887
16.501	79.420	80.017	19.981	101.480	20.104	5.026	0.588	898.875
17.000	79.821	80.018	19.980	101.449	20.105	5.245	0.718	898.840
17.500	80.166	80.019	19.982	101.415	20.106	5.411	0.745	898.860
18.001	80.508	80.015	19.981	101.381	20.119	4.443	0.687	898.813
18.501	80.897	80.013	19.981	101.351	20.123	4.363	0.731	898.836
19.001	81.265	80.016	19.981	101.316	20.129	4.272	0.758	898.840
19.501	81.671	80.017	19.980	101.275	20.138	3.828	0.775	898.900
20.000	82.077	80.017	19.981	101.227	20.146	3.609	0.812	898.856
20.500	82.474	80.018	19.981	101.179	20.148	3.929	0.802	898.893
21.001	82.872	80.015	19.981	101.139	20.155	3.656	0.794	898.868
21.501	83.293	80.017	19.980	101.108	20.159	3.616	0.819	898.905
22.001	83.739	80.019	19.979	101.078	20.162	3.532	0.868	898.913
22.501	84.180	80.017	19.979	101.056	20.171	2.723	0.887	898.863
23.001	84.600	80.016	19.980	101.035	20.177	2.189	0.860	898.855
23.502	85.071	80.017	19.979	101.013	20.184	1.703	0.891	898.865
24.001	85.523	80.016	19.979	100.991	20.181	2.327	0.924	898.831
24.500	85.987	80.015	19.979	100.977	20.193	1.424	0.916	898.853
25.000	86.499	80.014	19.978	100.963	20.195	1.640	0.976	898.874
25.501	86.928	80.015	19.980	100.943	20.190	2.536	0.941	898.865
26.001	87.411	80.018	19.980	100.920	20.200	1.872	0.911	898.870
26.501	87.892	80.017	19.979	100.895	20.203	1.881	0.964	898.853
27.000	88.376	80.017	19.979	100.863	20.216	0.653	0.965	898.824
27.500	88.828	80.020	19.979	100.830	20.212	1.198	0.936	898.833
28.000	89.321	80.018	19.980	100.806	20.207	1.860	0.945	898.840
28.500	89.836	80.017	19.979	100.784	20.218	0.848	1.008	898.875
29.000	90.318	80.016	19.980	100.768	20.221	0.634	0.997	898.859
29.500	90.827	80.018	19.979	100.759	20.225	0.251	0.992	898.827
30.000	91.303	80.019	19.980	100.755	20.219	0.969	0.985	898.822
30.500	91.817	80.015	19.978	100.746	20.221	0.759	0.990	898.842
31.000	92.283	80.017	19.979	100.733	20.231	-0.321	0.980	898.841
31.500	92.835	80.014	19.980	100.716	20.228	0.182	1.018	898.812
32.000	93.321	80.014	19.979	100.696	20.231	-0.042	1.038	898.865
32.500	93.820	80.018	19.979	100.673	20.238	-0.540	0.986	898.831
33.000	94.357	80.018	19.978	100.653	20.237	-0.300	1.036	898.799
33.500	94.896	80.017	19.978	100.637	20.242	-0.486	1.075	898.825
34.000	95.375	80.015	19.979	100.623	20.243	-0.402	1.018	898.814
34.500	95.910	80.015	19.978	100.617	20.250	-1.118	1.014	898.847
35.001	96.405	80.013	19.979	100.611	20.245	-0.505	1.030	898.830
35.501	96.907	80.013	19.980	100.605	20.247	-0.550	0.997	898.822
36.001	97.441	80.011	19.980	100.598	20.250	-0.781	1.036	898.812
36.501	97.957	80.015	19.980	100.596	20.245	-0.291	1.050	898.824
37.002	98.523	80.016	19.981	100.588	20.244	-0.121	1.081	898.815
37.502	99.033	80.014	19.980	100.584	20.249	-0.535	1.077	898.786
38.001	99.561	80.017	19.980	100.588	20.250	-0.570	1.039	898.833
38.501	100.077	80.019	19.980	100.589	20.252	-0.723	1.044	898.805
39.001	100.610	80.017	19.979	100.580	20.256	-1.157	1.048	898.797
39.501	101.147	80.017	19.981	100.571	20.257	-1.203	1.070	898.824
40.001	101.660	80.016	19.979	100.559	20.252	-0.642	1.050	898.831
40.501	102.221	80.013	19.980	100.541	20.258	-1.264	1.073	898.731
41.001	102.714	80.016	19.979	100.527	20.259	-1.462	1.054	898.829
41.502	103.267	80.011	19.979	100.523	20.266	-2.143	1.047	898.849
42.001	103.784	80.013	19.980	100.523	20.260	-1.495	1.071	898.802
42.500	104.334	80.013	19.981	100.519	20.263	-1.740	1.067	898.872
43.001	104.840	80.012	19.980	100.514	20.266	-1.934	1.056	898.852
43.501	105.387	80.014	19.979	100.510	20.262	-1.461	1.053	898.809
44.000	105.892	80.014	19.979	100.509	20.264	-1.556	1.053	898.803
44.500	106.430	80.013	19.979	100.504	20.263	-1.294	1.043	898.806
45.000	106.947	80.014	19.979	100.501	20.262	-1.152	1.054	898.812
45.501	107.528	80.015	19.978	100.498	20.270	-1.892	1.097	898.840
46.001	108.045	80.015	19.978	100.498	20.268	-1.618	1.098	898.849
46.501	108.546	80.014	19.979	100.493	20.266	-1.374	1.019	898.826
47.001	109.078	80.014	19.979	100.491	20.271	-1.863	1.033	898.803
47.500	109.615	80.016	19.978	100.492	20.269	-1.558	1.069	898.791
48.000	110.153	80.015	19.980	100.491	20.268	-1.495	1.075	898.799
48.501	110.679	80.016	19.979	100.494	20.262	-0.744	1.065	898.796
49.001	111.212	80.017	19.979	100.492	20.267	-1.211	1.059	898.792
49.500	111.755	80.018	19.978	100.489	20.275	-1.989	1.075	898.818
50.001	112.289	80.014	19.978	100.485	20.269	-1.262	1.077	898.800
50.500	112.810	80.014	19.980	100.485	20.273	-1.688	1.055	898.820
51.001	113.323	80.014	19.979	100.477	20.274	-1.650	1.033	898.818
51.501	113.898	80.016	19.979	100.470	20.275	-1.801	1.088	898.812
52.001	114.454	80.015	19.979	100.465	20.275	-1.911	1.132	898.835
52.501	114.941	80.015	19.980	100.461	20.278	-2.370	1.042	898.823
53.001	115.533	80.016	19.979	100.456	20.282	-2.862	1.079	898.798
53.501	116.021	80.017	19.980	100.453	20.280	-2.763	1.080	898.836
54.001	116.568	80.018	19.980	100.451	20.281	-2.835	1.035	898.845
54.501	117.120	80.019	19.980	100.449	20.278	-2.496	1.099	898.825
55.001	117.656	80.016	19.979	100.449	20.278	-2.475	1.088	898.834
55.501	118.177	80.016	19.980	100.447	20.282	-2.821	1.057	898.815
56.001	118.714	80.014	19.980	100.443	20.278	-2.285	1.058	898.805
56.501	119.232	80.017	19.979	100.441	20.274	-1.662	1.054	898.804
57.001	119.748	80.016	19.978	100.434	20.280	-2.323	1.034	898.824
57.501	120.318	80.014	19.979	100.430	20.274	-1.706	1.085	898.794
58.002	120.827	80.014	19.978	100.428	20.281	-2.367	1.079	898.808
58.502	121.362	80.016	19.979	100.427	20.284	-2.573	1.045	898.846
59.001	121.912	80.017	19.980	100.428	20.281	-2.273	1.085	898.817
59.501	122.446	80.019	19.979	100.435	20.275	-1.630	1.084	898.808
60.001	122.934	80.020	19.979	100.439	20.285	-2.566	1.023	898.798
60.501	123.466	80.020	19.979	100.448	20.281	-2.147	1.020	898.819
61.001	124.027	80.018	19.979	100.453	20.280	-2.045	1.093	898.801
61.501	124.545	80.016	19.980	100.450	20.285	-2.480	1.079	898.799
62.001	125.057	80.017	19.980	100.441	20.283	-2.230	1.030	898.810
62.501	125.610	80.020	19.979	100.440	20.280	-1.680	1.064	898.811
63.001	126.157	80.018	19.979	100.434	20.284	-2.154	1.100	898.798
63.501	126.675	80.019	19.980	100.429	20.288	-2.722	1.066	898.796
64.001	127.223	80.018	19.980	100.430	20.284	-2.286	1.066	898.772
64.501	127.719	80.017	19.980	100.432	20.289	-2.854	1.044	898.770
65.001	128.263	80.016	19.981	100.426	20.288	-2.858	1.039	898.779
65.502	128.787	80.018	19.980	100.419	20.287	-2.757	1.067	898.809
66.002	129.290	80.017	19.980	100.416	20.287	-2.550	1.026	898.808
66.502	129.867	80.016	19.979	100.416	20.284	-2.097	1.080	898.786
67.002	130.372	80.015	19.979	100.416	20.286	-2.085	1.083	898.767
67.502	130.888	80.017	19.979	100.414	20.285	-1.948	1.021	898.805
68.001	131.455	80.016	19.979	100.412	20.288	-2.109	1.083	898.789
68.501	131.957	80.016	19.980	100.411	20.289	-2.289	1.068	898.801
69.001	132.467	80.014	19.979	100.408	20.289	-2.331	1.011	898.809
69.501	133.020	80.013	19.978	100.401	20.292	-2.782	1.063	898.776
70.002	133.565	80.015	19.980	100.395	20.294	-3.009	1.098	898.782
70.502	134.069	80.019	19.980	100.396	20.291	-2.661	1.049	898.782
71.001	134.641	80.016	19.981	100.399	20.292	-2.763	1.076	898.816
71.501	135.158	80.017	19.981	100.403	20.294	-2.851	1.088	898.816
72.002	135.685	80.016	19.980	100.409	20.299	-3.387	1.042	898.825
72.502	136.152	80.014	19.980	100.415	20.295	-2.868	0.995	898.805
73.002	136.712	80.017	19.980	100.413	20.292	-2.622	1.028	898.811
73.501	137.232	80.015	19.980	100.397	20.296	-2.941	1.080	898.787
74.001	137.766	80.014	19.981	100.386	20.292	-2.632	1.055	898.792
74.501	138.285	80.015	19.980	100.378	20.297	-3.241	1.052	898.814
75.002	138.832	80.014	19.980	100.375	20.295	-3.086	1.065	898.789
75.502	139.336	80.015	19.981	100.374	20.295	-3.015	1.052	898.820
76.001	139.872	80.018	19.981	100.381	20.293	-2.816	1.041	898.783
76.501	140.379	80.018	19.981	100.385	20.295	-2.983	1.043	898.816
77.001	140.894	80.017	19.979	100.387	20.293	-2.707	1.022	898.823
77.501	141.420	80.014	19.979	100.383	20.294	-2.633	1.040	898.810
78.002	141.956	80.013	19.979	100.386	20.295	-2.720	1.062	898.816
78.501	142.501	80.016	19.980	100.382	20.293	-2.506	1.082	898.825
79.001	142.965	80.015	19.979	100.378	20.289	-1.990	1.008	898.809
79.501	143.516	80.016	19.979	100.378	20.289	-2.129	1.015	898.849
80.002	144.037	80.017	19.979	100.375	20.289	-2.228	1.072	898.823
80.501	144.563	80.014	19.978	100.372	20.292	-2.698	1.046	898.837
81.002	145.108	80.016	19.979	100.373	20.294	-3.009	1.070	898.814
81.502	145.603	80.017	19.979	100.379	20.287	-2.368	1.040	898.810
82.002	146.118	80.016	19.978	100.380	20.291	-2.798	1.011	898.803
82.502	146.635	80.017	19.978	100.386	20.293	-2.890	1.032	898.830
83.002	147.164	80.015	19.977	100.384	20.291	-2.536	1.046	898.776
83.502	147.684	80.018	19.978	100.382	20.292	-2.492	1.049	898.850
84.002	148.218	80.018	19.979	100.377	20.295	-2.759	1.054	898.816
84.502	148.678	80.015	19.978	100.372	20.299	-3.089	0.994	898.849
85.002	149.241	80.015	19.979	100.366	20.294	-2.542	1.023	898.814
85.502	149.714	80.016	19.979	100.365	20.298	-2.914	1.036	898.811
86.001	150.246	80.015	19.979	100.364	20.299	-3.009	1.005	898.806
86.501	150.772	80.018	19.980	100.363	20.295	-2.503	1.058	898.868
87.001	151.261	80.019	19.981	100.368	20.294	-2.321	1.016	898.820
87.501	151.798	80.019	19.980	100.376	20.294	-2.299	1.025	898.791
88.002	152.302	80.018	19.979	100.383	20.293	-2.127	1.040	898.874
88.502	152.844	80.016	19.978	100.389	20.298	-2.583	1.045	898.727
89.002	153.342	80.017	19.978	100.395	20.298	-2.578	1.041	898.805
89.501	153.877	80.018	19.979	100.392	20.300	-2.861	1.034	898.815
90.001	154.382	80.015	19.978	100.384	20.301	-2.846	1.039	898.731
90.502	154.881	80.014	19.978	100.378	20.300	-2.789	1.003	898.808
91.002	155.395	80.016	19.979	100.370	20.297	-2.397	1.014	898.845
91.502	155.944	80.014	19.978	100.365	20.296	-2.199	1.064	898.909
92.001	156.443	80.017	19.979	100.364	20.298	-2.381	1.048	898.928
92.501	156.953	80.018	19.979	100.365	20.300	-2.558	1.008	898.811
93.002	157.459	80.016	19.979	100.362	20.298	-2.359	1.015	898.881
93.502	158.021	80.016	19.979	100.363	20.296	-2.179	1.067	898.821
94.003	158.478	80.015	19.978	100.356	20.300	-2.643	1.018	898.835
94.502	159.030	80.017	19.979	100.353	20.318	-4.626	1.010	898.813
95.002	159.527	80.016	19.979	100.349	20.304	-3.250	1.050	898.843
95.501	160.068	80.014	19.979	100.346	20.299	-2.683	1.039	898.831
96.001	160.575	80.016	19.979	100.343	20.302	-3.012	1.048	898.858
96.501	161.087	80.015	19.980	100.347	20.300	-2.776	1.019	898.854
97.001	161.594	80.015	19.978	100.345	20.300	-2.793	1.019	898.849
97.501	162.101	80.017	19.979	100.343	20.304	-3.193	1.014	898.851
98.001	162.628	80.016	19.979	100.343	20.302	-2.961	1.034	898.877
98.502	163.137	80.014	19.980	100.341	20.301	-2.764	1.036	898.854
99.002	163.659	80.013	19.979	100.335	20.301	-2.714	1.032	898.845
99.501	164.134	80.015	19.978	100.333	20.299	-2.431	0.997	898.849
100.002	164.641	80.015	19.978	100.333	20.301	-2.598	0.981	898.897
100.502	165.183	80.013	19.980	100.335	20.299	-2.370	1.049	898.907
101.001	165.668	80.014	19.979	100.336	20.298	-2.404	1.028	898.901
101.501	166.231	80.014	19.978	100.337	20.301	-2.736	1.047	898.859
102.002	166.673	80.014	19.978	100.342	20.301	-2.875	1.004	898.894
102.502	167.212	80.014	19.979	100.346	20.303	-3.230	0.982	898.836
103.001	167.697	80.017	19.979	100.344	20.300	-2.901	1.025	898.850
103.501	168.243	80.016	19.980	100.345	20.300	-2.868	1.031	898.828
104.001	168.772	80.018	19.979	100.346	20.300	-2.760	1.074	898.869
104.501	169.292	80.019	19.980	100.341	20.304	-3.016	1.049	898.846
105.001	169.831	80.017	19.979	100.338	20.305	-2.994	1.059	898.883
105.501	170.300	80.018	19.979	100.339	20.307	-3.202	1.007	898.869
106.002	170.748	80.017	19.979	100.339	20.305	-2.986	0.916	898.879
106.501	171.291	80.017	19.978	100.336	20.302	-2.611	0.992	898.878
107.001	171.822	80.017	19.978	100.333	20.303	-2.615	1.074	898.868
107.501	172.326	80.016	19.978	100.327	20.304	-2.669	1.035	898.854
108.001	172.817	80.018	19.978	100.327	20.301	-2.346	0.995	898.864
108.501	173.320	80.019	19.978	100.334	20.303	-2.555	0.993	898.914
109.001	173.815	80.017	19.979	100.341	20.301	-2.290	0.997	898.878
109.502	174.347	80.016	19.979	100.350	20.305	-2.623	1.026	898.870
110.002	174.878	80.015	19.979	100.355	20.301	-2.207	1.064	898.879
110.502	175.385	80.014	19.979	100.353	20.305	-2.647	1.038	898.866
111.002	175.882	80.016	19.978	100.345	20.306	-2.700	1.004	898.882
111.502	176.415	80.017	19.979	100.339	20.306	-2.643	1.030	898.872
112.002	176.920	80.018	19.980	100.332	20.303	-2.287	1.037	898.882
112.502	177.424	80.017	19.980	100.326	20.307	-2.706	1.009	898.879
113.002	177.949	80.016	19.980	100.322	20.305	-2.523	1.029	898.902
113.502	178.440	80.019	19.978	100.323	20.307	-2.783	1.016	898.886
114.002	178.936	80.019	19.978	100.323	20.305	-2.531	0.988	898.841
114.501	179.448	80.019	19.979	100.319	20.305	-2.533	1.008	898.871
115.001	179.952	80.018	19.978	100.321	20.305	-2.491	1.016	898.876
115.502	180.506	80.017	19.978	100.318	20.305	-2.424	1.058	898.862
116.001	181.032	80.017	19.978	100.312	20.306	-2.392	1.080	898.891
116.502	181.501	80.016	19.978	100.311	20.308	-2.594	0.994	898.854
117.002	182.001	80.015	19.977	100.311	20.308	-2.602	0.968	898.877
117.502	182.545	80.016	19.978	100.311	20.306	-2.511	1.045	898.880
118.002	183.057	80.017	19.977	100.309	20.306	-2.475	1.057	898.901
118.502	183.568	80.017	19.977	100.305	20.307	-2.740	1.023	898.890
119.002	184.035	80.018	19.977	100.301	20.307	-2.810	0.978	898.904
119.502	184.570	80.018	19.977	100.304	20.308	-2.901	1.001	898.861
120.002	185.057	80.018	19.978	100.303	20.304	-2.480	1.022	898.898
120.502	185.605	80.015	19.978	100.305	20.304	-2.478	1.036	898.870
121.001	186.098	80.014	19.977	100.306	20.311	-3.214	1.040	898.891
121.502	186.603	80.016	19.978	100.307	20.312	-3.230	0.998	898.889
122.002	187.084	80.015	19.977	100.303	20.312	-3.203	0.986	898.890
122.502	187.620	80.011	19.979	100.301	20.310	-2.972	1.017	898.836
123.002	188.097	80.014	19.979	100.297	20.313	-3.296	1.014	898.886
123.501	188.645	80.014	19.978	100.294	20.310	-2.894	1.026	898.893
124.001	189.122	80.015	19.979	100.292	20.310	-2.893	1.025	898.888
124.501	189.637	80.017	19.979	100.295	20.309	-2.727	0.992	898.921
125.002	190.153	80.017	19.979	100.296	20.309	-2.770	1.030	898.904
125.502	190.669	80.014	19.980	100.300	20.308	-2.532	1.032	898.892
126.002	191.182	80.015	19.979	100.305	20.306	-2.299	1.030	898.897
126.502	191.668	80.013	19.979	100.308	20.308	-2.511	0.999	898.892
127.002	192.193	80.017	19.978	100.308	20.311	-2.741	1.010	898.881
127.503	192.713	80.015	19.978	100.307	20.311	-2.802	1.045	898.928
128.002	193.173	80.014	19.979	100.308	20.309	-2.747	0.981	898.921
128.502	193.700	80.015	19.978	100.305	20.310	-2.904	0.988	898.903
129.002	194.233	80.014	19.978	100.302	20.312	-2.911	1.060	898.898
129.502	194.718	80.016	19.979	100.299	20.313	-2.970	1.018	898.893
130.002	195.215	80.018	19.980	100.301	20.315	-3.293	0.982	898.902
130.501	195.733	80.016	19.979	100.301	20.313	-2.992	1.015	898.881
131.002	196.272	80.016	19.979	100.299	20.313	-2.828	1.056	898.920
131.502	196.754	80.013	19.979	100.298	20.315	-3.001	1.021	898.922
132.002	197.270	80.014	19.980	100.296	20.316	-3.286	0.997	898.895
132.502	197.779	80.017	19.979	100.291	20.315	-3.170	1.025	898.898
133.002	198.288	80.015	19.979	100.286	20.316	-3.255	1.019	898.898
133.502	198.797	80.014	19.980	100.286	20.314	-3.030	1.019	898.873
134.002	199.335	80.016	19.979	100.287	20.314	-3.015	1.047	898.901
134.502	199.833	80.017	19.978	100.285	20.315	-3.157	1.035	898.939
135.002	200.310	80.018	19.979	100.287	20.317	-3.342	0.973	898.932
135.503	200.841	80.019	19.979	100.295	20.320	-3.576	1.008	898.911
136.002	201.310	80.016	19.978	100.296	20.316	-3.134	1.001	898.932
136.502	201.847	80.014	19.979	100.289	20.319	-3.350	1.006	898.895
137.002	202.360	80.012	19.980	100.287	20.315	-2.942	1.050	898.939
137.502	202.848	80.013	19.979	100.284	20.314	-2.697	1.001	898.951
138.002	203.365	80.015	19.978	100.278	20.317	-2.981	1.005	898.934
138.502	203.867	80.015	19.978	100.275	20.316	-2.945	1.019	898.942
139.002	204.391	80.015	19.979	100.281	20.319	-3.273	1.026	898.912
139.502	204.907	80.017	19.980	100.285	20.315	-2.865	1.040	898.922
140.002	205.400	80.017	19.979	100.286	20.318	-3.159	1.009	898.915
140.502	205.929	80.018	19.980	100.283	20.318	-3.070	1.023	898.943
141.002	206.420	80.019	19.980	100.282	20.318	-2.856	1.020	898.926
141.502	206.904	80.018	19.979	100.279	20.320	-2.998	0.974	898.932
142.002	207.438	80.017	19.980	100.281	20.323	-3.184	1.019	898.939
142.502	207.911	80.015	19.981	100.281	20.319	-2.766	1.008	898.923
143.002	208.451	80.016	19.980	100.279	20.320	-2.930	1.012	898.951
143.502	208.983	80.015	19.980	100.277	20.318	-2.755	1.071	898.958
144.003	209.469	80.013	19.979	100.274	20.320	-3.161	1.017	898.939
144.503	209.982	80.015	19.980	100.266	20.319	-3.057	0.999	898.935
145.002	210.482	80.014	19.980	100.263	20.317	-2.991	1.014	898.961
145.502	211.015	80.014	19.979	100.265	20.319	-3.217	1.033	898.931
146.002	211.498	80.017	19.979	100.269	20.316	-2.909	1.015	898.964
146.502	212.026	80.018	19.979	100.273	20.320	-3.124	1.012	898.941
147.002	212.506	80.017	19.979	100.271	20.319	-2.937	1.008	898.932
147.502	213.022	80.015	19.979	100.265	20.320	-3.076	0.995	898.968
148.002	213.519	80.016	19.980	100.259	20.319	-2.881	1.013	898.959
148.502	213.992	80.016	19.979	100.249	20.318	-2.877	0.971	898.962
149.002	214.531	80.015	19.978	100.243	20.315	-2.664	1.011	898.986
149.502	215.038	80.012	19.978	100.242	20.314	-2.623	1.045	899.002
150.003	215.543	80.015	19.977	100.243	20.318	-3.078	1.013	898.960
150.502	216.029	80.015	19.978	100.243	20.315	-2.680	0.992	898.953
151.002	216.553	80.015	19.978	100.254	20.317	-2.971	1.010	898.997
151.502	217.066	80.018	19.978	100.258	20.317	-2.930	1.037	898.993
152.002	217.533	80.018	19.978	100.261	20.318	-2.939	0.980	899.013
152.502	218.077	80.014	19.978	100.265	20.320	-3.080	1.011	899.009
153.002	218.563	80.014	19.979	100.267	20.322	-3.374	1.029	899.011
153.503	219.097	80.012	19.980	100.260	20.324	-3.639	1.019	898.974
154.003	219.574	80.013	19.979	100.254	20.322	-3.439	1.011	898.991
154.503	220.102	80.015	19.979	100.249	20.325	-3.649	1.005	898.998
155.003	220.588	80.014	19.979	100.247	20.325	-3.518	1.015	899.014
155.502	221.085	80.014	19.979	100.248	20.322	-3.230	0.984	898.973
156.002	221.595	80.013	19.979	100.252	20.323	-3.200	1.006	898.991
156.503	222.139	80.014	19.979	100.261	20.323	-3.114	1.053	899.024
157.003	222.638	80.016	19.979	100.266	20.317	-2.370	1.043	899.029
157.503	223.116	80.014	19.980	100.264	20.323	-3.112	0.978	899.024
158.002	223.644	80.015	19.979	100.261	20.322	-3.166	1.006	899.037
158.502	224.170	80.015	19.979	100.259	20.322	-3.115	1.053	899.012
159.003	224.626	80.014	19.979	100.255	20.321	-3.006	0.980	899.012
159.503	225.153	80.017	19.979	100.255	20.322	-3.214	0.983	899.022
160.003	225.654	80.015	19.979	100.254	20.319	-2.890	1.029	899.026
160.502	226.166	80.014	19.978	100.259	20.320	-2.981	1.014	899.033
161.003	226.700	80.015	19.978	100.259	20.322	-3.140	1.046	899.043
161.503	227.184	80.016	19.979	100.259	20.318	-2.762	1.018	899.069
162.003	227.669	80.017	19.978	100.253	20.324	-3.414	0.969	899.052
162.503	228.174	80.017	19.977	100.250	20.322	-3.213	0.990	899.056
163.003	228.705	80.016	19.977	100.244	20.327	-3.773	1.037	899.035
163.502	229.181	80.017	19.978	100.241	20.324	-3.461	1.007	899.063
164.002	229.669	80.014	19.978	100.236	20.325	-3.493	0.963	899.061
164.503	230.193	80.016	19.979	100.237	20.322	-3.101	1.011	899.055
165.003	230.686	80.017	19.979	100.243	20.323	-3.253	1.016	899.081
165.503	231.193	80.016	19.979	100.247	20.326	-3.546	1.000	899.054
166.003	231.678	80.016	19.980	100.244	20.326	-3.560	0.992	899.054
166.504	232.192	80.017	19.979	100.247	20.324	-3.295	1.000	899.058
167.003	232.670	80.015	19.980	100.250	20.324	-3.214	0.993	899.063
167.502	233.181	80.016	19.980	100.249	20.322	-3.022	0.989	899.059
168.002	233.702	80.017	19.979	100.245	20.325	-3.116	1.032	899.068
168.503	234.242	80.017	19.980	100.248	20.325	-3.053	1.061	899.059
169.002	234.714	80.016	19.980	100.248	20.324	-2.905	1.012	899.080
169.503	235.215	80.015	19.979	100.250	20.326	-3.132	0.973	899.064
170.003	235.732	80.015	19.979	100.249	20.326	-3.133	1.019	899.083
170.502	236.203	80.016	19.979	100.250	20.323	-2.784	0.989	899.063
171.002	236.736	80.015	19.979	100.249	20.324	-2.941	1.004	899.070
171.503	237.256	80.016	19.979	100.245	20.323	-2.813	1.052	899.060
172.003	237.757	80.015	19.978	100.240	20.325	-2.906	1.021	899.058
172.503	238.248	80.014	19.979	100.244	20.325	-2.800	0.992	899.084
173.003	238.762	80.017	19.979	100.246	20.327	-3.102	1.004	899.094
173.503	239.237	80.016	19.979	100.247	20.325	-2.814	0.990	899.092
174.003	239.729	80.015	19.980	100.244	20.326	-2.922	0.967	899.102
174.503	240.255	80.012	19.979	100.242	20.323	-2.690	1.017	899.100
175.003	240.735	80.011	19.979	100.235	20.328	-3.192	1.007	899.114
175.502	241.235	80.013	19.979	100.224	20.326	-3.008	0.982	899.096
176.002	241.741	80.014	19.980	100.220	20.330	-3.517	1.006	899.102
176.502	242.250	80.013	19.980	100.224	20.329	-3.386	1.014	899.091
177.003	242.755	80.014	19.980	100.224	20.329	-3.375	1.013	899.091
177.503	243.265	80.012	19.979	100.223	20.330	-3.579	1.015	899.116
178.003	243.776	80.012	19.979	100.226	20.331	-3.673	1.022	899.089
178.503	244.260	80.015	19.980	100.224	20.327	-3.206	0.995	899.118
179.003	244.777	80.013	19.979	100.218	20.324	-2.832	1.001	899.082
179.503	245.241	80.013	19.980	100.215	20.327	-3.064	0.981	899.101
180.003	245.768	80.014	19.980	100.212	20.325	-2.927	0.991	899.086
180.503	246.277	80.013	19.979	100.214	20.326	-2.981	1.036	899.136
181.002	246.778	80.014	19.980	100.216	20.326	-2.946	1.010	899.129
181.503	247.294	80.013	19.980	100.216	20.327	-3.062	1.016	899.136
182.003	247.760	80.012	19.980	100.216	20.323	-2.572	0.983	899.140
182.502	248.276	80.015	19.979	100.219	20.325	-2.777	0.982	899.134
183.003	248.784	80.014	19.979	100.218	20.322	-2.491	1.023	899.143
183.503	249.274	80.015	19.979	100.221	20.325	-2.704	0.999	899.116
184.003	249.780	80.016	19.979	100.224	20.326	-2.856	0.996	899.108
184.503	250.298	80.016	19.979	100.224	20.328	-3.191	1.023	899.140
185.003	250.805	80.018	19.980	100.224	20.329	-3.348	1.025	899.131
185.503	251.294	80.017	19.980	100.224	20.332	-3.705	0.997	899.144
186.003	251.775	80.016	19.980	100.218	20.331	-3.682	0.970	899.136
186.503	252.319	80.017	19.980	100.218	20.333	-3.798	1.026	899.149
187.003	252.813	80.016	19.981	100.217	20.329	-3.379	1.037	899.138
187.503	253.328	80.016	19.981	100.215	20.330	-3.396	1.008	899.159
188.003	253.821	80.017	19.980	100.214	20.332	-3.553	1.008	899.118
188.503	254.335	80.012	19.980	100.213	20.332	-3.449	1.008	899.142
189.003	254.804	80.015	19.981	100.211	20.331	-3.352	0.983	899.132
189.503	255.332	80.017	19.981	100.212	20.332	-3.435	0.996	899.155
190.003	255.826	80.017	19.981	100.212	20.329	-3.058	1.022	899.156
190.503	256.313	80.014	19.980	100.210	20.329	-2.953	0.982	899.140
191.003	256.839	80.013	19.981	100.210	20.329	-2.951	1.013	899.165
191.503	257.352	80.015	19.979	100.212	20.330	-3.091	1.038	899.143
192.003	257.880	80.017	19.981	100.216	20.332	-3.147	1.042	899.177
192.503	258.333	80.012	19.981	100.220	20.331	-3.090	0.981	899.178
193.003	258.810	80.014	19.980	100.225	20.332	-3.270	0.929	899.167
193.504	259.362	80.014	19.979	100.226	20.334	-3.514	1.029	899.178
194.004	259.820	80.014	19.979	100.221	20.334	-3.493	1.012	899.187
194.503	260.340	80.014	19.980	100.217	20.333	-3.359	0.979	899.175
195.002	260.857	80.015	19.980	100.213	20.333	-3.377	1.037	899.171
195.503	261.347	80.012	19.980	100.207	20.332	-3.346	1.006	899.174
196.003	261.856	80.014	19.980	100.207	20.329	-3.047	0.998	899.193
196.503	262.337	80.010	19.979	100.211	20.333	-3.490	0.990	899.211
197.003	262.836	80.012	19.979	100.207	20.330	-3.107	0.981	899.204
197.502	263.345	80.013	19.980	100.202	20.333	-3.505	1.008	899.168
198.002	263.850	80.013	19.980	100.200	20.334	-3.529	1.014	899.207
198.503	264.345	80.016	19.979	100.198	20.331	-3.243	1.001	899.220
199.003	264.850	80.016	19.979	100.197	20.331	-3.199	0.999	899.188
199.503	265.344	80.016	19.979	100.195	20.328	-2.823	0.998	899.211
200.003	265.848	80.016	19.979	100.196	20.330	-3.130	0.997	899.190
200.504	266.348	80.017	19.979	100.197	20.332	-3.292	1.005	899.212
201.003	266.863	80.017	19.978	100.199	20.334	-3.550	1.017	899.220
201.503	267.343	80.014	19.980	100.197	20.331	-3.327	0.995	899.223
202.003	267.860	80.011	19.981	100.200	20.337	-4.069	0.995	899.209
202.504	268.349	80.013	19.980	100.203	20.337	-4.078	1.006	899.210
203.003	268.856	80.014	19.981	100.203	20.337	-4.022	0.997	899.198
203.503	269.369	80.014	19.981	100.203	20.335	-3.732	1.021	899.204
204.003	269.896	80.015	19.981	100.202	20.335	-3.733	1.040	899.239
204.503	270.356	80.014	19.981	100.202	20.333	-3.344	0.986	899.255
205.003	270.873	80.014	19.980	100.202	20.334	-3.235	0.977	899.243
205.503	271.352	80.017	19.980	100.203	20.332	-3.089	0.996	899.260
206.003	271.856	80.016	19.981	100.201	20.334	-3.383	0.983	899.237
206.503	272.381	80.016	19.980	100.202	20.334	-3.439	1.030	899.238
207.003	272.865	80.014	19.979	100.200	20.335	-3.530	1.009	899.260
207.503	273.365	80.015	19.980	100.200	20.334	-3.625	0.983	899.255
208.003	273.851	80.016	19.980	100.200	20.336	-3.937	0.986	899.222
208.503	274.375	80.015	19.981	100.202	20.337	-3.985	1.011	899.242
209.003	274.857	80.014	19.982	100.206	20.336	-3.754	1.006	899.252
209.503	275.377	80.015	19.981	100.213	20.337	-3.900	1.002	899.284
210.003	275.867	80.013	19.981	100.213	20.336	-3.859	1.010	899.252
210.503	276.345	80.014	19.980	100.209	20.337	-3.893	0.967	899.238
211.003	276.856	80.015	19.979	100.207	20.333	-3.432	0.989	899.264
211.503	277.375	80.014	19.980	100.203	20.333	-3.323	1.029	899.255
212.003	277.886	80.014	19.979	100.190	20.337	-3.774	1.030	899.264
212.503	278.349	80.014	19.980	100.185	20.336	-3.720	0.975	899.262
213.003	278.863	80.013	19.980	100.189	20.332	-3.335	0.977	899.289
213.503	279.377	80.017	19.979	100.194	20.332	-3.329	1.027	899.286
214.003	279.833	80.014	19.979	100.194	20.335	-3.790	0.969	899.254
214.504	280.377	80.015	19.980	100.202	20.335	-3.877	1.000	899.283
215.003	280.835	80.016	19.980	100.211	20.337	-3.988	1.004	899.278
215.503	281.351	80.014	19.980	100.210	20.337	-3.896	0.974	899.277
216.003	281.860	80.013	19.979	100.205	20.340	-4.228	1.024	899.317
216.503	282.365	80.015	19.979	100.205	20.340	-4.142	1.013	899.246
217.003	282.833	80.015	19.981	100.204	20.338	-3.948	0.973	899.287
217.503	283.367	80.014	19.981	100.200	20.339	-4.047	1.002	899.274
218.003	283.858	80.013	19.981	100.201	20.337	-3.822	1.026	899.311
218.503	284.356	80.012	19.980	100.201	20.340	-4.251	0.989	899.287
219.003	284.864	80.014	19.980	100.198	20.338	-4.073	1.007	899.284
219.503	285.364	80.012	19.979	100.199	20.335	-3.653	1.008	899.294
220.003	285.897	80.013	19.981	100.201	20.337	-3.806	1.033	899.312
220.503	286.379	80.013	19.981	100.202	20.339	-3.931	1.015	899.317
221.003	286.886	80.013	19.981	100.205	20.340	-3.875	0.988	899.309
221.503	287.381	80.015	19.980	100.212	20.337	-3.455	1.002	899.319
222.003	287.875	80.016	19.979	100.214	20.336	-3.343	0.989	899.328
222.503	288.351	80.014	19.980	100.210	20.338	-3.532	0.970	899.338
223.003	288.858	80.013	19.980	100.203	20.336	-3.336	0.983	899.317
223.503	289.374	80.013	19.979	100.202	20.336	-3.309	1.022	899.344
224.004	289.874	80.016	19.980	100.198	20.337	-3.401	1.016	899.328
224.503	290.367	80.016	19.981	100.196	20.341	-3.892	0.994	899.313
225.003	290.881	80.016	19.980	100.199	20.340	-3.778	1.007	899.326
225.503	291.397	80.016	19.981	100.206	20.339	-3.678	1.030	899.335
226.003	291.874	80.016	19.981	100.206	20.339	-3.681	0.993	899.323
226.503	292.381	80.015	19.980	100.206	20.340	-3.874	0.984	899.325
227.003	292.889	80.017	19.980	100.201	20.340	-3.832	1.016	899.344
227.503	293.349	80.017	19.979	100.194	20.334	-3.263	0.968	899.345
228.003	293.910	80.017	19.980	100.188	20.338	-3.604	1.019	899.346
228.504	294.388	80.014	19.980	100.183	20.339	-3.705	1.040	899.345
229.003	294.879	80.013	19.979	100.181	20.341	-3.977	0.971	899.369
229.503	295.382	80.012	19.980	100.181	20.339	-3.628	0.994	899.343
230.003	295.849	80.013	19.979	100.183	20.337	-3.443	0.970	899.329
230.503	296.378	80.011	19.979	100.183	20.340	-3.698	0.995	899.348
231.004	296.867	80.013	19.980	100.180	20.336	-3.359	1.017	899.351
231.504	297.351	80.013	19.979	100.179	20.338	-3.528	0.973	899.352
232.004	297.858	80.014	19.979	100.181	20.337	-3.345	0.992	899.311
232.503	298.373	80.016	19.979	100.184	20.334	-3.156	1.023	899.344
233.003	298.892	80.016	19.978	100.184	20.339	-3.685	1.035	899.342
233.503	299.394	80.014	19.979	100.184	20.338	-3.551	1.021	899.334
234.003	299.888	80.013	19.978	100.187	20.336	-3.218	0.995	899.370
234.503	300.396	80.015	19.978	100.185	20.336	-3.148	1.002	899.382
235.003	300.892	80.017	19.979	100.184	20.338	-3.384	1.004	899.384
235.503	301.404	80.016	19.979	100.183	20.338	-3.291	1.007	899.364
236.003	301.914	80.014	19.979	100.185	20.337	-3.250	1.022	899.379
236.503	302.415	80.017	19.980	100.183	20.336	-3.224	1.011	899.395
237.003	302.908	80.016	19.980	100.179	20.338	-3.518	0.994	899.366
237.504	303.404	80.017	19.980	100.177	20.335	-3.209	0.988	899.365
238.004	303.887	80.019	19.979	100.178	20.338	-3.578	0.979	899.369
238.503	304.411	80.018	19.978	100.180	20.333	-3.098	1.008	899.384
239.003	304.908	80.019	19.978	100.178	20.337	-3.579	1.020	899.383
239.504	305.393	80.017	19.978	100.181	20.337	-3.433	0.982	899.371
240.004	305.884	80.016	19.978	100.184	20.335	-3.207	0.977	899.435
240.504	306.391	80.017	19.979	100.183	20.339	-3.514	0.998	899.383
241.003	306.889	80.015	19.980	100.177	20.338	-3.319	1.006	899.399
241.503	307.411	80.016	19.979	100.174	20.336	-3.183	1.020	899.409
242.004	307.896	80.017	19.980	100.170	20.339	-3.512	1.006	899.406
242.504	308.345	80.015	19.980	100.167	20.339	-3.528	0.935	899.423
243.004	308.878	80.016	19.980	100.167	20.339	-3.655	0.983	899.410
243.503	309.385	80.017	19.979	100.173	20.339	-3.736	1.039	899.398
244.003	309.881	80.016	19.980	100.179	20.339	-3.842	1.002	899.399
244.504	310.378	80.015	19.980	100.184	20.340	-3.904	0.993	899.395
245.004	310.884	80.015	19.981	100.185	20.339	-3.734	1.003	899.422
245.504	311.373	80.015	19.980	100.184	20.337	-3.302	0.995	899.429
246.003	311.873	80.017	19.980	100.186	20.337	-3.199	0.990	899.429
246.504	312.407	80.016	19.979	100.185	20.338	-3.230	1.034	899.415
247.004	312.861	80.014	19.979	100.183	20.337	-3.206	0.988	899.397
247.504	313.364	80.013	19.980	100.180	20.336	-3.071	0.957	899.421
248.003	313.866	80.012	19.980	100.175	20.338	-3.339	1.005	899.409
248.504	314.357	80.016	19.980	100.166	20.338	-3.466	0.993	899.421
249.004	314.882	80.017	19.980	100.168	20.333	-2.987	1.016	899.413
249.503	315.395	80.016	19.979	100.173	20.335	-3.172	1.038	899.405
250.004	315.862	80.016	19.979	100.179	20.335	-3.194	0.980	899.433
250.504	316.370	80.016	19.979	100.187	20.337	-3.332	0.975	899.418
251.004	316.881	80.017	19.979	100.192	20.338	-3.459	1.019	899.421
251.504	317.377	80.018	19.979	100.188	20.338	-3.484	1.007	899.435
252.003	317.856	80.017	19.980	100.186	20.335	-3.331	0.975	899.433
252.503	318.385	80.016	19.979	100.182	20.338	-3.515	1.008	899.446
253.003	318.864	80.017	19.979	100.170	20.338	-3.463	1.008	899.445
253.503	319.383	80.016	19.980	100.165	20.334	-3.061	0.999	899.480
254.003	319.879	80.018	19.980	100.166	20.337	-3.242	1.014	899.414
254.503	320.369	80.020	19.979	100.166	20.339	-3.404	0.986	899.432
255.003	320.868	80.018	19.979	100.170	20.339	-3.431	0.989	899.436
255.503	321.371	80.017	19.978	100.179	20.339	-3.477	1.001	899.441
256.004	321.859	80.017	19.979	100.181	20.340	-3.459	0.991	899.468
256.503	322.360	80.016	19.979	100.177	20.339	-3.356	0.990	899.480
257.004	322.851	80.015	19.979	100.177	20.337	-3.086	0.990	899.446
257.505	323.364	80.015	19.980	100.176	20.338	-3.117	1.003	899.465
258.004	323.862	80.016	19.979	100.175	20.337	-2.970	1.012	899.487
258.504	324.373	80.017	19.980	100.178	20.341	-3.313	1.008	899.485
259.005	324.862	80.016	19.980	100.182	20.341	-3.421	0.999	899.457
259.504	325.348	80.016	19.979	100.183	20.339	-3.133	0.976	899.460
260.003	325.838	80.016	19.979	100.180	20.341	-3.393	0.977	899.479
260.504	326.359	80.015	19.980	100.178	20.339	-3.276	1.011	899.468
261.004	326.880	80.015	19.979	100.174	20.338	-3.298	1.041	899.501
261.504	327.381	80.014	19.980	100.170	20.336	-3.084	1.022	899.505
262.004	327.874	80.016	19.979	100.167	20.340	-3.454	0.995	899.504
262.503	328.422	80.014	19.979	100.170	20.341	-3.498	1.042	899.534
263.004	328.895	80.012	19.980	100.170	20.340	-3.334	1.021	899.518
263.504	329.369	80.016	19.980	100.166	20.340	-3.167	0.946	899.524
264.004	329.879	80.015	19.980	100.165	20.338	-2.927	0.984	899.518
264.504	330.418	80.015	19.981	100.162	20.342	-3.274	1.049	899.521
265.004	330.882	80.017	19.980	100.157	20.344	-3.552	1.003	899.521
265.504	331.416	80.016	19.980	100.152	20.342	-3.405	0.998	899.570
266.004	331.928	80.014	19.980	100.155	20.338	-3.128	1.046	899.553
266.504	332.383	80.014	19.978	100.158	20.339	-3.190	0.967	899.577
267.004	332.912	80.014	19.979	100.157	20.343	-3.606	0.984	899.574
267.504	333.380	80.016	19.979	100.160	20.340	-3.191	0.997	899.546
268.004	333.864	80.018	19.979	100.167	20.341	-3.350	0.953	899.546
268.504	334.387	80.014	19.980	100.169	20.339	-3.164	1.007	899.535
269.004	334.896	80.015	19.979	100.167	20.338	-2.972	1.032	899.566
269.504	335.386	80.014	19.980	100.167	20.338	-3.042	0.999	899.578
270.004	335.876	80.013	19.981	100.162	20.342	-3.436	0.981	899.560
270.503	336.350	80.015	19.980	100.153	20.342	-3.501	0.964	899.551
271.004	336.883	80.014	19.979	100.148	20.343	-3.554	1.006	899.549
271.504	337.362	80.013	19.979	100.146	20.342	-3.455	1.012	899.572
272.004	337.871	80.011	19.979	100.146	20.341	-3.511	0.987	899.584
272.505	338.360	80.010	19.980	100.151	20.337	-3.125	0.998	899.588
273.004	338.893	80.013	19.980	100.158	20.338	-3.107	1.024	899.600
273.503	339.349	80.014	19.978	100.161	20.338	-3.007	0.990	899.576
274.003	339.871	80.015	19.979	100.157	20.337	-2.877	0.977	899.575
274.504	340.369	80.016	19.978	100.156	20.342	-3.392	1.019	899.576
275.004	340.873	80.015	19.978	100.153	20.338	-2.902	1.002	899.568
275.504	341.373	80.015	19.979	100.153	20.338	-2.800	1.005	899.581
276.004	341.896	80.016	19.979	100.153	20.337	-2.838	1.022	899.575
276.504	342.373	80.014	19.979	100.154	20.338	-3.082	1.000	899.593
277.004	342.886	80.012	19.979	100.154	20.338	-3.132	0.991	899.601
277.504	343.370	80.012	19.978	100.157	20.340	-3.291	0.997	899.585
278.004	343.879	80.013	19.979	100.155	20.339	-3.216	0.992	899.617
278.504	344.394	80.013	19.979	100.156	20.339	-3.299	1.024	899.594
279.004	344.896	80.012	19.979	100.160	20.339	-3.193	1.017	899.601
279.504	345.358	80.013	19.980	100.164	20.337	-2.939	0.964	899.647
280.004	345.895	80.013	19.979	100.165	20.339	-3.193	0.999	899.628
280.504	346.357	80.011	19.980	100.160	20.337	-3.018	0.998	899.651
281.005	346.878	80.014	19.981	100.154	20.338	-3.174	0.983	899.612
281.504	347.384	80.014	19.980	100.153	20.336	-3.018	1.027	899.648
282.004	347.915	80.013	19.980	100.147	20.336	-3.096	1.038	899.663
282.504	348.420	80.013	19.980	100.143	20.336	-3.007	1.037	899.626
283.004	348.912	80.014	19.981	100.146	20.337	-2.978	0.996	899.674
283.504	349.401	80.013	19.981	100.154	20.337	-2.936	0.981	899.648
284.004	349.883	80.015	19.981	100.161	20.342	-3.455	0.971	899.658
284.504	350.373	80.013	19.980	100.164	20.335	-2.625	0.972	899.635
285.005	350.872	80.014	19.981	100.163	20.332	-2.395	0.989	899.672
285.504	351.382	80.014	19.981	100.161	20.337	-2.794	1.009	899.660
286.004	351.903	80.012	19.980	100.158	20.333	-2.386	1.031	899.668
286.504	352.408	80.016	19.980	100.152	20.333	-2.434	1.027	899.664
287.004	352.861	80.016	19.979	100.152	20.333	-2.467	0.959	899.652
287.504	353.349	80.014	19.980	100.159	20.332	-2.338	0.941	899.650
288.004	353.879	80.014	19.979	100.164	20.332	-2.172	1.017	899.671
288.504	354.395	80.013	19.979	100.165	20.328	-1.843	1.046	899.691
289.004	354.858	80.015	19.979	100.169	20.332	-2.317	0.979	899.674
289.504	355.389	80.015	19.979	100.168	20.330	-2.024	0.995	899.688
290.004	355.867	80.014	19.979	100.162	20.334	-2.390	1.009	899.706
290.504	356.361	80.015	19.980	100.156	20.329	-1.894	0.971	899.682
291.004	356.858	80.015	19.979	100.156	20.329	-1.942	0.991	899.683
291.504	357.365	80.014	19.979	100.151	20.329	-1.819	1.004	899.676
292.004	357.861	80.017	19.979	100.152	20.330	-1.853	1.004	899.685
292.504	358.387	80.017	19.980	100.157	20.329	-1.751	1.023	899.723
293.004	358.908	80.015	19.979	100.153	20.327	-1.655	1.047	899.735
293.504	359.381	80.015	19.979	100.150	20.326	-1.459	0.994	899.701
294.004	359.846	80.014	19.978	100.154	20.327	-1.629	0.938	899.694
294.504	360.358	80.013	19.978	100.152	20.326	-1.595	0.976	899.724
295.004	360.856	80.016	19.979	100.148	20.322	-1.127	1.010	899.718
295.504	361.361	80.011	19.978	100.150	20.325	-1.385	1.003	899.715
296.004	361.844	80.013	19.979	100.149	20.325	-1.329	0.988	899.699
296.504	362.372	80.013	19.979	100.150	20.322	-1.045	1.010	899.741
297.004	362.867	80.013	19.979	100.148	20.324	-1.227	1.022	899.718
297.504	363.364	80.014	19.980	100.145	20.323	-1.067	0.992	899.734
298.004	363.865	80.014	19.981	100.149	20.322	-0.925	0.999	899.697
298.504	364.354	80.014	19.980	100.148	20.322	-0.941	0.990	899.718
299.004	364.875	80.016	19.980	100.137	20.320	-0.828	1.010	899.751
299.504	365.387	80.017	19.979	100.141	20.319	-0.651	1.033	899.752
300.004	365.916	80.017	19.980	100.143	20.321	-0.853	1.039	899.777
300.505	366.355	80.016	19.980	100.144	20.319	-0.674	0.967	899.740
301.005	366.894	80.015	19.980	100.143	20.314	-0.214	0.979	899.747
301.504	367.389	80.018	19.979	100.148	20.313	-0.066	1.035	899.782
302.004	367.903	80.018	19.980	100.143	20.315	-0.285	1.009	899.772
302.504	368.417	80.018	19.978	100.145	20.313	-0.058	1.028	899.757
303.004	368.875	80.018	19.979	100.142	20.315	-0.224	0.972	899.757
303.504	369.398	80.016	19.980	100.143	20.311	0.257	0.980	899.754
304.005	369.884	80.016	19.979	100.143	20.310	0.439	1.009	899.760
304.504	370.379	80.015	19.979	100.143	20.306	0.822	0.982	899.763
305.004	370.900	80.016	19.979	100.139	20.306	0.765	1.015	899.769
305.504	371.360	80.018	19.979	100.139	20.304	0.820	0.981	899.738
306.004	371.861	80.017	19.980	100.139	20.306	0.596	0.962	899.753
306.504	372.368	80.018	19.978	100.139	20.300	1.209	1.008	899.785
307.004	372.875	80.019	19.979	100.139	20.300	1.284	1.013	899.762
307.505	373.411	80.017	19.979	100.140	20.298	1.545	1.042	899.790
308.005	373.868	80.020	19.979	100.139	20.296	1.796	0.994	899.779
308.504	374.382	80.020	19.979	100.143	20.298	1.619	0.972	899.785
309.004	374.868	80.018	19.980	100.143	20.298	1.587	0.999	899.765
309.505	375.353	80.015	19.980	100.143	20.292	2.318	0.970	899.822
310.005	375.864	80.016	19.979	100.140	20.288	2.758	0.997	899.794
310.505	376.382	80.018	19.979	100.138	20.286	2.920	1.030	899.796
311.005	376.846	80.018	19.979	100.135	20.283	3.247	0.982	899.800
311.504	377.360	80.016	19.979	100.134	20.281	3.431	0.979	899.819
312.004	377.867	80.018	19.978	100.135	20.278	3.816	1.021	899.811
312.504	378.371	80.017	19.979	100.141	20.276	3.923	1.011	899.798
313.004	378.871	80.016	19.979	100.147	20.276	3.953	1.004	899.823
313.504	379.358	80.019	19.979	100.146	20.274	4.208	0.987	899.820
314.004	379.867	80.020	19.980	100.149	20.268	4.810	0.995	899.840
314.504	380.352	80.019	19.981	100.146	20.265	5.141	0.994	899.810
315.005	380.850	80.017	19.979	100.141	20.264	5.306	0.984	899.838
315.504	381.335	80.016	19.979	100.137	20.258	6.049	0.983	899.795
316.005	381.853	80.017	19.979	100.140	20.256	6.287	1.001	899.817
316.505	382.364	80.017	19.979	100.138	20.250	6.901	1.028	899.837
317.005	382.840	80.013	19.980	100.138	20.245	7.381	0.988	899.815
317.504	383.374	80.015	19.979	100.139	20.240	7.959	1.010	899.858
318.004	383.837	80.017	19.979	100.140	20.233	8.636	0.997	899.811
318.504	384.328	80.016	19.980	100.136	20.228	8.993	0.954	899.841
319.004	384.874	80.016	19.979	100.139	20.224	9.414	1.037	899.851
319.504	385.365	80.015	19.979	100.140	20.216	10.270	1.036	899.858
320.005	385.866	80.015	19.981	100.142	20.212	10.671	0.991	899.853
320.505	386.370	80.012	19.980	100.140	20.206	11.298	1.005	899.852
321.005	386.868	80.014	19.980	100.140	20.197	12.177	1.002	899.861
321.505	387.365	80.014	19.979	100.135	20.189	13.066	0.996	899.862
322.005	387.873	80.014	19.979	100.137	20.183	13.738	1.005	899.867
322.505	388.382	80.013	19.980	100.136	20.174	14.643	1.016	899.873
323.006	388.887	80.014	19.979	100.132	20.162	15.878	1.013	899.891
323.505	389.349	80.015	19.979	100.131	20.152	16.930	0.968	899.880
324.005	389.855	80.013	19.980	100.133	20.139	18.235	0.969	899.862
324.505	390.365	80.018	19.979	100.132	20.126	19.669	1.016	899.894
325.004	390.867	80.018	19.979	100.134	20.111	21.282	1.012	899.874
325.504	391.365	80.018	19.980	100.140	20.098	22.669	1.000	899.902
326.005	391.864	80.018	19.980	100.146	20.084	24.183	0.996	899.907
326.505	392.383	80.017	19.980	100.148	20.065	26.237	1.018	899.876
327.004	392.876	80.018	19.979	100.149	20.047	28.178	1.012	899.909
327.504	393.365	80.015	19.979	100.149	20.032	29.733	0.982	899.894
328.004	393.860	80.016	19.980	100.148	20.008	32.385	0.984	899.921
328.504	394.386	80.019	19.979	100.150	19.984	35.042	1.020	899.906
329.004	394.885	80.017	19.979	100.150	19.958	37.796	1.025	899.912
329.504	395.368	80.019	19.980	100.151	19.930	40.922	0.982	899.920
330.004	395.897	80.021	19.980	100.154	19.896	44.786	1.012	899.915
330.504	396.380	80.018	19.980	100.156	19.859	49.008	1.012	899.931
331.004	396.879	80.018	19.980	100.157	19.817	53.725	0.983	899.910
331.504	397.355	80.018	19.981	100.159	19.777	58.240	0.975	899.935
332.004	397.874	80.016	19.980	100.160	19.730	63.501	0.994	899.946
332.505	398.390	80.020	19.980	100.162	19.690	68.064	1.034	899.939
333.005	398.890	80.017	19.979	100.163	19.644	73.191	1.016	899.945
333.505	399.369	80.016	19.980	100.157	19.605	77.541	0.979	899.931
334.005	399.897	80.018	19.980	100.156	19.574	81.088	1.007	899.962
334.505	400.370	80.016	19.978	100.159	19.548	84.209	1.001	899.950
335.005	400.860	80.018	19.980	100.157	19.523	87.068	0.963	899.954
335.505	401.363	80.018	19.979	100.157	19.501	89.686	0.992	899.929
336.005	401.877	80.017	19.979	100.158	19.479	92.189	1.017	899.984
336.505	402.357	80.017	19.980	100.152	19.451	95.214	0.995	899.972
337.005	402.845	80.016	19.980	100.142	19.427	97.855	0.969	899.959
337.504	403.372	80.016	19.979	100.132	19.399	100.782	1.015	899.974
338.004	403.861	80.018	19.979	100.118	19.370	103.861	1.016	899.935
338.505	404.349	80.016	19.979	100.107	19.342	106.693	0.976	899.976
339.006	404.865	80.016	19.979	100.096	19.312	109.838	1.003	899.968
339.506	405.354	80.017	19.979	100.084	19.287	112.510	1.006	899.977
340.005	405.870	80.016	19.979	100.072	19.273	114.056	1.006	899.964
340.505	406.358	80.016	19.980	100.060	19.275	113.734	1.004	899.998
341.005	406.850	80.018	19.980	100.047	19.289	111.880	0.980	899.974
341.505	407.375	80.017	19.979	100.033	19.307	109.503	1.017	899.979
342.005	407.862	80.016	19.980	100.020	19.316	108.039	1.012	899.957
342.505	408.351	80.014	19.980	100.009	19.311	107.945	0.976	899.941
343.005	408.867	80.014	19.980	99.999	19.288	109.730	1.005	899.991
343.505	409.379	80.015	19.980	99.991	19.239	114.530	1.029	900.022
344.004	409.863	80.013	19.979	99.987	19.168	121.967	0.995	899.992
344.505	410.359	80.015	19.980	99.990	19.086	130.890	0.980	899.980
345.005	410.858	80.014	19.980	99.993	19.018	138.538	0.996	900.011
345.505	411.358	80.013	19.979	99.996	18.966	144.373	0.998	899.989
346.005	411.856	80.017	19.980	100.001	18.923	149.320	0.998	900.006
346.505	412.398	80.016	19.980	100.004	18.879	154.021	1.040	900.003
347.005	412.862	80.015	19.980	100.000	18.810	161.222	1.005	900.030
347.506	413.373	80.014	19.980	100.000	18.720	170.545	0.974	900.015
348.006	413.869	80.013	19.981	100.010	18.617	181.339	1.007	900.048
348.506	414.358	80.012	19.980	100.026	18.512	192.680	0.986	900.007
349.005	414.868	80.014	19.980	100.054	18.426	202.062	1.000	900.025
349.505	415.377	80.011	19.979	100.092	18.374	207.873	1.019	900.042
350.005	415.838	80.012	19.979	100.131	18.340	211.937	0.970	900.023
350.505	416.357	80.014	19.979	100.161	18.319	214.637	0.980	900.017
351.006	416.837	80.013	19.978	100.179	18.292	217.440	0.998	900.001
351.506	417.333	80.017	19.979	100.178	18.240	222.566	0.976	900.035
352.005	417.840	80.018	19.979	100.161	18.151	231.377	1.004	900.024
352.505	418.327	80.016	19.979	100.134	18.015	245.456	0.994	900.033
353.005	418.837	80.015	19.980	100.112	17.855	262.584	0.996	900.040
353.505	419.330	80.015	19.980	100.096	17.702	279.377	1.003	900.074
354.005	419.858	80.017	19.980	100.097	17.585	292.458	1.021	900.057
354.505	420.343	80.016	19.980	100.116	17.502	302.147	1.013	900.057
355.005	420.819	80.014	19.979	100.142	17.421	311.686	0.960	900.048
355.506	421.312	80.016	19.980	100.148	17.344	320.441	0.970	900.064
356.005	421.793	80.015	19.979	100.132	17.272	327.813	0.975	900.044
356.505	422.307	80.015	19.978	100.104	17.216	332.631	0.994	900.043
357.005	422.808	80.016	19.979	100.076	17.137	339.976	1.014	900.067
357.505	423.321	80.017	19.979	100.047	17.000	353.510	1.015	900.063
358.004	423.784	80.013	19.978	100.037	16.794	374.751	0.976	900.086
358.505	424.312	80.013	19.979	100.057	16.576	398.185	0.991	900.065
359.005	424.792	80.014	19.979	100.086	16.400	417.498	1.009	900.083
359.505	425.274	80.015	19.979	100.118	16.261	433.030	0.962	900.066
360.005	425.797	80.012	19.978	100.137	16.158	444.702	1.004	900.048
360.505	426.263	80.012	19.978	100.120	16.085	452.696	0.988	900.104
361.005	426.770	80.014	19.978	100.068	16.030	457.896	0.974	900.081
361.505	427.261	80.013	19.979	100.010	15.942	465.812	0.998	900.096
362.005	427.747	80.014	19.978	99.938	15.767	483.274	0.977	900.083
362.505	428.243	80.016	19.979	99.881	15.503	510.698	0.982	900.090
363.005	428.749	80.014	19.978	99.871	15.213	540.922	1.001	900.084
363.506	429.247	80.013	19.978	99.907	14.980	565.372	1.003	900.135
364.006	429.753	80.012	19.978	99.982	14.836	580.713	1.004	900.109
364.505	430.223	80.014	19.979	100.055	14.721	592.549	0.977	900.114
365.005	430.752	80.017	19.979	100.115	14.548	609.952	0.999	900.109
365.505	431.217	80.014	19.979	100.126	14.318	633.491	0.993	900.128
366.006	431.688	80.015	19.979	100.069	14.079	658.441	0.936	900.117
366.505	432.171	80.014	19.979	99.958	13.854	682.569	0.954	900.131
367.006	432.658	80.011	19.979	99.890	13.662	703.455	0.969	900.111
367.506	433.153	80.012	19.979	99.837	13.528	718.844	0.982	900.109
368.005	433.661	80.012	19.979	99.846	13.401	733.195	1.004	900.148
368.505	434.130	80.013	19.980	99.931	13.204	754.215	0.977	900.132
369.005	434.629	80.013	19.979	100.035	12.945	781.348	0.968	900.133
369.505	435.107	80.013	19.979	100.061	12.672	809.503	0.978	900.138
370.005	435.599	80.016	19.980	100.061	12.434	834.173	0.969	900.145
370.506	436.089	80.017	19.979	100.035	12.211	857.329	0.982	900.132
371.005	436.563	80.015	19.979	99.987	12.012	878.398	0.965	900.169
371.505	437.049	80.017	19.978	99.942	11.833	897.238	0.959	900.146
372.005	437.555	80.017	19.980	99.991	11.673	913.793	0.991	900.133
372.506	438.036	80.013	19.980	100.057	11.523	929.027	0.987	900.124
373.005	438.535	80.016	19.980	100.072	11.359	945.604	0.980	900.167
373.505	439.019	80.015	19.978	100.045	11.184	963.113	0.982	900.168
374.006	439.511	80.015	19.979	99.956	10.991	982.470	0.976	900.162
374.506	440.016	80.014	19.978	99.799	10.813	1000.509	0.997	900.176
375.006	440.501	80.013	19.979	99.656	10.650	1017.130	0.990	900.179
375.506	441.007	80.014	19.979	99.583	10.472	1035.249	0.992	900.168
376.006	441.473	80.016	19.979	99.541	10.275	1055.254	0.972	900.193
376.506	441.963	80.015	19.979	99.527	10.084	1074.700	0.956	900.201
377.006	442.458	80.017	19.978	99.502	9.927	1090.594	0.986	900.176
377.505	442.935	80.017	19.978	99.448	9.813	1102.082	0.973	900.187
378.005	443.425	80.013	19.979	99.370	9.725	1110.606	0.966	900.183
378.506	443.922	80.015	19.978	99.284	9.660	1116.780	0.985	900.196
379.006	444.406	80.014	19.978	99.231	9.602	1122.071	0.981	900.196
379.506	444.865	80.015	19.979	99.207	9.549	1126.793	0.944	900.175
380.005	445.400	80.015	19.979	99.208	9.495	1131.628	0.995	900.194
380.505	445.855	80.015	19.979	99.210	9.444	1136.358	0.990	900.209
381.006	446.367	80.016	19.979	99.223	9.389	1141.616	0.966	900.187
381.506	446.852	80.015	19.979	99.219	9.339	1146.547	0.997	900.186
382.006	447.318	80.014	19.979	99.195	9.290	1151.536	0.952	900.191
382.506	447.844	80.016	19.978	99.158	9.254	1155.316	0.993	900.225
383.006	448.324	80.014	19.978	99.117	9.222	1158.476	1.006	900.250
383.506	448.828	80.013	19.979	99.082	9.206	1160.072	0.984	900.210
384.006	449.285	80.015	19.980	99.038	9.203	1160.403	0.962	900.228
384.505	449.786	80.012	19.979	99.014	9.213	1159.187	0.958	900.251
385.005	450.314	80.012	19.980	99.009	9.240	1156.276	1.029	900.227
385.506	450.780	80.012	19.979	99.041	9.287	1151.331	0.993	900.237
386.006	451.289	80.013	19.979	99.071	9.346	1145.144	0.975	900.241
386.506	451.789	80.015	19.979	99.141	9.432	1136.254	1.009	900.262
387.006	452.289	80.015	19.979	99.217	9.532	1126.011	1.000	900.258
387.506	452.778	80.015	19.979	99.270	9.658	1113.199	0.990	900.236
388.005	453.307	80.016	19.979	99.288	9.803	1098.399	1.019	900.260
388.505	453.785	80.014	19.978	99.308	9.965	1081.863	1.007	900.254
389.005	454.303	80.016	19.979	99.288	10.147	1063.251	0.996	900.296
389.505	454.806	80.019	19.979	99.260	10.346	1042.742	1.021	900.288
390.006	455.286	80.016	19.978	99.248	10.565	1020.042	0.981	900.272
390.506	455.808	80.016	19.979	99.246	10.800	995.760	1.002	900.286
391.006	456.328	80.015	19.979	99.238	11.053	969.377	1.042	900.296
391.506	456.811	80.014	19.979	99.256	11.327	940.682	1.003	900.304
392.006	457.273	80.017	19.981	99.288	11.608	910.952	0.945	900.297
392.506	457.831	80.015	19.979	99.317	11.909	878.793	1.019	900.309
393.006	458.336	80.014	19.979	99.352	12.220	845.525	1.064	900.305
393.506	458.823	80.015	19.979	99.393	12.540	811.249	0.992	900.300
394.006	459.319	80.013	19.978	99.427	12.877	775.189	0.983	900.325
394.506	459.828	80.016	19.979	99.450	13.214	738.963	1.005	900.338
395.006	460.339	80.015	19.979	99.482	13.556	702.041	1.020	900.313
395.506	460.840	80.013	19.978	99.517	13.905	664.244	1.012	900.339
396.006	461.363	80.013	19.979	99.558	14.249	626.661	1.024	900.314
396.506	461.903	80.015	19.978	99.612	14.595	588.388	1.063	900.352
397.006	462.372	80.014	19.977	99.671	14.937	549.848	1.009	900.343
397.506	462.911	80.013	19.978	99.741	15.274	511.903	1.008	900.345
398.006	463.424	80.011	19.977	99.811	15.606	474.720	1.052	900.346
398.506	463.912	80.013	19.977	99.890	15.924	439.135	1.001	900.333
399.005	464.422	80.017	19.977	99.991	16.241	403.554	0.998	900.336
399.506	464.937	80.013	19.977	100.114	16.543	369.585	1.024	900.308
400.006	465.514	80.016	19.978	100.249	16.838	336.414	1.092	900.337
400.506	465.985	80.015	19.976	100.394	17.122	304.110	1.048	900.362
401.006	466.508	80.012	19.977	100.526	17.386	273.916	0.994	900.370
401.506	467.041	80.013	19.978	100.632	17.641	244.744	1.056	900.331
402.006	467.553	80.014	19.978	100.732	17.878	217.828	1.044	900.317
402.506	468.071	80.016	19.977	100.840	18.103	192.646	1.029	900.359
403.007	468.587	80.016	19.978	100.960	18.311	169.540	1.034	900.343
403.506	469.089	80.013	19.979	101.101	18.503	148.426	1.018	900.325
404.006	469.633	80.014	19.979	101.275	18.679	129.122	1.046	900.403
404.506	470.118	80.012	19.979	101.463	18.840	111.444	1.029	900.350
405.006	470.587	80.011	19.978	101.618	18.987	95.507	0.955	900.374
405.506	471.126	80.013	19.979	101.746	19.119	81.368	1.008	900.371
406.006	471.607	80.013	19.979	101.862	19.242	68.480	1.020	900.383
406.506	472.129	80.012	19.977	101.960	19.349	57.605	1.003	900.369
407.006	472.637	80.011	19.978	102.045	19.450	47.669	1.029	900.390
407.506	473.150	80.011	19.979	102.151	19.540	39.035	1.021	900.375
408.006	473.659	80.014	19.978	102.272	19.617	32.037	1.023	900.358
408.506	474.149	80.014	19.979	102.385	19.691	25.440	0.999	900.383
409.006	474.668	80.013	19.979	102.472	19.756	19.941	1.008	900.385
409.506	475.164	80.014	19.977	102.530	19.811	15.786	1.016	900.394
410.006	475.651	80.013	19.978	102.556	19.863	11.841	0.984	900.382
410.505	476.155	80.012	19.978	102.567	19.910	8.449	0.991	900.403
411.006	476.653	80.015	19.979	102.573	19.947	6.093	1.002	900.380
411.506	477.188	80.013	19.979	102.584	19.984	3.584	1.033	900.397
412.006	477.674	80.013	19.977	102.590	20.020	1.230	1.021	900.403
412.506	478.176	80.013	19.977	102.585	20.046	0.002	0.988	900.419
413.006	478.675	80.014	19.979	102.562	20.074	-1.501	1.000	900.422
413.506	479.177	80.013	19.977	102.525	20.095	-1.967	1.000	900.421
414.006	479.674	80.012	19.979	102.472	20.119	-2.688	0.999	900.422
414.506	480.185	80.012	19.978	102.410	20.135	-2.469	1.008	900.442
415.006	480.692	80.011	19.979	102.343	20.151	-2.489	1.018	900.418
415.506	481.177	80.011	19.978	102.271	20.167	-2.625	0.992	900.446
416.006	481.648	80.013	19.978	102.190	20.182	-2.850	0.957	900.452
416.506	482.176	80.015	19.979	102.105	20.194	-2.981	0.998	900.444
417.006	482.662	80.013	19.978	102.013	20.203	-2.979	1.013	900.447
417.506	483.180	80.013	19.977	101.918	20.214	-3.376	1.004	900.461
418.006	483.666	80.012	19.977	101.832	20.222	-3.510	1.004	900.475
418.506	484.164	80.012	19.979	101.754	20.229	-3.522	0.984	900.480
419.006	484.678	80.013	19.978	101.678	20.239	-3.839	1.013	900.495
419.506	485.170	80.012	19.979	101.609	20.248	-4.168	1.006	900.494
420.006	485.651	80.013	19.979	101.533	20.255	-4.017	0.972	900.438
420.506	486.152	80.013	19.978	101.448	20.260	-3.578	0.982	900.478
421.006	486.656	80.011	19.979	101.351	20.267	-3.225	1.004	900.467
421.506	487.154	80.015	19.978	101.249	20.274	-2.885	1.002	900.478
422.006	487.658	80.017	19.979	101.155	20.277	-2.227	1.002	900.462
422.506	488.155	80.015	19.980	101.075	20.282	-1.837	1.001	900.502
423.007	488.652	80.014	19.979	101.001	20.284	-1.412	0.993	900.523
423.507	489.173	80.012	19.979	100.942	20.288	-1.558	1.017	900.487
424.007	489.673	80.012	19.980	100.891	20.296	-2.064	1.022	900.517
424.506	490.164	80.011	19.979	100.846	20.296	-1.792	0.992	900.496
425.006	490.642	80.011	19.979	100.805	20.301	-2.106	0.969	900.498
425.506	491.155	80.013	19.980	100.772	20.302	-2.035	0.992	900.530
426.006	491.664	80.013	19.980	100.740	20.305	-2.052	1.023	900.499
426.506	492.141	80.012	19.979	100.707	20.307	-2.028	0.985	900.513
427.006	492.651	80.014	19.978	100.671	20.304	-1.388	0.986	900.526
427.506	493.156	80.015	19.978	100.623	20.311	-1.916	1.016	900.513
428.006	493.665	80.016	19.978	100.566	20.314	-2.061	1.014	900.532
428.506	494.144	80.014	19.978	100.509	20.316	-2.012	0.987	900.494
429.007	494.653	80.012	19.977	100.459	20.318	-2.001	0.989	900.527
429.506	495.162	80.011	19.978	100.409	20.319	-1.877	1.018	900.529
430.006	495.651	80.014	19.978	100.372	20.318	-1.592	0.997	900.532
430.507	496.176	80.013	19.979	100.348	20.325	-2.092	1.014	900.559
431.006	496.632	80.016	19.979	100.334	20.322	-1.629	0.982	900.565
431.506	497.160	80.014	19.979	100.322	20.330	-2.410	0.984	900.571
432.006	497.654	80.013	19.979	100.312	20.329	-2.259	1.022	900.544
432.506	498.139	80.014	19.979	100.301	20.333	-2.588	0.979	900.536
433.006	498.650	80.015	19.978	100.291	20.334	-2.615	0.996	900.519
433.506	499.152	80.014	19.978	100.274	20.333	-2.560	1.013	900.537
434.006	499.623	80.013	19.978	100.258	20.337	-3.027	0.973	900.551
434.506	500.159	80.012	19.978	100.247	20.338	-3.197	1.006	900.563
435.006	500.632	80.015	19.978	100.237	20.338	-3.230	1.009	900.544
435.506	501.136	80.015	19.978	100.228	20.340	-3.501	0.977	900.535
436.006	501.610	80.014	19.978	100.215	20.343	-3.914	0.978	900.527
436.507	502.114	80.016	19.979	100.204	20.346	-4.196	0.977	900.552
437.007	502.616	80.013	19.977	100.193	20.345	-3.916	1.006	900.573
437.506	503.107	80.014	19.979	100.182	20.348	-4.152	0.995	900.584
438.006	503.610	80.015	19.978	100.173	20.352	-4.525	0.994	900.576
438.506	504.109	80.014	19.977	100.169	20.353	-4.590	1.002	900.565
439.006	504.604	80.013	19.978	100.164	20.358	-5.099	0.995	900.595
439.506	505.128	80.012	19.978	100.162	20.359	-5.113	1.018	900.590
440.006	505.599	80.012	19.979	100.159	20.358	-4.918	0.994	900.587
440.507	506.118	80.014	19.979	100.154	20.362	-5.253	0.990	900.604
441.007	506.597	80.015	19.978	100.157	20.363	-5.330	0.999	900.593
441.506	507.097	80.017	19.978	100.163	20.366	-5.644	0.980	900.573
442.006	507.592	80.018	19.979	100.168	20.363	-5.403	0.996	900.600
442.506	508.081	80.016	19.979	100.172	20.366	-5.703	0.984	900.606
443.006	508.569	80.017	19.978	100.173	20.368	-5.911	0.977	900.601
443.506	509.079	80.016	19.978	100.171	20.373	-6.590	0.997	900.628
444.006	509.612	80.016	19.979	100.165	20.372	-6.465	1.043	900.605
444.506	510.104	80.013	19.979	100.160	20.372	-6.407	1.025	900.635
445.006	510.600	80.012	19.980	100.155	20.368	-6.030	0.987	900.618
445.507	511.119	80.014	19.979	100.153	20.372	-6.422	1.015	900.628
446.006	511.596	80.015	19.979	100.149	20.374	-6.681	0.997	900.613
446.506	512.111	80.012	19.979	100.148	20.373	-6.482	0.992	900.634
447.006	512.591	80.013	19.978	100.144	20.374	-6.651	0.994	900.621
447.506	513.119	80.014	19.980	100.142	20.371	-6.248	1.008	900.647
448.006	513.619	80.013	19.979	100.139	20.374	-6.381	1.028	900.668
448.506	514.128	80.015	19.979	100.136	20.377	-6.612	1.009	900.660
449.006	514.614	80.014	19.978	100.134	20.374	-6.230	0.996	900.677
449.506	515.122	80.014	19.978	100.137	20.370	-5.712	0.993	900.655
450.006	515.607	80.015	19.978	100.142	20.376	-6.241	0.992	900.646
450.507	516.124	80.014	19.979	100.144	20.377	-6.324	1.002	900.683
451.007	516.615	80.015	19.978	100.145	20.377	-6.306	1.009	900.697
451.506	517.118	80.015	19.979	100.144	20.375	-6.080	0.996	900.706
452.006	517.616	80.014	19.979	100.141	20.375	-6.080	1.001	900.687
452.506	518.082	80.014	19.979	100.143	20.377	-6.384	0.964	900.690
453.006	518.598	80.015	19.979	100.146	20.373	-5.927	0.982	900.656
453.506	519.106	80.014	19.980	100.144	20.376	-6.198	1.023	900.686
454.007	519.586	80.015	19.979	100.144	20.376	-6.303	0.987	900.663
454.507	520.076	80.016	19.979	100.144	20.374	-6.086	0.970	900.691
455.007	520.622	80.015	19.979	100.138	20.377	-6.276	1.036	900.686
455.506	521.071	80.015	19.979	100.128	20.378	-6.420	0.995	900.721
456.006	521.600	80.014	19.979	100.125	20.374	-5.980	0.978	900.708
456.506	522.110	80.014	19.978	100.120	20.376	-6.167	1.039	900.725
457.006	522.604	80.015	19.980	100.113	20.377	-6.296	1.004	900.713
457.506	523.085	80.012	19.980	100.111	20.378	-6.443	0.976	900.691
458.006	523.629	80.013	19.979	100.113	20.377	-6.364	1.025	900.725
458.507	524.070	80.015	19.981	100.108	20.379	-6.572	0.984	900.707
459.007	524.596	80.014	19.980	100.109	20.375	-6.176	0.967	900.731
459.507	525.062	80.015	19.981	100.112	20.379	-6.742	0.992	900.748
460.007	525.600	80.015	19.979	100.113	20.381	-6.939	1.004	900.717
460.507	526.078	80.016	19.979	100.112	20.377	-6.506	1.017	900.720
461.007	526.598	80.013	19.980	100.116	20.376	-6.455	0.998	900.705
461.507	527.112	80.014	19.979	100.116	20.377	-6.556	1.033	900.722
462.006	527.595	80.014	19.979	100.112	20.377	-6.575	0.997	900.722
462.507	528.077	80.016	19.979	100.108	20.379	-6.686	0.966	900.705
463.006	528.589	80.013	19.979	100.110	20.376	-6.387	0.994	900.730
463.506	529.086	80.012	19.978	100.109	20.377	-6.383	1.008	900.756
464.006	529.564	80.012	19.979	100.110	20.377	-6.499	0.975	900.749
464.506	530.113	80.014	19.978	100.113	20.380	-6.797	1.027	900.782
465.006	530.605	80.015	19.978	100.117	20.377	-6.556	1.040	900.754
465.507	531.129	80.015	19.977	100.114	20.377	-6.445	1.016	900.797
466.007	531.575	80.015	19.978	100.114	20.378	-6.552	0.970	900.749
466.507	532.080	80.014	19.979	100.114	20.378	-6.649	0.951	900.746
467.007	532.599	80.016	19.978	100.121	20.381	-6.904	1.024	900.761
467.506	533.043	80.016	19.976	100.123	20.377	-6.494	0.964	900.755
468.006	533.578	80.013	19.977	100.124	20.377	-6.465	0.979	900.758
468.507	534.093	80.012	19.977	100.124	20.382	-6.970	1.049	900.774
469.007	534.591	80.014	19.977	100.121	20.381	-6.804	1.014	900.798
469.507	535.090	80.012	19.978	100.117	20.379	-6.566	0.997	900.788
470.007	535.576	80.012	19.979	100.116	20.377	-6.484	0.985	900.779
470.507	536.094	80.014	19.979	100.118	20.378	-6.594	1.004	900.755
471.007	536.578	80.014	19.978	100.117	20.378	-6.564	1.002	900.798
471.507	537.067	80.015	19.978	100.120	20.379	-6.674	0.973	900.798
472.007	537.590	80.013	19.978	100.120	20.383	-7.048	1.013	900.773
472.507	538.078	80.014	19.979	100.120	20.377	-6.354	1.011	900.792
473.007	538.600	80.017	19.979	100.118	20.381	-6.589	1.009	900.782
473.507	539.082	80.014	19.978	100.122	20.381	-6.505	1.003	900.801
474.007	539.595	80.014	19.979	100.123	20.380	-6.424	0.996	900.793
474.507	540.095	80.016	19.978	100.119	20.379	-6.248	1.013	900.815
475.007	540.586	80.014	19.979	100.117	20.380	-6.428	0.991	900.813
475.507	541.042	80.016	19.979	100.116	20.379	-6.367	0.947	900.791
476.006	541.561	80.018	19.979	100.114	20.378	-6.278	0.975	900.862
476.506	542.095	80.017	19.979	100.112	20.381	-6.496	1.052	900.838
477.007	542.566	80.015	19.979	100.115	20.380	-6.393	1.003	900.822
477.508	543.067	80.014	19.979	100.119	20.380	-6.301	0.973	900.845
478.007	543.554	80.015	19.979	100.122	20.377	-5.838	0.990	900.847
478.506	544.066	80.016	19.979	100.121	20.380	-6.219	0.999	900.833
479.007	544.558	80.014	19.978	100.120	20.377	-5.939	1.003	900.842
479.507	545.054	80.016	19.979	100.115	20.381	-6.389	0.988	900.840
480.006	545.535	80.014	19.978	100.106	20.381	-6.325	0.977	900.856
480.507	546.050	80.014	19.979	100.100	20.385	-6.829	0.995	900.865
481.007	546.575	80.015	19.980	100.099	20.384	-6.741	1.040	900.828
481.507	547.084	80.017	19.979	100.098	20.379	-6.222	1.033	900.849
482.007	547.538	80.017	19.979	100.100	20.380	-6.351	0.963	900.853
482.507	548.062	80.015	19.979	100.105	20.377	-6.041	0.979	900.871
483.007	548.554	80.016	19.978	100.107	20.384	-6.829	1.016	900.857
483.507	549.032	80.016	19.979	100.103	20.378	-6.166	0.970	900.828
484.007	549.567	80.015	19.978	100.101	20.380	-6.356	1.013	900.834
484.507	550.067	80.014	19.978	100.097	20.382	-6.541	1.035	900.835
485.007	550.528	80.015	19.979	100.091	20.384	-6.687	0.961	900.852
485.506	551.045	80.015	19.978	100.087	20.381	-6.375	0.979	900.854
486.006	551.559	80.014	19.978	100.091	20.384	-6.787	1.031	900.842
486.507	552.060	80.013	19.979	100.092	20.383	-6.731	1.014	900.866
487.007	552.557	80.012	19.979	100.093	20.383	-6.769	0.998	900.885
487.507	553.059	80.012	19.979	100.092	20.382	-6.740	0.999	900.875
488.006	553.580	80.011	19.978	100.097	20.380	-6.581	1.024	900.878
488.507	554.041	80.014	19.977	100.097	20.381	-6.675	0.982	900.921
489.007	554.559	80.014	19.978	100.095	20.382	-6.832	0.978	900.898
489.507	555.035	80.016	19.978	100.100	20.382	-6.781	0.994	900.884
490.007	555.531	80.014	19.978	100.103	20.385	-6.995	0.972	900.893
490.507	556.080	80.015	19.980	100.099	20.386	-6.905	1.046	900.926
491.007	556.532	80.015	19.979	100.096	20.385	-6.823	1.001	900.886
491.507	557.024	80.016	19.980	100.097	20.384	-6.664	0.943	900.906
492.007	557.575	80.017	19.979	100.095	20.383	-6.561	1.043	900.883
492.507	558.053	80.017	19.979	100.094	20.382	-6.506	1.029	900.923
493.007	558.526	80.016	19.979	100.095	20.384	-6.802	0.951	900.923
493.507	559.023	80.015	19.979	100.101	20.384	-6.868	0.969	900.934
494.008	559.527	80.015	19.978	100.102	20.380	-6.479	1.000	900.914
494.507	560.055	80.018	19.978	100.103	20.386	-7.112	1.033	900.929
495.008	560.534	80.016	19.977	100.107	20.385	-6.979	1.007	900.933
495.508	561.057	80.015	19.977	100.108	20.383	-6.694	1.002	900.924
496.007	561.541	80.016	19.978	100.107	20.385	-6.861	1.008	900.952
496.507	562.028	80.016	19.977	100.109	20.382	-6.463	0.971	900.951
497.007	562.517	80.018	19.978	100.105	20.385	-6.702	0.976	900.913
497.507	563.033	80.017	19.978	100.098	20.384	-6.475	1.005	900.946
498.007	563.522	80.017	19.978	100.094	20.385	-6.596	1.005	900.958
498.507	564.047	80.018	19.977	100.088	20.386	-6.673	1.014	900.978
499.007	564.540	80.014	19.978	100.087	20.386	-6.632	1.018	900.926
499.507	565.036	80.015	19.977	100.091	20.386	-6.669	0.989	900.961
500.007	565.498	80.016	19.978	100.098	20.385	-6.711	0.958	900.956
500.507	566.024	80.014	19.977	100.101	20.386	-6.905	0.988	900.924
501.007	566.539	80.017	19.976	100.106	20.388	-7.032	1.040	900.982
501.507	567.049	80.015	19.978	100.106	20.385	-6.794	1.025	900.962
502.007	567.516	80.016	19.977	100.103	20.388	-7.196	0.978	901.002
502.508	568.043	80.016	19.978	100.102	20.390	-7.344	0.994	900.968
503.007	568.501	80.016	19.979	100.101	20.385	-6.840	0.986	900.958
503.507	569.013	80.015	19.979	100.093	20.387	-7.076	0.970	900.968
504.007	569.529	80.014	19.977	100.089	20.388	-7.255	1.028	900.990
504.507	570.035	80.012	19.977	100.086	20.384	-6.924	1.022	900.938
505.007	570.529	80.014	19.977	100.079	20.387	-7.203	1.000	900.977
505.507	571.044	80.015	19.977	100.079	20.386	-7.114	1.009	901.004
506.007	571.550	80.013	19.976	100.082	20.387	-7.204	1.021	900.959
506.507	572.021	80.014	19.977	100.081	20.390	-7.463	0.976	900.983
507.007	572.519	80.015	19.977	100.084	20.390	-7.409	0.969	900.984
507.507	573.016	80.014	19.979	100.090	20.390	-7.393	0.995	900.982
508.007	573.520	80.015	19.978	100.092	20.389	-7.266	1.001	901.002
508.507	574.007	80.016	19.980	100.092	20.390	-7.411	0.992	901.000
509.007	574.535	80.016	19.979	100.094	20.391	-7.477	1.015	900.985
509.507	575.049	80.015	19.978	100.095	20.391	-7.630	1.041	901.012
510.007	575.562	80.013	19.978	100.094	20.392	-7.779	1.026	900.995
510.507	576.032	80.013	19.978	100.095	20.389	-7.450	0.984	901.015
511.007	576.519	80.014	19.979	100.098	20.392	-7.827	0.958	901.006
511.507	577.028	80.013	19.979	100.103	20.392	-7.735	0.996	901.041
512.007	577.544	80.014	19.978	100.104	20.391	-7.726	1.025	901.048
512.508	578.025	80.015	19.979	100.106	20.391	-7.733	0.997	901.027
513.008	578.520	80.014	19.979	100.105	20.388	-7.375	0.975	901.043
513.508	578.998	80.017	19.979	100.104	20.389	-7.415	0.972	901.024
514.008	579.510	80.016	19.980	100.096	20.388	-7.155	0.991	901.047
514.507	580.013	80.017	19.980	100.093	20.387	-7.091	1.016	901.015
515.007	580.531	80.017	19.979	100.093	20.385	-6.901	1.021	901.042
515.507	581.032	80.015	19.979	100.096	20.390	-7.488	1.020	901.027
516.007	581.506	80.015	19.979	100.098	20.389	-7.471	0.975	901.056
516.507	582.046	80.016	19.980	100.101	20.393	-8.058	1.014	901.050
517.007	582.578	80.012	19.980	100.104	20.396	-8.319	1.072	901.051
517.507	583.053	80.015	19.979	100.102	20.391	-7.794	1.006	901.041
518.007	583.537	80.015	19.981	100.101	20.393	-7.946	0.958	901.047
518.507	584.026	80.014	19.980	100.104	20.391	-7.667	0.973	901.066
519.007	584.545	80.017	19.980	100.106	20.389	-7.371	1.008	901.037
519.507	585.014	80.014	19.980	100.107	20.390	-7.410	0.988	901.065
520.007	585.515	80.014	19.980	100.108	20.392	-7.640	0.971	901.058
520.507	586.015	80.014	19.979	100.103	20.390	-7.405	1.001	901.070
521.007	586.526	80.013	19.979	100.095	20.391	-7.459	1.011	901.061
521.507	587.037	80.015	19.979	100.096	20.389	-7.314	1.022	901.068
522.008	587.535	80.015	19.979	100.095	20.390	-7.289	1.008	901.059
522.508	588.044	80.015	19.980	100.097	20.393	-7.620	1.007	901.099
523.007	588.533	80.017	19.979	100.104	20.393	-7.525	0.998	901.075
523.507	589.034	80.017	19.980	100.110	20.395	-7.754	0.990	901.058
524.007	589.548	80.015	19.980	100.111	20.394	-7.643	1.014	901.071
524.508	590.016	80.016	19.979	100.111	20.392	-7.412	0.982	901.046
525.008	590.535	80.017	19.980	100.110	20.393	-7.701	0.988	901.098
525.507	591.045	80.016	19.981	100.106	20.392	-7.700	1.029	901.107
526.007	591.521	80.017	19.980	100.101	20.393	-7.815	0.986	901.104
526.507	592.032	80.014	19.979	100.098	20.393	-7.779	0.986	901.093
527.008	592.537	80.014	19.979	100.098	20.394	-7.852	1.015	901.089
527.508	593.006	80.014	19.980	100.095	20.394	-7.739	0.974	901.117
528.008	593.486	80.014	19.980	100.096	20.390	-7.188	0.949	901.080
528.508	594.028	80.016	19.979	100.096	20.393	-7.374	1.023	901.080
529.007	594.508	80.014	19.979	100.095	0.000	0.000	1.022	901.073
529.507	595.013	80.013	19.980	100.091	0.000	0.000	0.986	901.081
530.007	595.484	80.017	19.979	100.088	0.000	0.000	0.977	901.102
530.507	596.006	80.014	19.980	100.086	0.000	0.000	0.992	901.093
531.007	596.526	80.015	19.981	100.086	0.000	0.000	1.042	901.097
531.508	597.009	80.015	19.980	100.087	0.000	0.000	1.003	901.091
532.008	597.476	80.014	19.979	100.089	0.000	0.000	0.950	901.098
532.507	598.003	80.017	19.979	100.097	0.000	0.000	0.994	901.111
533.007	598.509	80.016	19.978	100.101	0.000	0.000	1.033	901.087
533.507	599.011	80.016	19.980	100.100	0.000	0.000	1.009	901.121
534.007	599.494	80.018	19.979	100.098	0.000	0.000	0.985	901.119
534.507	599.987	80.017	19.979	100.095	0.000	0.000	0.976	901.104
535.007	600.501	80.018	19.980	100.086	0.000	0.000	1.006	901.103
535.508	601.041	80.019	19.979	100.080	0.000	0.000	1.053	901.123
536.008	601.488	80.016	19.980	100.076	0.000	0.000	0.987	901.099
536.508	602.009	80.016	19.980	100.077	0.000	0.000	0.968	901.125
537.008	602.493	80.013	19.979	100.079	0.000	0.000	1.004	901.122
537.508	603.003	80.015	19.979	100.085	0.000	0.000	0.994	901.141
538.008	603.498	80.016	19.979	100.092	0.000	0.000	1.006	901.132
538.508	603.974	80.014	19.980	100.099	0.000	0.000	0.970	901.115
