File Name:	PS_19.txt	Version: 8.3.7.3						
Date:	15 Aug 2024
Operator:	KH
Test ID:	PS_19
Sample ID:	PS_19
Sample Mass (mg):	2.9400
Sample Cup Mass (mg):	184.4900
End Total Mass (mg):
Heating Rate (C/s):	1.0000
Combuster Temperature (C):	900.0
N2 Flow Rate (cc/min):	80.0
O2 Flow Rate (cc/min):	20.0
Calibration File:	Coeff.txt
T Correction Coefficients:	0.308738730	0.013615500	0.000000000
Time Shift (s):	10.0
Pre-Test Comments:
Post-Test Comments:
Baseline Flow:	99.896
Baseline O2:	20.340
Instrument ID:	2700
@
Time (s)	Temperature (C)	N2 Flow (cc/min)	O2 Flow (cc/min)	Total Flow (cc/min)	Oxygen (%)	HRR (W/g)	Heating Rate (C/s)	Combustor Temp (C)
0.000	75.145	80.058	19.978	99.896	20.321	-15.535	-0.013	899.864
0.500	75.093	80.057	19.978	99.892	20.306	-13.812	-0.063	899.855
0.999	75.113	80.054	19.977	99.893	20.279	-10.909	-0.032	899.872
1.499	75.135	80.052	19.977	99.911	20.254	-8.297	0.042	899.880
2.000	75.121	80.056	19.977	99.956	20.236	-6.356	0.008	899.867
2.500	75.137	80.057	19.977	100.043	20.218	-4.338	0.002	899.871
3.000	75.152	80.056	19.977	100.153	20.206	-3.098	0.031	899.873
3.500	75.190	80.058	19.977	100.283	20.193	-1.738	0.053	899.862
3.999	75.228	80.056	19.978	100.421	20.184	-0.775	0.076	899.856
4.500	75.272	80.056	19.977	100.547	20.181	-0.426	0.082	899.855
5.000	75.358	80.057	19.977	100.639	20.177	-0.541	0.130	899.873
5.500	75.425	80.055	19.978	100.707	20.174	-1.881	0.153	899.853
6.000	75.498	80.054	19.978	100.751	20.170	-3.671	0.139	899.862
6.500	75.569	80.054	19.978	100.772	20.168	-6.078	0.144	899.863
7.000	75.629	80.053	19.979	100.779	20.167	-9.065	0.132	899.848
7.499	75.753	80.055	19.978	100.777	20.167	-12.137	0.184	899.847
8.000	75.844	80.054	19.978	100.770	20.167	-14.755	0.215	899.836
8.500	75.930	80.056	19.978	100.768	20.163	-16.053	0.177	899.834
9.000	76.064	80.058	19.978	100.772	20.163	-16.756	0.220	899.846
9.499	76.178	80.056	19.978	100.770	20.163	-16.851	0.248	899.850
9.999	76.326	80.057	19.977	100.765	20.161	-16.171	0.262	899.860
10.500	76.451	80.059	19.977	100.765	20.149	-14.154	0.273	899.874
11.000	76.599	80.057	19.978	100.766	20.125	-10.631	0.273	899.845
11.500	76.718	80.054	19.977	100.759	20.096	-6.548	0.268	899.863
12.000	76.868	80.054	19.977	100.763	20.064	-2.221	0.269	899.855
12.499	77.071	80.055	19.978	100.803	20.038	1.505	0.353	899.858
13.000	77.275	80.056	19.977	100.896	20.018	4.430	0.407	899.860
13.500	77.485	80.056	19.976	101.029	20.004	6.630	0.413	899.835
14.000	77.697	80.057	19.977	101.190	19.998	7.951	0.423	899.847
14.500	77.984	80.056	19.976	101.368	19.997	8.726	0.499	899.837
15.000	78.247	80.054	19.976	101.526	19.999	9.194	0.549	899.841
15.500	78.528	80.056	19.975	101.632	20.005	9.038	0.544	899.838
16.000	78.811	80.057	19.975	101.687	20.008	9.244	0.565	899.810
16.500	79.137	80.054	19.976	101.706	20.011	9.669	0.609	899.834
17.000	79.472	80.054	19.975	101.688	20.021	9.437	0.661	899.859
17.500	79.844	80.055	19.975	101.649	20.028	9.422	0.707	899.840
18.000	80.191	80.055	19.977	101.600	20.035	9.440	0.719	899.800
18.500	80.571	80.057	19.977	101.552	20.046	8.879	0.727	899.858
19.000	80.937	80.055	19.976	101.505	20.051	9.036	0.746	899.856
19.500	81.323	80.055	19.976	101.461	20.056	9.136	0.753	899.805
20.000	81.741	80.053	19.975	101.414	20.061	9.079	0.804	899.839
20.500	82.129	80.054	19.976	101.371	20.069	8.608	0.806	899.809
21.000	82.534	80.054	19.976	101.333	20.076	8.019	0.793	899.817
21.500	82.974	80.056	19.976	101.303	20.080	7.884	0.845	899.786
22.000	83.371	80.054	19.977	101.270	20.086	7.389	0.837	899.794
22.500	83.847	80.053	19.976	101.244	20.091	6.985	0.873	899.841
23.000	84.277	80.052	19.976	101.218	20.095	6.568	0.906	899.791
23.500	84.708	80.052	19.976	101.185	20.098	6.403	0.860	899.790
24.000	85.168	80.056	19.976	101.144	20.105	5.759	0.890	899.795
24.500	85.654	80.051	19.977	101.109	20.115	4.864	0.947	899.787
25.000	86.123	80.053	19.977	101.069	20.116	4.895	0.956	899.810
25.500	86.565	80.054	19.976	101.029	20.118	4.904	0.910	899.781
26.000	87.060	80.052	19.977	100.996	20.126	4.367	0.937	899.792
26.500	87.505	80.052	19.977	100.965	20.125	4.777	0.940	899.794
27.001	87.995	80.054	19.976	100.935	20.127	4.810	0.935	899.771
27.500	88.474	80.053	19.976	100.912	20.130	4.838	0.969	899.809
28.001	88.963	80.054	19.976	100.898	20.135	4.467	0.968	899.805
28.501	89.453	80.055	19.976	100.886	20.136	4.546	0.980	899.766
29.000	89.936	80.058	19.978	100.877	20.140	4.155	0.974	899.809
29.500	90.469	80.057	19.978	100.874	20.146	3.688	1.016	899.801
30.000	90.945	80.053	19.978	100.872	20.145	3.779	1.009	899.780
30.500	91.443	80.058	19.978	100.866	20.149	3.326	0.975	899.780
31.000	91.983	80.058	19.977	100.858	20.152	3.169	1.038	899.795
31.500	92.485	80.058	19.978	100.854	20.154	3.154	1.042	899.789
32.000	93.000	80.058	19.978	100.847	20.157	2.970	1.016	899.779
32.501	93.513	80.059	19.978	100.839	20.161	2.651	1.027	899.766
33.000	93.995	80.058	19.978	100.828	20.159	3.060	0.997	899.778
33.500	94.518	80.057	19.978	100.812	20.166	2.579	1.006	899.789
34.000	95.031	80.055	19.978	100.794	20.166	2.631	1.036	899.763
34.500	95.538	80.057	19.979	100.777	20.169	2.445	1.020	899.752
35.000	96.059	80.055	19.979	100.763	20.167	2.634	1.027	899.757
35.500	96.579	80.054	19.979	100.756	20.168	2.570	1.041	899.777
36.000	97.078	80.054	19.979	100.754	20.172	2.270	1.019	899.788
36.500	97.612	80.054	19.979	100.749	20.169	2.593	1.033	899.787
37.000	98.104	80.054	19.979	100.742	20.170	2.462	1.025	899.747
37.500	98.685	80.055	19.978	100.743	20.173	2.177	1.071	899.744
38.001	99.185	80.056	19.978	100.741	20.171	2.474	1.080	899.753
38.501	99.710	80.055	19.978	100.731	20.172	2.370	1.027	899.744
39.000	100.252	80.052	19.978	100.726	20.174	2.195	1.068	899.766
39.500	100.765	80.051	19.977	100.719	20.178	1.989	1.055	899.729
40.000	101.287	80.053	19.978	100.707	20.179	2.039	1.035	899.739
40.500	101.831	80.054	19.978	100.694	20.177	2.331	1.065	899.725
41.001	102.373	80.054	19.977	100.692	20.183	1.829	1.086	899.745
41.500	102.885	80.054	19.978	100.687	20.184	1.840	1.055	899.738
42.000	103.395	80.055	19.978	100.685	20.182	2.104	1.022	899.707
42.500	103.936	80.054	19.978	100.683	20.186	1.634	1.050	899.771
43.001	104.447	80.055	19.978	100.680	20.182	2.009	1.051	899.738
43.501	104.988	80.053	19.977	100.674	20.187	1.534	1.051	899.747
44.001	105.532	80.053	19.978	100.677	20.184	1.762	1.084	899.748
44.501	106.067	80.054	19.978	100.677	20.185	1.680	1.079	899.730
45.001	106.585	80.054	19.977	100.675	20.186	1.527	1.054	899.765
45.501	107.139	80.057	19.979	100.674	20.186	1.585	1.073	899.742
46.000	107.662	80.054	19.978	100.673	20.190	1.315	1.078	899.734
46.500	108.206	80.055	19.978	100.663	20.187	1.698	1.067	899.732
47.000	108.743	80.056	19.978	100.653	20.191	1.381	1.081	899.734
47.500	109.261	80.056	19.978	100.647	20.191	1.490	1.055	899.700
48.000	109.779	80.057	19.978	100.642	20.194	1.305	1.036	899.715
48.500	110.307	80.059	19.978	100.637	20.191	1.590	1.046	899.707
49.000	110.844	80.056	19.977	100.634	20.192	1.588	1.064	899.719
49.501	111.374	80.055	19.978	100.632	20.192	1.476	1.067	899.708
50.000	111.934	80.055	19.978	100.631	20.192	1.547	1.090	899.681
50.500	112.450	80.056	19.977	100.633	20.193	1.391	1.076	899.685
51.000	112.978	80.057	19.978	100.636	20.198	0.791	1.044	899.705
51.500	113.530	80.056	19.979	100.640	20.196	1.000	1.079	899.706
52.000	114.049	80.054	19.979	100.643	20.197	1.045	1.071	899.692
52.500	114.580	80.057	19.979	100.641	20.199	0.931	1.050	899.720
53.000	115.124	80.054	19.978	100.634	20.195	1.451	1.075	899.718
53.500	115.660	80.056	19.978	100.627	20.197	1.318	1.080	899.679
54.000	116.214	80.057	19.978	100.620	20.196	1.461	1.089	899.710
54.501	116.727	80.056	19.977	100.617	20.195	1.769	1.067	899.700
55.000	117.251	80.055	19.977	100.611	20.200	1.209	1.038	899.669
55.500	117.785	80.056	19.978	100.608	20.202	1.036	1.058	899.682
56.000	118.323	80.057	19.978	100.607	20.200	1.179	1.072	899.669
56.500	118.855	80.058	19.979	100.604	20.203	0.861	1.070	899.707
57.000	119.443	80.056	19.980	100.606	20.203	0.850	1.120	899.677
57.500	119.929	80.057	19.978	100.611	20.201	0.999	1.075	899.669
58.000	120.448	80.058	19.978	100.612	20.202	0.813	1.006	899.712
58.500	120.980	80.055	19.977	100.614	20.202	0.905	1.051	899.683
59.000	121.531	80.058	19.978	100.611	20.203	0.884	1.082	899.666
59.501	122.061	80.059	19.978	100.601	20.204	0.750	1.080	899.688
60.000	122.585	80.058	19.977	100.595	20.204	0.730	1.053	899.682
60.500	123.119	80.057	19.977	100.593	20.205	0.525	1.058	899.694
61.001	123.658	80.054	19.977	100.588	20.204	0.681	1.074	899.693
61.501	124.178	80.054	19.977	100.587	20.206	0.491	1.060	899.678
62.000	124.694	80.055	19.977	100.581	20.204	0.652	1.035	899.678
62.500	125.245	80.053	19.978	100.578	20.204	0.728	1.067	899.688
63.000	125.781	80.055	19.978	100.577	20.208	0.398	1.087	899.667
63.500	126.303	80.058	19.978	100.581	20.205	0.724	1.057	899.692
64.001	126.822	80.058	19.977	100.583	20.210	0.262	1.041	899.665
64.500	127.337	80.061	19.977	100.590	20.206	0.806	1.034	899.632
65.000	127.887	80.060	19.978	100.589	20.206	0.832	1.065	899.666
65.501	128.408	80.061	19.979	100.586	20.206	0.907	1.070	899.682
66.001	128.959	80.059	19.978	100.582	20.208	0.668	1.072	899.671
66.500	129.477	80.059	19.979	100.577	20.208	0.658	1.070	899.619
67.000	130.028	80.059	19.978	100.580	20.208	0.615	1.069	899.649
67.500	130.548	80.059	19.978	100.585	20.211	0.273	1.071	899.694
68.000	131.078	80.058	19.980	100.588	20.212	0.183	1.050	899.658
68.500	131.592	80.059	19.980	100.588	20.208	0.612	1.043	899.674
69.001	132.135	80.059	19.979	100.590	20.210	0.531	1.057	899.639
69.501	132.657	80.058	19.979	100.585	20.213	0.332	1.066	899.684
70.000	133.189	80.061	19.978	100.581	20.213	0.459	1.055	899.679
70.500	133.731	80.059	19.979	100.578	20.211	0.588	1.075	899.639
71.000	134.245	80.059	19.978	100.575	20.213	0.375	1.056	899.677
71.501	134.742	80.057	19.978	100.573	20.213	0.419	1.010	899.636
72.001	135.315	80.056	19.979	100.569	20.214	0.225	1.069	899.651
72.501	135.835	80.059	19.979	100.565	20.211	0.598	1.094	899.681
73.000	136.343	80.059	19.979	100.561	20.214	0.355	1.028	899.658
73.500	136.867	80.060	19.980	100.560	20.213	0.462	1.032	899.679
74.001	137.398	80.060	19.979	100.562	20.215	0.232	1.054	899.665
74.501	137.933	80.057	19.978	100.568	20.211	0.676	1.065	899.649
75.001	138.453	80.057	19.978	100.570	20.214	0.420	1.056	899.613
75.501	138.965	80.059	19.978	100.570	20.210	0.726	1.032	899.651
76.001	139.491	80.057	19.979	100.567	20.215	0.170	1.038	899.657
76.501	140.026	80.058	19.979	100.559	20.212	0.457	1.062	899.670
77.001	140.515	80.058	19.978	100.553	20.213	0.355	1.023	899.667
77.500	141.040	80.056	19.979	100.549	20.215	0.109	1.013	899.669
78.000	141.596	80.060	19.979	100.551	20.215	0.049	1.082	899.671
78.500	142.128	80.060	19.979	100.550	20.215	0.092	1.088	899.648
79.001	142.660	80.057	19.980	100.551	20.212	0.457	1.063	899.636
79.501	143.152	80.057	19.979	100.554	20.215	0.229	1.024	899.691
80.000	143.702	80.055	19.978	100.554	20.214	0.315	1.042	899.644
80.501	144.176	80.057	19.978	100.548	20.212	0.584	1.024	899.644
81.000	144.743	80.059	19.978	100.550	20.212	0.656	1.041	899.656
81.501	145.216	80.057	19.979	100.551	20.212	0.694	1.041	899.678
82.000	145.758	80.059	19.978	100.549	20.214	0.510	1.016	899.617
82.500	146.258	80.059	19.977	100.549	20.212	0.705	1.041	899.654
83.000	146.791	80.059	19.978	100.553	20.214	0.506	1.032	899.666
83.500	147.292	80.060	19.978	100.555	20.213	0.697	1.035	899.643
84.000	147.828	80.059	19.977	100.556	20.215	0.418	1.037	899.634
84.501	148.340	80.059	19.978	100.556	20.215	0.482	1.047	899.646
85.001	148.863	80.061	19.978	100.561	20.216	0.307	1.035	899.624
85.501	149.360	80.060	19.978	100.560	20.213	0.659	1.021	899.656
86.000	149.904	80.061	19.978	100.555	20.212	0.860	1.040	899.641
86.501	150.411	80.061	19.977	100.553	20.215	0.594	1.050	899.665
87.001	150.938	80.062	19.977	100.550	20.215	0.620	1.034	899.632
87.501	151.436	80.062	19.977	100.547	20.217	0.523	1.025	899.628
88.001	151.911	80.061	19.977	100.546	20.217	0.416	0.973	899.606
88.501	152.451	80.061	19.978	100.544	20.215	0.689	1.015	899.616
89.001	153.007	80.062	19.978	100.542	20.217	0.392	1.096	899.639
89.501	153.466	80.060	19.977	100.541	20.216	0.476	1.015	899.603
90.001	154.030	80.059	19.978	100.539	20.218	0.165	1.022	899.600
90.501	154.559	80.059	19.978	100.539	20.217	0.256	1.093	899.628
91.001	155.051	80.059	19.978	100.540	20.220	0.055	1.021	899.619
91.501	155.632	80.059	19.978	100.538	20.221	-0.053	1.073	899.618
92.001	156.101	80.060	19.978	100.542	20.222	-0.243	1.050	899.626
92.501	156.589	80.058	19.979	100.539	20.222	-0.173	0.956	899.615
93.001	157.116	80.058	19.979	100.537	20.222	-0.062	1.015	899.640
93.501	157.619	80.057	19.978	100.534	20.219	0.178	1.031	899.641
94.001	158.176	80.058	19.978	100.529	20.224	-0.260	1.060	899.612
94.501	158.653	80.057	19.979	100.525	20.220	0.128	1.032	899.591
95.001	159.148	80.056	19.977	100.525	20.221	0.145	0.972	899.651
95.502	159.679	80.057	19.978	100.526	20.219	0.273	1.027	899.659
96.001	160.202	80.057	19.979	100.530	20.220	0.159	1.054	899.633
96.501	160.709	80.056	19.978	100.534	20.221	0.040	1.029	899.612
97.001	161.248	80.058	19.978	100.536	20.223	-0.196	1.046	899.635
97.501	161.755	80.059	19.977	100.536	20.225	-0.328	1.047	899.621
98.000	162.291	80.060	19.979	100.535	20.224	-0.147	1.044	899.644
98.500	162.772	80.057	19.979	100.534	20.224	-0.158	1.017	899.646
99.001	163.271	80.056	19.978	100.535	20.226	-0.393	0.979	899.634
99.501	163.789	80.057	19.978	100.536	20.225	-0.230	1.018	899.626
100.001	164.299	80.058	19.979	100.530	20.224	-0.028	1.029	899.627
100.501	164.793	80.057	19.979	100.528	20.222	0.125	1.003	899.634
101.001	165.319	80.058	19.979	100.528	20.222	0.060	1.019	899.605
101.501	165.803	80.056	19.979	100.527	20.223	-0.012	1.011	899.581
102.001	166.332	80.055	19.979	100.524	20.223	-0.111	1.014	899.639
102.500	166.876	80.058	19.978	100.529	20.223	-0.055	1.073	899.627
103.001	167.355	80.057	19.979	100.527	20.221	0.195	1.022	899.636
103.501	167.863	80.057	19.979	100.526	20.224	-0.069	0.986	899.620
104.002	168.397	80.056	19.980	100.526	20.220	0.407	1.042	899.621
104.501	168.895	80.055	19.978	100.528	20.221	0.349	1.033	899.620
105.001	169.407	80.057	19.978	100.525	20.222	0.285	1.011	899.600
105.501	169.914	80.057	19.978	100.525	20.225	-0.015	1.019	899.611
106.001	170.423	80.057	19.978	100.522	20.225	-0.129	1.016	899.633
106.501	170.922	80.060	19.979	100.519	20.224	-0.046	1.008	899.620
107.001	171.432	80.058	19.980	100.515	20.223	0.035	1.009	899.598
107.501	171.951	80.057	19.979	100.517	20.228	-0.429	1.029	899.615
108.001	172.451	80.058	19.979	100.519	20.223	0.192	1.019	899.624
108.500	172.976	80.058	19.979	100.521	20.222	0.275	1.025	899.589
109.001	173.473	80.057	19.979	100.523	20.224	0.145	1.021	899.612
109.501	173.968	80.057	19.979	100.524	20.225	-0.041	0.991	899.631
110.001	174.502	80.056	19.978	100.522	20.228	-0.312	1.028	899.617
110.501	175.027	80.059	19.978	100.518	20.226	-0.166	1.060	899.604
111.001	175.516	80.059	19.980	100.513	20.226	-0.208	1.014	899.603
111.501	176.014	80.059	19.979	100.512	20.226	-0.126	0.987	899.579
112.001	176.559	80.059	19.979	100.510	20.226	-0.111	1.043	899.586
112.501	177.064	80.057	19.980	100.511	20.225	0.078	1.050	899.602
113.001	177.564	80.057	19.979	100.514	20.224	0.272	1.005	899.626
113.501	178.100	80.060	19.979	100.515	20.226	0.130	1.035	899.587
114.001	178.602	80.059	19.979	100.514	20.225	0.298	1.038	899.597
114.501	179.102	80.057	19.978	100.516	20.225	0.333	1.003	899.597
115.001	179.630	80.057	19.978	100.512	20.226	0.302	1.028	899.586
115.501	180.112	80.057	19.978	100.509	20.224	0.505	1.010	899.586
116.001	180.656	80.058	19.977	100.508	20.227	0.086	1.026	899.621
116.501	181.133	80.056	19.978	100.509	20.228	-0.009	1.021	899.602
117.001	181.642	80.056	19.977	100.508	20.228	-0.067	0.986	899.615
117.501	182.170	80.058	19.978	100.512	20.228	-0.119	1.037	899.618
118.001	182.678	80.056	19.979	100.513	20.228	-0.027	1.036	899.591
118.501	183.169	80.058	19.978	100.512	20.227	0.038	0.999	899.577
119.001	183.707	80.060	19.978	100.510	20.227	0.048	1.028	899.621
119.501	184.251	80.060	19.977	100.507	20.225	0.344	1.081	899.604
120.002	184.739	80.059	19.977	100.501	20.230	-0.136	1.032	899.595
120.502	185.236	80.058	19.977	100.498	20.228	0.068	0.986	899.599
121.002	185.724	80.057	19.976	100.495	20.227	0.208	0.985	899.619
121.501	186.233	80.059	19.976	100.489	20.225	0.454	0.997	899.562
122.001	186.757	80.056	19.977	100.488	20.227	0.277	1.033	899.570
122.502	187.256	80.057	19.977	100.489	20.230	-0.076	1.023	899.590
123.001	187.772	80.057	19.977	100.490	20.231	-0.241	1.016	899.567
123.501	188.295	80.056	19.978	100.493	20.229	0.038	1.039	899.574
124.001	188.790	80.060	19.978	100.497	20.230	-0.035	1.017	899.577
124.501	189.304	80.061	19.978	100.497	20.230	-0.007	1.009	899.539
125.001	189.799	80.059	19.978	100.497	20.228	0.137	1.009	899.568
125.502	190.315	80.060	19.978	100.497	20.229	0.057	1.011	899.591
126.002	190.856	80.058	19.978	100.495	20.233	-0.253	1.057	899.585
126.502	191.359	80.058	19.978	100.493	20.236	-0.485	1.044	899.553
127.001	191.824	80.058	19.977	100.490	20.234	-0.215	0.968	899.609
127.501	192.338	80.056	19.978	100.489	20.235	-0.409	0.978	899.570
128.001	192.865	80.057	19.978	100.488	20.234	-0.239	1.041	899.585
128.501	193.362	80.059	19.978	100.485	20.234	-0.148	1.025	899.578
129.001	193.861	80.057	19.979	100.483	20.233	-0.120	0.996	899.550
129.501	194.365	80.060	19.979	100.483	20.234	-0.189	1.002	899.588
130.001	194.878	80.060	19.979	100.484	20.230	0.157	1.017	899.539
130.501	195.426	80.059	19.979	100.487	20.234	-0.199	1.061	899.577
131.002	195.936	80.058	19.978	100.489	20.233	-0.038	1.058	899.588
131.501	196.435	80.056	19.978	100.487	20.232	0.150	1.009	899.589
132.001	196.939	80.056	19.979	100.485	20.235	-0.120	1.003	899.557
132.501	197.469	80.058	19.978	100.482	20.233	0.038	1.034	899.563
133.001	197.981	80.057	19.979	100.480	20.234	-0.015	1.042	899.578
133.501	198.477	80.058	19.979	100.477	20.236	-0.237	1.008	899.575
134.001	198.944	80.057	19.979	100.475	20.234	-0.205	0.962	899.573
134.501	199.468	80.056	19.979	100.473	20.234	-0.253	0.991	899.573
135.001	199.984	80.059	19.979	100.472	20.235	-0.384	1.041	899.527
135.501	200.513	80.058	19.979	100.469	20.236	-0.421	1.045	899.570
136.001	201.002	80.058	19.979	100.471	20.233	-0.062	1.017	899.554
136.502	201.540	80.057	19.979	100.473	20.236	-0.329	1.027	899.589
137.002	202.018	80.056	19.978	100.475	20.235	-0.110	1.017	899.521
137.501	202.524	80.056	19.978	100.474	20.234	-0.011	0.985	899.556
138.001	203.030	80.057	19.978	100.473	20.236	-0.191	1.011	899.581
138.501	203.545	80.055	19.979	100.469	20.237	-0.278	1.021	899.561
139.002	204.017	80.057	19.979	100.465	20.234	-0.055	0.987	899.583
139.501	204.529	80.056	19.977	100.463	20.236	-0.257	0.984	899.584
140.001	205.054	80.057	19.979	100.460	20.238	-0.548	1.038	899.590
140.501	205.574	80.059	19.980	100.460	20.238	-0.532	1.044	899.568
141.001	206.081	80.059	19.979	100.465	20.239	-0.666	1.026	899.557
141.501	206.598	80.060	19.979	100.472	20.240	-0.862	1.023	899.593
142.002	207.116	80.059	19.979	100.475	20.237	-0.617	1.034	899.581
142.502	207.604	80.057	19.979	100.476	20.234	-0.155	1.007	899.561
143.002	208.110	80.060	19.979	100.474	20.235	-0.240	0.995	899.587
143.502	208.663	80.059	19.978	100.468	20.237	-0.376	1.059	899.567
144.002	209.125	80.058	19.978	100.461	20.233	0.189	1.015	899.546
144.502	209.638	80.060	19.978	100.458	20.234	0.046	0.975	899.580
145.002	210.113	80.062	19.977	100.458	20.235	0.134	0.988	899.560
145.502	210.614	80.060	19.978	100.459	20.235	0.120	0.977	899.597
146.001	211.143	80.061	19.977	100.462	20.234	0.258	1.030	899.556
146.501	211.639	80.061	19.977	100.463	20.235	0.098	1.024	899.592
147.002	212.118	80.057	19.976	100.466	20.236	0.077	0.975	899.573
147.502	212.653	80.058	19.977	100.466	20.235	0.321	1.014	899.546
148.002	213.170	80.058	19.978	100.467	20.234	0.358	1.052	899.608
148.501	213.673	80.059	19.978	100.470	20.235	0.186	1.020	899.579
149.002	214.177	80.058	19.977	100.474	20.235	0.122	1.007	899.576
149.501	214.676	80.058	19.977	100.474	20.237	-0.062	1.003	899.557
150.001	215.200	80.059	19.978	100.471	20.233	0.252	1.022	899.592
150.502	215.714	80.056	19.976	100.466	20.235	-0.042	1.038	899.582
151.001	216.193	80.059	19.977	100.458	20.235	-0.126	0.993	899.604
151.501	216.727	80.061	19.978	100.453	20.236	-0.206	1.013	899.580
152.002	217.251	80.061	19.978	100.453	20.236	-0.353	1.057	899.572
152.501	217.747	80.060	19.978	100.451	20.239	-0.754	1.021	899.592
153.001	218.235	80.058	19.977	100.451	20.238	-0.519	0.984	899.595
153.501	218.728	80.059	19.977	100.451	20.235	-0.097	0.980	899.585
154.002	219.239	80.061	19.978	100.449	20.237	-0.216	1.004	899.547
154.502	219.759	80.059	19.977	100.443	20.238	-0.346	1.031	899.571
155.001	220.274	80.059	19.977	100.441	20.237	-0.160	1.036	899.546
155.501	220.732	80.060	19.978	100.444	20.241	-0.575	0.973	899.588
156.001	221.266	80.058	19.977	100.448	20.238	-0.246	0.992	899.570
156.501	221.777	80.060	19.978	100.449	20.236	-0.052	1.045	899.552
157.001	222.263	80.060	19.979	100.450	20.239	-0.337	0.996	899.582
157.501	222.757	80.059	19.978	100.454	20.243	-0.632	0.980	899.575
158.001	223.274	80.059	19.978	100.459	20.237	0.059	1.011	899.554
158.502	223.757	80.057	19.978	100.462	20.237	0.090	1.000	899.553
159.002	224.279	80.058	19.978	100.464	20.236	0.316	1.005	899.570
159.501	224.796	80.058	19.978	100.472	20.237	0.215	1.040	899.581
160.001	225.294	80.055	19.977	100.473	20.240	-0.079	1.016	899.570
160.501	225.790	80.057	19.978	100.463	20.239	-0.026	0.993	899.584
161.002	226.304	80.058	19.978	100.454	20.237	0.098	1.010	899.570
161.502	226.804	80.058	19.977	100.456	20.238	0.007	1.015	899.563
162.001	227.297	80.059	19.978	100.452	20.238	0.005	0.993	899.545
162.501	227.833	80.060	19.979	100.450	20.238	0.001	1.029	899.583
163.001	228.320	80.059	19.978	100.455	20.239	-0.084	1.023	899.571
163.502	228.819	80.058	19.978	100.457	20.239	-0.087	0.985	899.567
164.002	229.320	80.059	19.977	100.452	20.239	0.065	0.999	899.570
164.502	229.863	80.060	19.977	100.446	20.239	0.024	1.044	899.541
165.002	230.345	80.059	19.978	100.443	20.238	0.271	1.026	899.586
165.502	230.872	80.058	19.977	100.439	20.239	0.143	1.010	899.597
166.002	231.362	80.057	19.976	100.437	20.239	0.136	1.018	899.550
166.501	231.828	80.058	19.977	100.435	20.239	0.168	0.956	899.544
167.002	232.338	80.056	19.976	100.435	20.239	0.099	0.976	899.548
167.502	232.834	80.059	19.976	100.434	20.238	0.229	1.006	899.547
168.002	233.381	80.058	19.978	100.434	20.240	0.138	1.042	899.564
168.502	233.839	80.058	19.977	100.439	20.239	0.208	1.005	899.556
169.003	234.368	80.056	19.977	100.441	20.241	-0.082	0.988	899.572
169.502	234.870	80.055	19.977	100.442	20.243	-0.280	1.032	899.566
170.001	235.368	80.054	19.976	100.443	20.244	-0.427	1.000	899.564
170.501	235.863	80.054	19.977	100.442	20.243	-0.403	0.994	899.559
171.001	236.359	80.051	19.977	100.433	20.242	-0.370	0.991	899.525
171.502	236.873	80.053	19.978	100.429	20.243	-0.424	1.009	899.552
172.002	237.368	80.053	19.978	100.428	20.243	-0.378	1.009	899.563
172.502	237.873	80.054	19.978	100.427	20.240	-0.047	1.001	899.564
173.002	238.398	80.058	19.977	100.427	20.241	-0.006	1.030	899.554
173.502	238.877	80.058	19.978	100.428	20.242	-0.091	1.004	899.552
174.001	239.391	80.057	19.978	100.428	20.243	-0.200	0.993	899.570
174.502	239.871	80.058	19.978	100.428	20.242	-0.134	0.994	899.531
175.002	240.396	80.055	19.977	100.426	20.244	-0.358	1.004	899.533
175.502	240.911	80.055	19.977	100.425	20.245	-0.510	1.041	899.562
176.002	241.429	80.055	19.978	100.424	20.244	-0.441	1.034	899.559
176.502	241.934	80.055	19.978	100.426	20.246	-0.595	1.023	899.557
177.001	242.433	80.057	19.977	100.426	20.242	-0.202	1.004	899.562
177.502	242.937	80.058	19.978	100.430	20.246	-0.370	1.002	899.557
178.002	243.446	80.058	19.978	100.436	20.247	-0.486	1.012	899.557
178.502	243.922	80.058	19.978	100.440	20.245	-0.366	0.984	899.569
179.002	244.441	80.055	19.979	100.437	20.244	-0.298	0.995	899.555
179.502	244.950	80.054	19.978	100.433	20.242	-0.124	1.029	899.581
180.002	245.470	80.054	19.978	100.427	20.245	-0.505	1.030	899.559
180.501	245.940	80.054	19.978	100.420	20.246	-0.732	0.990	899.566
181.001	246.450	80.055	19.977	100.421	20.244	-0.620	0.979	899.563
181.502	246.957	80.054	19.978	100.422	20.245	-0.695	1.017	899.567
182.002	247.463	80.055	19.978	100.427	20.244	-0.572	1.013	899.541
182.502	247.959	80.055	19.977	100.431	20.245	-0.437	1.001	899.541
183.002	248.473	80.054	19.979	100.430	20.247	-0.481	1.010	899.578
183.502	248.938	80.055	19.978	100.428	20.244	-0.073	0.979	899.571
184.002	249.442	80.057	19.978	100.428	20.244	0.028	0.970	899.572
184.502	249.956	80.057	19.978	100.423	20.245	-0.043	1.018	899.578
185.002	250.449	80.055	19.978	100.415	20.246	-0.114	1.007	899.583
185.501	250.962	80.054	19.978	100.416	20.245	-0.165	1.006	899.568
186.002	251.485	80.055	19.978	100.418	20.244	-0.089	1.035	899.560
186.502	251.989	80.057	19.978	100.420	20.244	-0.184	1.027	899.587
187.001	252.498	80.055	19.979	100.425	20.245	-0.290	1.014	899.588
187.502	252.964	80.057	19.979	100.434	20.248	-0.679	0.974	899.548
188.003	253.470	80.057	19.978	100.439	20.246	-0.401	0.971	899.621
188.502	253.981	80.057	19.978	100.438	20.246	-0.293	1.018	899.589
189.002	254.502	80.057	19.978	100.436	20.248	-0.526	1.032	899.553
189.502	254.993	80.058	19.977	100.434	20.246	-0.342	1.011	899.586
190.002	255.510	80.056	19.979	100.422	20.244	-0.073	1.008	899.605
190.502	255.999	80.054	19.978	100.415	20.248	-0.574	1.007	899.614
191.002	256.509	80.053	19.978	100.410	20.247	-0.550	0.998	899.559
191.503	256.992	80.055	19.978	100.404	20.249	-0.697	0.992	899.579
192.003	257.457	80.055	19.977	100.400	20.249	-0.661	0.949	899.557
192.502	257.993	80.054	19.978	100.407	20.249	-0.698	1.003	899.594
193.002	258.499	80.054	19.979	100.412	20.251	-0.841	1.042	899.604
193.501	259.006	80.054	19.978	100.415	20.249	-0.491	1.013	899.587
194.002	259.500	80.054	19.979	100.420	20.253	-0.829	1.001	899.578
194.502	260.003	80.056	19.979	100.421	20.248	-0.367	0.996	899.561
195.002	260.483	80.055	19.978	100.420	20.248	-0.295	0.983	899.584
195.502	261.004	80.055	19.979	100.416	20.250	-0.432	1.001	899.584
196.002	261.503	80.054	19.980	100.412	20.247	-0.323	1.021	899.595
196.502	262.050	80.054	19.979	100.412	20.252	-0.846	1.046	899.610
197.002	262.480	80.055	19.979	100.413	20.247	-0.454	0.976	899.625
197.503	262.976	80.055	19.978	100.414	20.247	-0.460	0.926	899.594
198.002	263.502	80.053	19.978	100.418	20.248	-0.519	1.023	899.618
198.502	264.022	80.057	19.978	100.421	20.251	-0.671	1.047	899.603
199.001	264.512	80.057	19.977	100.416	20.251	-0.577	1.010	899.599
199.502	265.027	80.056	19.979	100.416	20.250	-0.364	1.004	899.598
200.002	265.494	80.057	19.978	100.416	20.251	-0.511	0.981	899.615
200.502	266.048	80.055	19.977	100.409	20.250	-0.423	1.022	899.583
201.002	266.518	80.056	19.978	100.404	20.250	-0.364	1.024	899.618
201.502	267.003	80.057	19.979	100.402	20.247	-0.221	0.954	899.602
202.002	267.506	80.056	19.978	100.400	20.253	-0.909	0.989	899.612
202.501	268.035	80.057	19.979	100.398	20.251	-0.735	1.032	899.595
203.002	268.548	80.057	19.979	100.400	20.252	-0.821	1.041	899.622
203.502	269.055	80.054	19.979	100.410	20.253	-0.894	1.020	899.625
204.002	269.545	80.055	19.979	100.414	20.252	-0.840	0.997	899.623
204.503	270.027	80.056	19.978	100.416	20.250	-0.627	0.971	899.608
205.003	270.513	80.057	19.978	100.416	20.252	-0.852	0.968	899.636
205.503	271.023	80.056	19.979	100.414	20.250	-0.687	0.998	899.604
206.002	271.514	80.057	19.978	100.401	20.250	-0.728	1.001	899.608
206.502	272.006	80.056	19.979	100.395	20.250	-0.766	0.982	899.605
207.002	272.492	80.055	19.979	100.392	20.247	-0.416	0.979	899.616
207.502	273.013	80.052	19.978	100.392	20.248	-0.547	1.008	899.596
208.002	273.512	80.055	19.978	100.395	20.249	-0.580	1.020	899.590
208.502	274.000	80.056	19.977	100.401	20.250	-0.565	0.986	899.594
209.003	274.515	80.056	19.977	100.405	20.249	-0.371	1.003	899.632
209.503	275.000	80.058	19.978	100.405	20.250	-0.372	0.999	899.661
210.003	275.510	80.056	19.977	100.407	20.249	-0.096	0.995	899.592
210.502	276.008	80.057	19.978	100.406	20.248	0.091	1.009	899.639
211.002	276.517	80.057	19.978	100.405	20.251	-0.127	1.006	899.606
211.502	277.034	80.058	19.978	100.405	20.251	-0.166	1.026	899.629
212.002	277.516	80.060	19.978	100.408	20.252	-0.272	0.999	899.584
212.503	278.012	80.056	19.979	100.409	20.252	-0.413	0.977	899.618
213.003	278.502	80.057	19.978	100.410	20.251	-0.483	0.986	899.634
213.503	279.034	80.059	19.978	100.414	20.253	-0.782	1.023	899.602
214.002	279.546	80.058	19.977	100.413	20.252	-0.706	1.045	899.640
214.502	280.033	80.059	19.977	100.415	20.251	-0.528	1.000	899.589
215.002	280.520	80.059	19.978	100.414	20.249	-0.322	0.974	899.627
215.503	281.014	80.058	19.978	100.411	20.251	-0.481	0.980	899.587
216.003	281.495	80.057	19.977	100.405	20.250	-0.296	0.975	899.602
216.503	282.046	80.056	19.977	100.399	20.249	-0.076	1.031	899.647
217.003	282.553	80.057	19.977	100.388	20.248	-0.013	1.058	899.651
217.502	283.037	80.057	19.976	100.379	20.249	-0.121	0.993	899.635
218.002	283.512	80.054	19.978	100.376	20.250	-0.191	0.959	899.612
218.503	284.040	80.056	19.978	100.378	20.253	-0.477	1.002	899.634
219.003	284.521	80.058	19.978	100.382	20.249	-0.079	1.009	899.620
219.503	285.024	80.055	19.976	100.385	20.246	0.213	0.984	899.659
220.003	285.536	80.057	19.976	100.390	20.248	-0.154	1.016	899.582
220.502	286.038	80.057	19.977	100.398	20.250	-0.335	1.014	899.652
221.002	286.536	80.055	19.977	100.400	20.251	-0.529	0.999	899.627
221.503	287.011	80.058	19.976	100.399	20.251	-0.445	0.973	899.637
222.003	287.517	80.058	19.978	100.400	20.250	-0.296	0.981	899.628
222.503	288.040	80.058	19.978	100.395	20.250	-0.283	1.028	899.658
223.003	288.543	80.056	19.977	100.390	20.249	0.102	1.026	899.636
223.503	289.031	80.055	19.978	100.389	20.252	-0.029	0.992	899.657
224.002	289.562	80.056	19.977	100.384	20.251	0.182	1.019	899.637
224.502	290.043	80.056	19.977	100.386	20.254	-0.078	1.012	899.663
225.002	290.538	80.056	19.977	100.389	20.256	-0.223	0.976	899.641
225.502	291.042	80.057	19.977	100.385	20.253	0.116	0.998	899.651
226.002	291.534	80.056	19.978	100.385	20.251	0.124	0.995	899.657
226.503	292.019	80.053	19.978	100.388	20.255	-0.440	0.977	899.650
227.003	292.512	80.057	19.977	100.389	20.254	-0.325	0.978	899.618
227.503	293.039	80.059	19.978	100.394	20.252	-0.060	1.019	899.626
228.003	293.542	80.056	19.978	100.397	20.251	0.119	1.030	899.636
228.503	294.037	80.059	19.978	100.397	20.251	0.049	0.998	899.606
229.003	294.549	80.056	19.979	100.394	20.253	-0.204	1.007	899.642
229.503	295.016	80.057	19.978	100.392	20.253	-0.063	0.979	899.652
230.003	295.546	80.057	19.978	100.384	20.254	-0.284	0.997	899.675
230.503	296.052	80.056	19.977	100.374	20.249	0.030	1.037	899.653
231.002	296.549	80.054	19.977	100.362	20.251	-0.247	1.003	899.673
231.503	297.046	80.054	19.978	100.360	20.250	-0.031	0.993	899.645
232.003	297.533	80.053	19.978	100.356	20.250	-0.072	0.983	899.651
232.503	298.083	80.056	19.977	100.353	20.251	-0.145	1.039	899.654
233.002	298.584	80.058	19.978	100.360	20.252	-0.193	1.051	899.663
233.503	299.046	80.057	19.978	100.368	20.249	0.207	0.962	899.683
234.003	299.560	80.055	19.977	100.374	20.252	-0.051	0.977	899.665
234.503	300.076	80.052	19.978	100.373	20.251	0.059	1.031	899.656
235.002	300.567	80.054	19.978	100.368	20.252	-0.123	1.008	899.677
235.502	301.063	80.055	19.978	100.364	20.250	0.161	0.987	899.646
236.002	301.579	80.054	19.977	100.366	20.250	0.202	1.011	899.697
236.503	302.071	80.056	19.977	100.363	20.251	0.007	1.008	899.694
237.003	302.600	80.056	19.978	100.368	20.252	-0.061	1.021	899.674
237.502	303.063	80.055	19.978	100.377	20.251	0.026	0.992	899.665
238.003	303.573	80.056	19.977	100.384	20.252	0.037	0.973	899.647
238.503	304.072	80.055	19.978	100.381	20.252	0.037	1.009	899.649
239.002	304.577	80.056	19.978	100.380	20.250	0.186	1.004	899.690
239.502	305.051	80.056	19.978	100.379	20.249	0.302	0.979	899.663
240.003	305.568	80.056	19.979	100.375	20.250	0.035	0.991	899.658
240.503	306.046	80.056	19.977	100.374	20.251	-0.012	0.995	899.645
241.002	306.556	80.054	19.977	100.372	20.248	0.375	0.988	899.679
241.503	307.052	80.054	19.977	100.369	20.250	0.206	1.004	899.683
242.003	307.549	80.055	19.977	100.369	20.247	0.496	0.993	899.637
242.503	308.064	80.055	19.977	100.370	20.246	0.667	1.013	899.657
243.002	308.560	80.055	19.977	100.367	20.252	0.164	1.010	899.673
243.503	309.083	80.056	19.976	100.370	20.251	0.277	1.019	899.685
244.003	309.564	80.055	19.977	100.373	20.250	0.249	1.004	899.678
244.502	310.025	80.054	19.978	100.368	20.251	0.210	0.943	899.660
245.002	310.538	80.053	19.977	100.366	20.251	0.147	0.974	899.652
245.502	311.059	80.053	19.978	100.362	20.251	0.143	1.033	899.653
246.003	311.530	80.055	19.978	100.364	20.251	0.183	0.991	899.664
246.503	312.057	80.052	19.977	100.365	20.250	0.291	0.997	899.662
247.003	312.523	80.053	19.977	100.371	20.252	0.138	0.994	899.665
247.503	313.022	80.053	19.978	100.375	20.249	0.490	0.966	899.661
248.003	313.521	80.052	19.978	100.375	20.253	0.211	0.997	899.634
248.503	314.075	80.054	19.979	100.367	20.251	0.383	1.053	899.686
249.003	314.563	80.057	19.978	100.366	20.253	0.143	1.043	899.670
249.503	315.042	80.055	19.979	100.363	20.251	0.305	0.967	899.668
250.003	315.527	80.055	19.979	100.359	20.255	-0.120	0.965	899.663
250.502	316.055	80.054	19.977	100.361	20.251	0.166	1.014	899.656
251.002	316.559	80.055	19.978	100.362	20.251	-0.064	1.032	899.695
251.502	317.059	80.056	19.980	100.362	20.250	0.044	1.004	899.691
252.002	317.526	80.056	19.980	100.359	20.251	-0.040	0.967	899.657
252.503	318.038	80.057	19.979	100.362	20.253	-0.117	0.977	899.664
253.004	318.537	80.055	19.979	100.363	20.249	0.333	1.010	899.680
253.503	319.032	80.054	19.979	100.363	20.249	0.312	0.996	899.665
254.002	319.539	80.055	19.979	100.361	20.245	0.859	1.004	899.639
254.502	320.060	80.056	19.978	100.362	20.247	0.805	1.028	899.655
255.002	320.578	80.055	19.978	100.354	20.245	1.091	1.037	899.639
255.503	321.072	80.056	19.979	100.345	20.250	0.475	1.011	899.703
256.003	321.560	80.056	19.978	100.349	20.249	0.570	0.983	899.705
256.502	322.060	80.057	19.979	100.355	20.249	0.669	0.989	899.671
257.002	322.581	80.059	19.980	100.357	20.248	0.728	1.021	899.670
257.503	323.089	80.055	19.978	100.362	20.250	0.472	1.029	899.717
258.003	323.534	80.055	19.978	100.371	20.251	0.357	0.952	899.691
258.503	324.060	80.058	19.977	100.372	20.247	0.831	0.971	899.712
259.003	324.589	80.056	19.978	100.371	20.249	0.671	1.056	899.692
259.503	325.069	80.056	19.979	100.371	20.249	0.620	1.010	899.705
260.002	325.587	80.055	19.977	100.368	20.251	0.370	0.998	899.720
260.502	326.067	80.055	19.978	100.367	20.249	0.527	0.997	899.720
261.003	326.584	80.054	19.978	100.362	20.251	0.377	0.997	899.727
261.503	327.042	80.054	19.978	100.354	20.248	0.621	0.975	899.667
262.003	327.566	80.054	19.977	100.347	20.248	0.594	0.981	899.687
262.503	328.049	80.057	19.979	100.346	20.247	0.806	1.007	899.679
263.003	328.534	80.055	19.978	100.349	20.244	1.223	0.969	899.675
263.503	329.039	80.055	19.977	100.350	20.245	1.161	0.991	899.686
264.002	329.540	80.055	19.976	100.350	20.248	0.937	1.006	899.694
264.503	330.022	80.055	19.976	100.354	20.246	1.081	0.982	899.700
265.003	330.539	80.056	19.977	100.356	20.249	0.999	0.999	899.671
265.503	331.075	80.056	19.977	100.351	20.249	0.958	1.053	899.709
266.003	331.563	80.055	19.977	100.348	20.248	1.110	1.023	899.672
266.503	332.066	80.054	19.977	100.351	20.250	0.922	0.991	899.691
267.003	332.570	80.054	19.977	100.351	20.252	0.631	1.008	899.734
267.503	333.085	80.054	19.977	100.354	20.255	0.205	1.020	899.720
268.003	333.565	80.051	19.977	100.354	20.251	0.447	0.995	899.695
268.503	334.053	80.051	19.977	100.355	20.250	0.454	0.967	899.730
269.003	334.545	80.055	19.979	100.353	20.251	0.289	0.980	899.721
269.503	335.065	80.054	19.978	100.354	20.250	0.338	1.013	899.722
270.002	335.570	80.055	19.978	100.346	20.248	0.518	1.025	899.711
270.503	336.091	80.055	19.978	100.345	20.250	0.434	1.025	899.735
271.003	336.581	80.054	19.978	100.344	20.251	0.487	1.010	899.675
271.503	337.060	80.054	19.978	100.341	20.254	0.417	0.969	899.717
272.003	337.541	80.054	19.978	100.336	20.251	0.806	0.961	899.722
272.503	338.037	80.053	19.978	100.334	20.250	1.002	0.978	899.685
273.002	338.532	80.053	19.978	100.330	20.251	0.926	0.991	899.697
273.503	339.025	80.052	19.979	100.328	20.250	1.170	0.987	899.723
274.003	339.550	80.051	19.978	100.332	20.251	1.130	1.017	899.728
274.503	340.033	80.053	19.978	100.332	20.247	1.374	1.008	899.735
275.003	340.526	80.053	19.978	100.343	20.250	1.073	0.976	899.732
275.503	341.050	80.054	19.977	100.353	20.247	1.466	1.017	899.724
276.003	341.541	80.057	19.978	100.360	20.246	1.540	1.015	899.727
276.503	342.057	80.059	19.978	100.359	20.245	1.570	1.008	899.737
277.003	342.579	80.058	19.977	100.361	20.246	1.376	1.037	899.731
277.503	343.073	80.055	19.978	100.356	20.248	1.195	1.015	899.699
278.003	343.550	80.056	19.978	100.348	20.248	1.179	0.971	899.744
278.503	344.063	80.056	19.977	100.341	20.248	1.016	0.990	899.723
279.003	344.548	80.053	19.978	100.332	20.248	1.019	0.998	899.720
279.503	345.079	80.052	19.978	100.326	20.244	1.467	1.016	899.701
280.003	345.535	80.055	19.978	100.320	20.244	1.500	0.987	899.707
280.503	346.088	80.054	19.978	100.321	20.246	1.322	1.010	899.752
281.003	346.561	80.057	19.977	100.317	20.246	1.331	1.026	899.759
281.503	347.073	80.059	19.979	100.320	20.245	1.426	0.985	899.710
282.003	347.558	80.057	19.978	100.321	20.246	1.468	0.997	899.741
282.503	348.055	80.053	19.977	100.321	20.243	1.890	0.982	899.717
283.003	348.552	80.054	19.978	100.317	20.242	2.043	0.993	899.726
283.503	349.048	80.056	19.978	100.320	20.241	2.090	0.993	899.738
284.003	349.569	80.058	19.978	100.325	20.239	2.329	1.018	899.755
284.503	350.041	80.057	19.979	100.328	20.241	2.146	0.994	899.707
285.003	350.557	80.058	19.979	100.330	20.241	2.068	0.988	899.730
285.503	351.076	80.057	19.978	100.334	20.243	1.682	1.034	899.745
286.004	351.577	80.056	19.978	100.337	20.243	1.693	1.019	899.732
286.504	352.082	80.059	19.978	100.338	20.241	1.848	1.007	899.721
287.003	352.568	80.059	19.979	100.336	20.239	1.957	0.992	899.726
287.503	353.043	80.058	19.978	100.335	20.239	1.902	0.961	899.750
288.003	353.579	80.057	19.977	100.333	20.237	2.070	1.011	899.727
288.503	354.043	80.053	19.977	100.331	20.237	2.108	0.999	899.732
289.004	354.517	80.054	19.977	100.328	20.236	2.186	0.938	899.751
289.503	355.025	80.055	19.976	100.324	20.238	2.054	0.983	899.747
290.003	355.564	80.055	19.978	100.316	20.234	2.653	1.046	899.717
290.504	356.054	80.056	19.977	100.318	20.237	2.361	1.029	899.730
291.003	356.521	80.055	19.977	100.317	20.232	2.853	0.958	899.712
291.503	357.042	80.054	19.978	100.316	20.231	2.976	0.988	899.762
292.003	357.551	80.055	19.976	100.319	20.232	2.878	1.031	899.703
292.503	358.068	80.055	19.978	100.327	20.238	2.261	1.027	899.766
293.003	358.548	80.055	19.978	100.328	20.232	2.755	0.997	899.758
293.503	359.049	80.054	19.978	100.329	20.234	2.548	0.981	899.739
294.003	359.555	80.054	19.978	100.333	20.233	2.713	1.007	899.709
294.503	360.018	80.055	19.978	100.338	20.231	2.841	0.969	899.757
295.003	360.524	80.056	19.977	100.337	20.230	2.970	0.969	899.737
295.503	361.075	80.054	19.978	100.341	20.231	2.971	1.056	899.737
296.003	361.540	80.056	19.978	100.343	20.230	3.209	1.016	899.725
296.503	362.038	80.055	19.978	100.340	20.227	3.552	0.963	899.747
297.003	362.539	80.054	19.977	100.333	20.227	3.700	0.999	899.741
297.503	363.064	80.056	19.977	100.329	20.228	3.736	1.026	899.722
298.004	363.542	80.055	19.976	100.323	20.226	3.961	1.003	899.716
298.504	364.070	80.057	19.977	100.323	20.223	4.159	1.006	899.749
299.003	364.544	80.054	19.976	100.324	20.225	3.759	1.002	899.753
299.503	365.048	80.053	19.976	100.328	20.223	3.887	0.978	899.748
300.004	365.537	80.054	19.978	100.332	20.225	3.658	0.993	899.742
300.504	366.060	80.053	19.977	100.332	20.222	3.926	1.012	899.752
301.003	366.515	80.053	19.978	100.331	20.222	3.947	0.978	899.729
301.503	367.053	80.056	19.979	100.331	20.220	4.286	0.993	899.755
302.004	367.544	80.054	19.978	100.337	20.218	4.706	1.029	899.729
302.503	368.042	80.053	19.978	100.336	20.216	4.811	0.990	899.720
303.003	368.557	80.055	19.977	100.330	20.214	5.036	1.013	899.758
303.503	369.050	80.054	19.978	100.320	20.214	4.959	1.007	899.762
304.003	369.562	80.052	19.979	100.314	20.212	5.211	1.004	899.777
304.504	370.045	80.053	19.977	100.305	20.214	4.930	0.995	899.766
305.004	370.547	80.053	19.978	100.301	20.211	5.197	0.986	899.784
305.503	371.043	80.056	19.978	100.304	20.211	5.302	0.998	899.779
306.004	371.557	80.055	19.978	100.314	20.208	5.672	1.009	899.760
306.503	372.049	80.054	19.976	100.323	20.208	5.650	1.007	899.735
307.003	372.569	80.056	19.978	100.325	20.204	6.016	1.012	899.754
307.503	373.069	80.056	19.978	100.327	20.202	6.310	1.020	899.753
308.003	373.585	80.057	19.978	100.328	20.199	6.644	1.016	899.769
308.504	374.053	80.059	19.977	100.323	20.199	6.473	0.983	899.772
309.004	374.556	80.057	19.977	100.313	20.195	6.765	0.971	899.770
309.504	375.063	80.057	19.978	100.309	20.197	6.604	1.011	899.790
310.004	375.578	80.055	19.977	100.312	20.192	7.040	1.023	899.753
310.503	376.098	80.053	19.977	100.314	20.189	7.467	1.036	899.783
311.003	376.564	80.055	19.976	100.317	20.188	7.492	0.986	899.813
311.503	377.053	80.054	19.976	100.319	20.190	7.411	0.954	899.785
312.004	377.545	80.054	19.977	100.323	20.183	8.383	0.980	899.788
312.504	378.019	80.056	19.978	100.320	20.181	8.698	0.966	899.762
313.003	378.513	80.053	19.977	100.314	20.177	9.187	0.969	899.749
313.503	379.015	80.055	19.977	100.312	20.172	9.759	0.996	899.773
314.004	379.530	80.057	19.977	100.314	20.169	10.006	1.016	899.810
314.504	380.051	80.057	19.977	100.313	20.168	10.118	1.035	899.807
315.004	380.548	80.054	19.978	100.316	20.163	10.540	1.018	899.793
315.503	381.054	80.055	19.977	100.318	20.159	10.870	1.004	899.800
316.003	381.538	80.056	19.977	100.319	20.154	11.309	0.990	899.797
316.503	382.057	80.057	19.978	100.327	20.153	11.386	1.003	899.804
317.003	382.566	80.055	19.977	100.329	20.145	12.315	1.028	899.786
317.503	383.035	80.057	19.978	100.328	20.143	12.449	0.978	899.820
318.004	383.560	80.057	19.979	100.331	20.138	12.983	0.994	899.816
318.503	384.062	80.056	19.978	100.328	20.135	13.355	1.027	899.803
319.003	384.573	80.057	19.978	100.315	20.121	14.792	1.013	899.786
319.503	385.035	80.056	19.977	100.307	20.115	15.392	0.973	899.796
320.003	385.567	80.055	19.976	100.301	20.112	15.661	0.994	899.821
320.503	386.050	80.054	19.978	100.296	20.102	16.698	1.015	899.805
321.003	386.561	80.055	19.977	100.296	20.094	17.569	0.995	899.804
321.503	387.064	80.058	19.978	100.301	20.089	18.290	1.014	899.808
322.003	387.546	80.057	19.978	100.305	20.078	19.350	0.984	899.795
322.503	388.042	80.055	19.978	100.311	20.071	20.065	0.978	899.799
323.004	388.531	80.057	19.979	100.318	20.060	21.291	0.985	899.811
323.504	389.060	80.059	19.979	100.320	20.045	22.689	1.018	899.802
324.003	389.531	80.057	19.979	100.315	20.034	23.637	0.999	899.792
324.503	390.063	80.058	19.978	100.314	20.022	24.738	1.003	899.787
325.003	390.545	80.058	19.978	100.316	20.006	26.418	1.015	899.837
325.503	391.057	80.057	19.978	100.315	19.993	27.569	0.994	899.833
326.003	391.575	80.057	19.979	100.317	19.976	29.249	1.030	899.827
326.503	392.076	80.056	19.979	100.321	19.956	31.455	1.019	899.829
327.003	392.546	80.057	19.979	100.319	19.937	33.577	0.971	899.851
327.504	393.060	80.055	19.979	100.319	19.918	35.782	0.983	899.837
328.004	393.543	80.053	19.979	100.318	19.896	38.333	0.996	899.828
328.504	394.059	80.054	19.979	100.316	19.868	41.580	0.999	899.830
329.004	394.523	80.054	19.980	100.312	19.841	44.801	0.980	899.830
329.504	395.085	80.055	19.979	100.318	19.809	48.514	1.027	899.856
330.003	395.558	80.058	19.979	100.314	19.771	52.802	1.036	899.830
330.503	396.045	80.057	19.978	100.313	19.737	56.633	0.960	899.831
331.003	396.559	80.056	19.978	100.324	19.700	60.668	1.001	899.818
331.504	397.035	80.055	19.979	100.338	19.665	64.428	0.989	899.829
332.004	397.516	80.055	19.979	100.342	19.625	68.676	0.957	899.827
332.504	398.029	80.057	19.979	100.350	19.593	72.114	0.996	899.869
333.004	398.550	80.057	19.979	100.357	19.566	74.879	1.035	899.865
333.504	399.029	80.057	19.979	100.354	19.541	77.469	0.998	899.850
334.004	399.565	80.058	19.979	100.350	19.529	78.854	1.014	899.866
334.504	400.049	80.058	19.979	100.344	19.530	78.787	1.021	899.831
335.004	400.550	80.057	19.978	100.334	19.538	77.778	0.985	899.877
335.504	401.024	80.058	19.978	100.318	19.539	77.660	0.976	899.847
336.003	401.540	80.059	19.978	100.299	19.529	78.572	0.991	899.849
336.504	402.051	80.059	19.977	100.279	19.504	81.111	1.026	899.842
337.004	402.551	80.056	19.977	100.261	19.470	84.587	1.010	899.875
337.504	403.056	80.055	19.977	100.244	19.423	89.699	1.005	899.829
338.004	403.555	80.059	19.976	100.234	19.373	95.208	1.004	899.845
338.503	404.050	80.059	19.977	100.231	19.314	101.671	0.995	899.873
339.003	404.548	80.056	19.976	100.230	19.250	108.678	0.993	899.839
339.504	405.046	80.059	19.976	100.225	19.181	116.239	0.995	899.863
340.004	405.553	80.058	19.977	100.226	19.122	122.721	1.006	899.850
340.503	406.065	80.058	19.977	100.230	19.072	128.037	1.020	899.853
341.003	406.524	80.058	19.976	100.225	19.038	131.591	0.971	899.856
341.503	407.030	80.057	19.976	100.218	19.023	133.103	0.964	899.890
342.003	407.527	80.059	19.976	100.223	19.023	133.030	1.003	899.880
342.504	408.043	80.057	19.978	100.228	19.031	131.751	1.013	899.874
343.004	408.522	80.057	19.978	100.230	19.030	131.346	0.994	899.886
343.504	409.038	80.058	19.977	100.238	19.015	132.339	0.995	899.872
344.004	409.549	80.056	19.978	100.249	18.984	135.052	1.028	899.868
344.503	410.026	80.056	19.978	100.245	18.940	139.359	0.988	899.867
345.004	410.539	80.058	19.977	100.232	18.891	144.221	0.990	899.877
345.503	411.048	80.055	19.978	100.218	18.833	150.332	1.022	899.884
346.004	411.527	80.055	19.979	100.198	18.765	157.564	0.987	899.894
346.504	412.041	80.057	19.978	100.176	18.697	165.054	0.992	899.918
347.004	412.547	80.055	19.978	100.161	18.637	171.519	1.020	899.908
347.504	413.063	80.057	19.977	100.153	18.588	176.612	1.022	899.928
348.004	413.541	80.058	19.978	100.147	18.549	180.599	0.994	899.901
348.504	414.049	80.056	19.978	100.148	18.503	185.197	0.986	899.897
349.004	414.545	80.056	19.976	100.153	18.438	191.828	1.003	899.900
349.504	415.058	80.055	19.977	100.163	18.352	200.575	1.010	899.908
350.003	415.563	80.055	19.978	100.188	18.260	210.091	1.018	899.888
350.503	416.045	80.056	19.976	100.219	18.165	219.951	0.986	899.889
351.004	416.550	80.055	19.977	100.253	18.064	230.603	0.986	899.897
351.504	417.020	80.056	19.978	100.285	17.955	242.285	0.974	899.901
352.005	417.519	80.057	19.977	100.302	17.852	253.259	0.969	899.900
352.504	418.023	80.056	19.976	100.302	17.754	263.756	1.005	899.900
353.003	418.526	80.056	19.977	100.293	17.657	273.930	1.008	899.887
353.503	419.003	80.054	19.977	100.275	17.570	283.030	0.979	899.934
354.003	419.538	80.056	19.979	100.255	17.481	292.309	1.012	899.896
354.504	420.003	80.057	19.978	100.251	17.392	301.313	1.000	899.895
355.004	420.533	80.057	19.978	100.250	17.291	311.696	0.994	899.880
355.504	420.989	80.057	19.978	100.258	17.183	322.734	0.985	899.927
356.004	421.503	80.058	19.977	100.273	17.069	334.721	0.970	899.901
356.504	421.975	80.056	19.979	100.290	16.937	348.411	0.987	899.912
357.004	422.509	80.059	19.980	100.300	16.802	362.561	1.005	899.931
357.504	423.007	80.061	19.978	100.298	16.657	377.817	1.030	899.906
358.005	423.478	80.059	19.978	100.292	16.527	391.506	0.968	899.909
358.505	424.011	80.060	19.978	100.280	16.403	404.600	1.005	899.891
359.004	424.479	80.060	19.977	100.257	16.267	418.620	1.002	899.953
359.504	424.993	80.060	19.979	100.238	16.114	434.463	0.981	899.921
360.005	425.487	80.060	19.978	100.226	15.954	451.118	1.007	899.917
360.505	425.980	80.059	19.977	100.218	15.790	468.068	0.988	899.934
361.004	426.436	80.060	19.978	100.211	15.630	484.657	0.950	899.928
361.504	426.929	80.060	19.977	100.221	15.476	500.652	0.949	899.929
362.004	427.420	80.060	19.978	100.231	15.321	516.605	0.984	899.922
362.504	427.912	80.061	19.979	100.238	15.160	533.315	0.983	899.922
363.004	428.415	80.058	19.978	100.238	14.990	550.772	0.995	899.899
363.504	428.927	80.058	19.978	100.227	14.810	569.083	1.014	899.920
364.004	429.386	80.057	19.977	100.214	14.627	587.702	0.971	899.941
364.504	429.907	80.056	19.977	100.199	14.458	605.212	0.981	899.932
365.004	430.338	80.060	19.978	100.176	14.274	624.177	0.953	899.922
365.503	430.877	80.060	19.977	100.154	14.095	642.643	0.970	899.932
366.004	431.356	80.058	19.977	100.144	13.900	662.694	1.018	899.939
366.504	431.843	80.059	19.978	100.134	13.708	682.444	0.966	899.913
367.003	432.359	80.060	19.977	100.126	13.518	701.911	1.003	899.925
367.504	432.835	80.057	19.977	100.117	13.322	721.836	0.991	899.945
368.004	433.337	80.060	19.978	100.099	13.134	740.954	0.978	899.965
368.504	433.830	80.060	19.978	100.079	12.938	760.907	0.994	899.947
369.004	434.329	80.059	19.977	100.059	12.737	781.196	0.992	899.953
369.504	434.807	80.058	19.978	100.042	12.544	800.832	0.978	899.939
370.004	435.289	80.057	19.978	100.036	12.352	820.372	0.960	899.937
370.504	435.769	80.061	19.977	100.032	12.163	839.536	0.961	899.931
371.004	436.268	80.058	19.978	100.029	11.971	858.866	0.978	899.956
371.505	436.789	80.057	19.977	100.019	11.785	877.601	1.020	899.924
372.004	437.248	80.057	19.978	99.989	11.596	896.673	0.981	899.960
372.504	437.683	80.058	19.978	99.959	11.412	915.224	0.894	899.944
373.004	438.209	80.058	19.979	99.930	11.228	933.586	0.961	899.957
373.504	438.733	80.059	19.980	99.896	11.049	951.594	1.050	899.954
374.004	439.231	80.059	19.979	99.870	10.868	969.645	1.022	899.976
374.504	439.673	80.060	19.979	99.847	10.695	986.739	0.940	899.945
375.004	440.178	80.058	19.979	99.832	10.523	1003.831	0.947	899.944
375.504	440.665	80.059	19.978	99.811	10.362	1019.892	0.992	899.954
376.004	441.183	80.060	19.979	99.793	10.206	1035.350	1.005	899.984
376.504	441.694	80.059	19.978	99.763	10.055	1050.199	1.029	899.986
377.004	442.166	80.059	19.978	99.740	9.914	1064.177	0.983	900.000
377.504	442.637	80.059	19.978	99.704	9.781	1077.282	0.943	899.972
378.004	443.120	80.057	19.978	99.676	9.655	1089.734	0.954	899.976
378.504	443.611	80.060	19.978	99.654	9.538	1101.198	0.974	899.965
379.005	444.108	80.062	19.978	99.624	9.431	1111.588	0.987	899.954
379.505	444.591	80.060	19.978	99.598	9.329	1121.683	0.980	899.984
380.004	445.073	80.060	19.977	99.575	9.246	1129.805	0.966	899.988
380.504	445.552	80.057	19.976	99.551	9.173	1136.972	0.961	899.989
381.004	446.080	80.058	19.977	99.511	9.113	1142.832	1.007	899.990
381.505	446.554	80.059	19.977	99.504	9.068	1147.129	1.002	900.016
382.005	447.047	80.058	19.977	99.489	9.040	1149.771	0.967	899.989
382.504	447.503	80.057	19.977	99.473	9.020	1151.418	0.948	899.974
383.005	448.018	80.058	19.978	99.454	9.018	1151.146	0.970	899.978
383.505	448.532	80.057	19.977	99.441	9.031	1149.752	1.030	900.004
384.005	449.002	80.059	19.977	99.421	9.058	1146.326	0.985	900.015
384.505	449.529	80.059	19.979	99.402	9.103	1141.144	0.998	900.003
385.004	450.004	80.057	19.979	99.400	9.161	1134.647	1.002	900.014
385.504	450.522	80.058	19.978	99.382	9.242	1126.035	0.993	900.010
386.004	451.018	80.059	19.978	99.383	9.336	1116.079	1.014	900.014
386.504	451.506	80.057	19.977	99.368	9.448	1104.196	0.984	900.023
387.005	452.011	80.057	19.978	99.363	9.579	1090.906	0.993	899.998
387.505	452.504	80.053	19.978	99.345	9.728	1075.997	0.997	900.029
388.005	452.977	80.054	19.977	99.354	9.890	1059.893	0.966	900.031
388.505	453.501	80.055	19.978	99.345	10.076	1041.563	0.998	899.988
389.004	453.990	80.055	19.978	99.350	10.281	1021.515	1.013	900.027
389.505	454.516	80.056	19.977	99.366	10.500	1000.033	1.015	900.032
390.004	454.993	80.057	19.979	99.414	10.732	977.166	1.003	900.032
390.504	455.496	80.058	19.978	99.467	10.990	951.579	0.980	900.004
391.004	455.997	80.056	19.978	99.500	11.257	924.739	1.004	900.028
391.504	456.499	80.056	19.978	99.602	11.542	895.789	1.002	900.031
392.005	457.038	80.058	19.977	99.700	11.837	865.463	1.041	900.040
392.505	457.546	80.060	19.978	99.783	12.144	833.712	1.048	900.053
393.004	458.021	80.057	19.978	99.878	12.469	799.858	0.984	900.032
393.504	458.541	80.059	19.977	100.004	12.793	765.660	0.995	900.082
394.004	459.031	80.057	19.977	100.051	13.131	729.852	1.010	900.052
394.504	459.554	80.056	19.977	100.096	13.473	693.702	1.013	900.079
395.005	460.064	80.060	19.977	100.119	13.815	657.280	1.032	900.064
395.504	460.557	80.059	19.978	100.125	14.161	620.267	1.003	900.071
396.004	461.102	80.058	19.978	100.118	14.509	582.876	1.038	900.090
396.504	461.604	80.057	19.977	100.099	14.849	546.368	1.047	900.065
397.005	462.123	80.054	19.977	100.079	15.188	509.752	1.021	900.098
397.505	462.633	80.057	19.977	100.072	15.523	473.084	1.029	900.063
398.005	463.099	80.057	19.978	100.081	15.846	437.465	0.976	900.080
398.505	463.634	80.053	19.978	100.124	16.169	401.884	1.001	900.073
399.004	464.155	80.057	19.977	100.206	16.473	368.313	1.056	900.068
399.504	464.689	80.058	19.977	100.301	16.771	335.336	1.054	900.062
400.005	465.141	80.057	19.977	100.404	17.055	303.758	0.985	900.065
400.505	465.680	80.058	19.977	100.515	17.325	273.956	0.992	900.092
401.005	466.216	80.059	19.978	100.646	17.581	245.706	1.076	900.104
401.504	466.716	80.058	19.978	100.780	17.821	218.828	1.036	900.079
402.004	467.238	80.059	19.978	100.910	18.046	193.267	1.022	900.073
402.504	467.776	80.059	19.977	101.044	18.258	169.141	1.060	900.092
403.004	468.259	80.061	19.977	101.166	18.451	147.162	1.021	900.067
403.504	468.798	80.060	19.978	101.273	18.635	126.468	1.022	900.080
404.004	469.320	80.058	19.979	101.377	18.795	108.562	1.061	900.088
404.505	469.790	80.057	19.978	101.502	18.941	92.517	0.991	900.104
405.005	470.293	80.055	19.978	101.649	19.075	78.477	0.973	900.126
405.504	470.823	80.056	19.978	101.802	19.199	65.831	1.034	900.099
406.004	471.342	80.059	19.978	101.923	19.308	55.275	1.049	900.105
406.504	471.865	80.058	19.978	102.031	19.408	45.700	1.042	900.103
407.005	472.380	80.058	19.979	102.128	19.498	37.164	1.037	900.111
407.505	472.856	80.056	19.978	102.211	19.579	29.649	0.990	900.107
408.005	473.369	80.055	19.979	102.289	19.647	23.750	0.990	900.136
408.504	473.844	80.058	19.979	102.372	19.711	18.490	0.988	900.153
409.005	474.370	80.055	19.980	102.463	19.765	14.384	1.001	900.110
409.504	474.881	80.054	19.980	102.553	19.813	11.399	1.038	900.152
410.005	475.402	80.056	19.979	102.636	19.854	9.367	1.032	900.162
410.505	475.897	80.054	19.979	102.714	19.894	7.441	1.015	900.127
411.005	476.403	80.056	19.979	102.780	19.923	6.597	1.001	900.161
411.505	476.854	80.057	19.977	102.813	19.956	4.911	0.958	900.159
412.005	477.391	80.058	19.979	102.810	19.980	4.036	0.988	900.106
412.504	477.918	80.058	19.978	102.777	20.003	2.810	1.064	900.160
413.005	478.408	80.058	19.978	102.718	20.028	1.501	1.017	900.149
413.505	478.927	80.057	19.978	102.656	20.047	0.772	1.008	900.154
414.005	479.393	80.059	19.978	102.597	20.061	0.483	0.985	900.172
414.504	479.917	80.055	19.977	102.541	20.077	0.083	0.990	900.197
415.005	480.400	80.057	19.978	102.475	20.089	-0.077	1.007	900.145
415.505	480.880	80.059	19.978	102.405	20.101	-0.257	0.963	900.188
416.005	481.403	80.057	19.978	102.317	20.114	-0.735	1.003	900.213
416.504	481.906	80.058	19.979	102.220	20.126	-0.987	1.026	900.216
417.004	482.416	80.059	19.979	102.094	20.133	-0.696	1.013	900.190
417.505	482.895	80.058	19.979	101.972	20.143	-0.597	0.988	900.179
418.005	483.413	80.058	19.980	101.850	20.146	0.429	0.997	900.186
418.505	483.910	80.057	19.978	101.740	20.158	0.507	1.015	900.178
419.005	484.399	80.057	19.977	101.646	20.159	1.490	0.987	900.235
419.504	484.895	80.058	19.978	101.580	20.170	1.328	0.985	900.230
420.004	485.379	80.057	19.978	101.522	20.178	1.267	0.980	900.210
420.504	485.899	80.057	19.979	101.460	20.181	1.446	1.004	900.183
421.004	486.366	80.055	19.979	101.399	20.184	1.702	0.987	900.218
421.504	486.903	80.053	19.979	101.328	20.191	1.507	1.004	900.205
422.005	487.363	80.056	19.980	101.259	20.191	1.981	0.997	900.167
422.505	487.840	80.058	19.979	101.201	20.198	1.679	0.938	900.169
423.004	488.383	80.058	19.979	101.159	20.197	2.234	1.020	900.181
423.505	488.885	80.057	19.980	101.117	20.197	2.609	1.045	900.220
424.005	489.393	80.055	19.978	101.070	20.205	2.103	1.011	900.220
424.504	489.889	80.058	19.979	101.013	20.206	2.268	1.004	900.252
425.005	490.380	80.058	19.978	100.945	20.212	1.924	0.986	900.210
425.505	490.868	80.058	19.978	100.870	20.216	1.649	0.979	900.208
426.004	491.387	80.060	19.979	100.803	20.218	1.663	1.007	900.195
426.504	491.896	80.059	19.978	100.750	20.225	1.085	1.028	900.229
427.005	492.399	80.059	19.978	100.711	20.225	1.100	1.012	900.227
427.505	492.874	80.060	19.978	100.679	20.225	1.206	0.977	900.248
428.005	493.354	80.059	19.977	100.655	20.229	1.021	0.955	900.247
428.505	493.864	80.059	19.979	100.629	20.232	0.804	0.991	900.270
429.004	494.375	80.058	19.980	100.603	20.232	1.012	1.021	900.227
429.505	494.894	80.057	19.978	100.577	20.234	0.987	1.028	900.211
430.005	495.392	80.059	19.978	100.554	20.237	0.893	1.017	900.247
430.505	495.893	80.057	19.978	100.531	20.240	0.788	1.000	900.262
431.005	496.400	80.054	19.978	100.517	20.242	0.724	1.007	900.274
431.505	496.877	80.055	19.977	100.501	20.245	0.557	0.984	900.270
432.005	497.364	80.055	19.977	100.487	20.248	0.364	0.965	900.284
432.505	497.888	80.056	19.976	100.476	20.249	0.292	1.010	900.250
433.005	498.359	80.059	19.977	100.467	20.248	0.547	0.995	900.258
433.505	498.841	80.058	19.978	100.457	20.253	0.202	0.954	900.269
434.005	499.358	80.057	19.978	100.454	20.252	0.402	0.999	900.278
434.505	499.824	80.056	19.979	100.448	20.257	0.125	0.983	900.265
435.005	500.376	80.054	19.978	100.443	20.255	0.461	1.017	900.283
435.505	500.851	80.055	19.978	100.435	20.259	0.296	1.027	900.302
436.005	501.359	80.057	19.978	100.427	20.257	0.550	0.984	900.263
436.504	501.861	80.057	19.977	100.416	20.253	0.797	1.010	900.280
437.005	502.365	80.058	19.977	100.404	20.256	0.509	1.006	900.275
437.505	502.824	80.056	19.977	100.394	20.255	0.579	0.963	900.304
438.005	503.349	80.058	19.976	100.385	20.259	0.061	0.983	900.273
438.505	503.831	80.059	19.977	100.375	20.256	0.438	1.007	900.279
439.004	504.343	80.060	19.977	100.369	20.261	-0.062	0.996	900.282
439.504	504.805	80.057	19.977	100.366	20.260	0.297	0.974	900.303
440.005	505.336	80.056	19.977	100.364	20.263	0.194	0.992	900.256
440.505	505.844	80.057	19.976	100.358	20.264	0.136	1.039	900.283
441.005	506.348	80.058	19.975	100.350	20.262	0.427	1.013	900.279
441.505	506.859	80.055	19.976	100.342	20.265	0.274	1.015	900.314
442.005	507.310	80.054	19.976	100.328	20.265	0.321	0.961	900.306
442.505	507.815	80.056	19.976	100.316	20.267	0.111	0.956	900.313
443.005	508.272	80.056	19.976	100.310	20.270	-0.222	0.963	900.274
443.505	508.804	80.057	19.976	100.311	20.269	-0.175	0.988	900.318
444.005	509.288	80.059	19.978	100.319	20.268	0.053	1.015	900.262
444.506	509.817	80.058	19.978	100.323	20.272	-0.283	1.012	900.308
445.006	510.354	80.057	19.978	100.325	20.271	-0.179	1.066	900.305
445.505	510.823	80.059	19.980	100.325	20.270	-0.102	1.007	900.250
446.004	511.325	80.058	19.978	100.324	20.271	-0.247	0.972	900.313
446.504	511.832	80.057	19.978	100.314	20.275	-0.465	1.009	900.299
447.004	512.319	80.054	19.977	100.308	20.275	-0.467	0.994	900.339
447.505	512.803	80.053	19.977	100.296	20.278	-0.929	0.971	900.321
448.005	513.292	80.054	19.978	100.290	20.276	-0.750	0.972	900.294
448.505	513.811	80.054	19.978	100.286	20.276	-0.721	1.007	900.311
449.005	514.318	80.055	19.977	100.280	20.270	-0.053	1.026	900.347
449.505	514.796	80.059	19.978	100.279	20.272	-0.345	0.986	900.320
450.005	515.335	80.056	19.977	100.284	20.275	-0.731	1.017	900.297
450.505	515.825	80.055	19.976	100.284	20.276	-0.721	1.027	900.353
451.006	516.327	80.054	19.977	100.283	20.270	-0.117	0.992	900.355
451.506	516.855	80.055	19.978	100.279	20.278	-0.859	1.030	900.294
452.006	517.336	80.056	19.978	100.273	20.275	-0.633	1.009	900.335
452.506	517.840	80.056	19.978	100.271	20.278	-1.003	0.986	900.357
453.005	518.316	80.057	19.977	100.274	20.274	-0.490	0.981	900.342
453.505	518.823	80.056	19.978	100.273	20.277	-0.713	0.983	900.338
454.005	519.329	80.056	19.978	100.268	20.275	-0.547	1.013	900.366
454.505	519.805	80.058	19.977	100.272	20.273	-0.274	0.981	900.350
455.005	520.325	80.060	19.978	100.276	20.276	-0.424	0.996	900.377
455.505	520.820	80.060	19.978	100.273	20.272	0.034	1.015	900.355
456.006	521.312	80.060	19.978	100.274	20.276	-0.343	0.987	900.375
456.505	521.820	80.058	19.978	100.280	20.275	-0.222	1.000	900.344
457.005	522.314	80.060	19.978	100.278	20.272	0.231	1.001	900.384
457.506	522.841	80.058	19.977	100.275	20.275	-0.110	1.020	900.379
458.006	523.325	80.056	19.977	100.274	20.276	-0.389	1.012	900.377
458.505	523.833	80.059	19.978	100.272	20.275	-0.263	0.993	900.373
459.005	524.334	80.058	19.977	100.275	20.278	-0.530	1.009	900.406
459.505	524.820	80.058	19.977	100.276	20.281	-0.809	0.987	900.411
460.005	525.287	80.059	19.976	100.276	20.280	-0.748	0.952	900.384
460.505	525.839	80.058	19.976	100.272	20.275	-0.153	1.019	900.356
461.005	526.262	80.058	19.977	100.269	20.276	-0.271	0.975	900.383
461.505	526.823	80.057	19.976	100.268	20.277	-0.343	0.985	900.382
462.005	527.327	80.058	19.977	100.266	20.274	0.044	1.066	900.424
462.505	527.803	80.059	19.976	100.256	20.279	-0.491	0.980	900.404
463.005	528.312	80.057	19.975	100.256	20.276	-0.218	0.986	900.449
463.505	528.794	80.055	19.976	100.257	20.275	-0.192	0.990	900.440
464.005	529.355	80.055	19.976	100.251	20.277	-0.465	1.042	900.425
464.505	529.800	80.055	19.976	100.249	20.275	-0.315	1.006	900.441
465.005	530.301	80.056	19.976	100.255	20.275	-0.393	0.945	900.437
465.505	530.812	80.059	19.975	100.258	20.276	-0.492	1.013	900.434
466.005	531.324	80.058	19.975	100.258	20.277	-0.567	1.024	900.431
466.505	531.826	80.057	19.976	100.256	20.276	-0.387	1.014	900.453
467.005	532.303	80.055	19.975	100.256	20.280	-0.811	0.978	900.442
467.506	532.813	80.056	19.975	100.255	20.279	-0.670	0.986	900.444
468.006	533.319	80.056	19.977	100.249	20.281	-0.782	1.017	900.444
468.505	533.799	80.055	19.977	100.249	20.279	-0.469	0.987	900.456
469.005	534.309	80.055	19.977	100.252	20.282	-0.745	0.989	900.425
469.506	534.795	80.057	19.977	100.247	20.279	-0.374	0.995	900.440
470.006	535.314	80.055	19.977	100.248	20.279	-0.307	1.005	900.451
470.506	535.784	80.056	19.977	100.252	20.281	-0.506	0.990	900.475
471.005	536.306	80.059	19.976	100.255	20.279	-0.287	0.992	900.476
471.505	536.824	80.058	19.976	100.259	20.279	-0.295	1.039	900.485
472.006	537.281	80.057	19.977	100.264	20.278	-0.177	0.975	900.496
472.505	537.774	80.057	19.977	100.264	20.281	-0.627	0.950	900.463
473.006	538.290	80.057	19.977	100.263	20.281	-0.622	1.008	900.470
473.506	538.805	80.059	19.979	100.260	20.282	-0.633	1.032	900.465
474.005	539.273	80.058	19.978	100.254	20.281	-0.543	0.984	900.488
474.505	539.800	80.056	19.978	100.258	20.278	-0.129	0.995	900.461
475.005	540.285	80.058	19.977	100.253	20.279	-0.368	1.011	900.489
475.505	540.770	80.058	19.977	100.251	20.277	-0.112	0.969	900.499
476.006	541.267	80.060	19.977	100.247	20.278	-0.220	0.982	900.493
476.506	541.796	80.060	19.977	100.246	20.282	-0.726	1.026	900.502
477.006	542.301	80.059	19.976	100.236	20.280	-0.479	1.034	900.483
477.505	542.800	80.059	19.977	100.236	20.281	-0.783	1.004	900.500
478.005	543.305	80.058	19.977	100.238	20.278	-0.502	1.004	900.510
478.506	543.771	80.057	19.976	100.240	20.282	-0.806	0.971	900.490
479.006	544.299	80.057	19.977	100.239	20.281	-0.678	0.994	900.502
479.506	544.783	80.056	19.976	100.241	20.279	-0.389	1.012	900.511
480.005	545.313	80.059	19.975	100.243	20.280	-0.557	1.014	900.502
480.505	545.809	80.057	19.976	100.238	20.282	-0.629	1.026	900.517
481.006	546.311	80.055	19.976	100.238	20.283	-0.659	0.998	900.534
481.506	546.765	80.057	19.977	100.241	20.280	-0.349	0.957	900.495
482.005	547.313	80.058	19.976	100.238	20.284	-0.878	1.002	900.498
482.506	547.780	80.056	19.977	100.239	20.281	-0.509	1.014	900.521
483.006	548.292	80.057	19.977	100.239	20.283	-0.776	0.980	900.560
483.505	548.791	80.057	19.977	100.236	20.284	-0.811	1.012	900.527
484.005	549.296	80.058	19.977	100.242	20.285	-1.054	1.003	900.524
484.506	549.780	80.059	19.978	100.248	20.284	-0.964	0.988	900.569
485.006	550.271	80.056	19.978	100.251	20.288	-1.345	0.975	900.522
485.506	550.761	80.058	19.978	100.255	20.285	-0.898	0.981	900.533
486.005	551.243	80.057	19.978	100.251	20.285	-0.783	0.972	900.542
486.505	551.791	80.053	19.977	100.243	20.284	-0.621	1.031	900.528
487.005	552.274	80.057	19.977	100.240	20.283	-0.405	1.031	900.548
487.506	552.771	80.057	19.977	100.240	20.281	-0.248	0.979	900.562
488.006	553.259	80.056	19.977	100.237	20.281	-0.281	0.984	900.537
488.506	553.804	80.055	19.977	100.238	20.283	-0.503	1.033	900.530
489.007	554.255	80.055	19.977	100.235	20.276	0.233	0.995	900.549
489.506	554.776	80.057	19.976	100.239	20.282	-0.345	0.972	900.535
490.006	555.248	80.055	19.978	100.235	20.281	-0.182	0.993	900.595
490.506	555.772	80.056	19.977	100.238	20.282	-0.231	0.997	900.566
491.005	556.254	80.058	19.977	100.240	20.282	-0.199	1.007	900.539
491.506	556.776	80.055	19.976	100.248	20.281	0.045	1.004	900.560
492.006	557.253	80.055	19.976	100.242	20.286	-0.509	0.999	900.572
492.506	557.776	80.057	19.977	100.241	20.282	-0.168	1.001	900.556
493.005	558.278	80.056	19.977	100.235	20.283	-0.337	1.025	900.598
493.506	558.753	80.056	19.976	100.232	20.283	-0.394	0.977	900.609
494.005	559.306	80.056	19.977	100.225	20.286	-0.775	1.028	900.566
494.506	559.778	80.054	19.977	100.223	20.285	-0.922	1.024	900.613
495.006	560.295	80.056	19.977	100.221	20.285	-0.895	0.989	900.588
495.506	560.784	80.054	19.977	100.223	20.287	-1.067	1.006	900.606
496.006	561.234	80.054	19.978	100.227	20.288	-1.168	0.939	900.586
496.506	561.774	80.057	19.977	100.227	20.288	-1.146	0.991	900.587
497.005	562.276	80.055	19.977	100.225	20.284	-0.685	1.043	900.587
497.505	562.757	80.055	19.977	100.223	20.284	-0.552	0.983	900.592
498.005	563.248	80.056	19.977	100.218	20.286	-0.798	0.971	900.582
498.506	563.760	80.054	19.977	100.212	20.283	-0.470	1.002	900.588
499.006	564.229	80.055	19.976	100.210	20.284	-0.621	0.981	900.560
499.506	564.745	80.053	19.977	100.211	20.281	-0.474	0.985	900.608
500.006	565.256	80.055	19.976	100.215	20.279	-0.230	1.027	900.609
500.506	565.741	80.056	19.976	100.221	20.282	-0.538	0.996	900.616
501.006	566.227	80.055	19.976	100.225	20.282	-0.638	0.971	900.605
501.506	566.730	80.056	19.976	100.231	20.287	-1.151	0.988	900.615
502.006	567.246	80.056	19.977	100.239	20.283	-0.691	1.019	900.599
502.506	567.752	80.054	19.976	100.237	20.285	-0.759	1.022	900.629
503.007	568.236	80.055	19.976	100.234	20.286	-0.963	0.990	900.623
503.506	568.720	80.057	19.976	100.237	20.287	-0.985	0.968	900.627
504.006	569.262	80.056	19.976	100.229	20.285	-0.807	1.026	900.611
504.506	569.761	80.056	19.976	100.226	20.287	-1.037	1.041	900.633
505.006	570.256	80.054	19.976	100.227	20.287	-0.999	0.995	900.639
505.505	570.742	80.055	19.978	100.226	20.286	-0.971	0.982	900.645
506.006	571.224	80.056	19.977	100.224	20.288	-1.137	0.968	900.610
506.506	571.749	80.052	19.978	100.233	20.288	-1.155	1.007	900.630
507.006	572.216	80.053	19.977	100.234	20.288	-1.057	0.992	900.637
507.506	572.745	80.055	19.977	100.234	20.286	-0.986	0.997	900.645
508.005	573.252	80.054	19.976	100.237	20.285	-0.892	1.037	900.625
508.505	573.758	80.054	19.976	100.237	20.284	-0.795	1.013	900.620
509.006	574.257	80.056	19.976	100.235	20.284	-0.673	1.004	900.594
509.506	574.756	80.054	19.977	100.233	20.287	-1.086	0.998	900.636
510.006	575.227	80.055	19.976	100.232	20.286	-0.937	0.970	900.631
510.506	575.706	80.054	19.976	100.231	20.285	-0.860	0.950	900.632
511.006	576.254	80.055	19.977	100.232	20.288	-1.077	1.027	900.609
511.506	576.740	80.055	19.976	100.234	20.286	-1.036	1.034	900.642
512.006	577.242	80.054	19.977	100.231	20.288	-1.266	0.988	900.673
512.506	577.722	80.055	19.977	100.234	20.290	-1.479	0.981	900.692
513.006	578.224	80.055	19.977	100.231	20.288	-1.282	0.982	900.619
513.506	578.729	80.054	19.979	100.233	20.287	-1.227	1.008	900.679
514.005	579.258	80.056	19.977	100.232	20.290	-1.338	1.034	900.648
514.505	579.735	80.055	19.978	100.233	20.289	-1.177	1.005	900.671
515.005	580.232	80.056	19.979	100.234	20.288	-0.993	0.974	900.672
515.506	580.715	80.054	19.977	100.240	20.291	-1.364	0.979	900.670
516.007	581.259	80.055	19.979	100.234	20.289	-0.986	1.027	900.651
516.506	581.743	80.056	19.978	100.232	20.289	-1.037	1.028	900.658
517.006	582.256	80.055	19.977	100.235	20.287	-0.787	0.997	900.697
517.506	582.753	80.052	19.978	100.232	20.286	-0.764	1.010	900.680
518.006	583.221	80.054	19.978	100.228	20.289	-1.112	0.965	900.659
518.506	583.734	80.055	19.977	100.235	20.282	-0.429	0.982	900.687
519.006	584.254	80.054	19.977	100.239	20.288	-1.217	1.033	900.714
519.506	584.752	80.058	19.976	100.238	20.288	-1.143	1.018	900.648
520.006	585.263	80.056	19.977	100.240	20.289	-1.378	1.008	900.705
520.506	585.711	80.057	19.978	100.242	20.291	-1.435	0.959	900.706
521.006	586.241	80.057	19.977	100.238	20.292	-1.399	0.979	900.712
521.506	586.745	80.056	19.977	100.231	20.293	-1.452	1.034	900.695
522.006	587.247	80.058	19.978	100.227	20.289	-0.965	1.005	900.697
522.507	587.748	80.058	19.977	100.226	20.291	-1.183	1.003	900.706
523.006	588.222	80.055	19.977	100.223	20.289	-0.865	0.975	900.685
523.506	588.722	80.056	19.978	100.219	20.288	-0.892	0.974	900.678
524.006	589.245	80.055	19.978	100.225	20.283	-0.357	1.023	900.730
524.506	589.755	80.054	19.977	100.221	20.285	-0.612	1.032	900.702
525.006	590.251	80.057	19.976	100.221	20.288	-0.835	1.006	900.714
525.506	590.717	80.057	19.977	100.225	20.287	-0.852	0.962	900.694
526.006	591.250	80.055	19.978	100.231	20.290	-1.132	0.998	900.726
526.506	591.694	80.055	19.978	100.233	20.290	-1.243	0.977	900.730
527.006	592.200	80.054	19.977	100.242	20.289	-1.389	0.951	900.715
527.506	592.704	80.056	19.978	100.241	20.289	-1.292	1.010	900.701
528.006	593.213	80.055	19.977	100.231	20.286	-1.040	1.012	900.725
528.506	593.705	80.054	19.977	100.220	20.289	-1.225	1.001	900.709
529.006	594.199	80.056	19.979	100.216	0.000	0.000	0.987	900.714
529.506	594.732	80.054	19.978	100.215	0.000	0.000	1.028	900.717
530.006	595.204	80.055	19.978	100.217	0.000	0.000	1.004	900.704
530.506	595.687	80.058	19.978	100.220	0.000	0.000	0.955	900.722
531.006	596.212	80.057	19.977	100.225	0.000	0.000	1.009	900.740
531.505	596.696	80.056	19.978	100.218	0.000	0.000	1.009	900.730
532.006	597.206	80.055	19.978	100.218	0.000	0.000	0.994	900.754
532.506	597.717	80.054	19.978	100.216	0.000	0.000	1.021	900.731
533.006	598.215	80.054	19.979	100.225	0.000	0.000	1.009	900.746
533.506	598.694	80.054	19.977	100.223	0.000	0.000	0.976	900.762
534.006	599.180	80.055	19.978	100.235	0.000	0.000	0.965	900.750
534.506	599.696	80.055	19.979	100.239	0.000	0.000	1.003	900.739
535.006	600.177	80.054	19.978	100.239	0.000	0.000	0.998	900.730
535.506	600.654	80.056	19.978	100.234	0.000	0.000	0.958	900.744
536.005	601.195	80.057	19.977	100.236	0.000	0.000	1.017	900.730
536.506	601.721	80.056	19.976	100.230	0.000	0.000	1.066	900.796
537.006	602.164	80.055	19.977	100.229	0.000	0.000	0.969	900.764
537.506	602.674	80.053	19.977	100.223	0.000	0.000	0.953	900.726
538.006	603.187	80.054	19.977	100.219	0.000	0.000	1.022	900.758
538.506	603.670	80.055	19.977	100.222	0.000	0.000	0.997	900.721
